-1.150000000000000000e+01 5.254848364246198500e-01
-1.050000000000000000e+01 1.191329788578866788e-01
-1.050000000000000000e+01 9.084975421716866562e-01
-9.500000000000000000e+00 1.591403878099884386e-02
-9.500000000000000000e+00 5.381810508564648377e-01
-9.500000000000000000e+00 9.894437788158683134e-01
-8.500000000000000000e+00 1.798102337011597439e-03
-8.500000000000000000e+00 1.637603457577613553e-01
-8.500000000000000000e+00 8.833814149109822100e-01
-8.500000000000000000e+00 9.989452818516947330e-01
-7.500000000000000000e+00 2.013562924774639615e-04
-7.500000000000000000e+00 3.004658617233268991e-02
-7.500000000000000000e+00 5.515556315456729974e-01
-7.500000000000000000e+00 9.820415967664312129e-01
-7.500000000000000000e+00 9.998950437162008598e-01
-6.500000000000000000e+00 2.358413335583929365e-05
-6.500000000000000000e+00 4.467076946198962444e-03
-6.500000000000000000e+00 1.968771773166419214e-01
-6.500000000000000000e+00 8.723944697160810335e-01
-6.500000000000000000e+00 9.977062919704964283e-01
-6.500000000000000000e+00 9.999891364357245127e-01
-5.500000000000000000e+00 2.957886908017042335e-06
-5.500000000000000000e+00 6.364429000188433910e-04
-5.500000000000000000e+00 4.453106658785368349e-02
-5.500000000000000000e+00 5.687093504234670416e-01
-5.500000000000000000e+00 9.768722989419488245e-01
-5.500000000000000000e+00 9.997190128437959400e-01
-5.500000000000000000e+00 9.999988103292707375e-01
-4.500000000000000000e+00 4.018628684091683187e-07
-4.500000000000000000e+00 9.278283854983326992e-05
-4.500000000000000000e+00 8.136726219136100266e-03
-4.500000000000000000e+00 2.296972588263869741e-01
-4.500000000000000000e+00 8.695492584371921074e-01
-4.500000000000000000e+00 9.965478845364028615e-01
-4.500000000000000000e+00 9.999653126447474172e-01
-4.500000000000000000e+00 9.999998614642572337e-01
-3.500000000000000000e+00 5.918151049698374011e-08
-3.500000000000000000e+00 1.416393687436397828e-05
-3.500000000000000000e+00 1.402252428011686522e-03
-3.500000000000000000e+00 6.158665308790400167e-02
-3.500000000000000000e+00 5.934897089127003644e-01
-3.500000000000000000e+00 9.740505303247527502e-01
-3.500000000000000000e+00 9.995187257063828934e-01
-3.500000000000000000e+00 9.999956399870377766e-01
-3.500000000000000000e+00 9.999999829919197225e-01
-2.500000000000000000e+00 9.290300881354300893e-09
-2.500000000000000000e+00 2.256220571028195897e-06
-2.500000000000000000e+00 2.407518608003110083e-04
-2.500000000000000000e+00 1.330270336544664596e-02
-2.500000000000000000e+00 2.688681630503834685e-01
-2.500000000000000000e+00 8.754070280316904595e-01
-2.500000000000000000e+00 9.958141887625239219e-01
-2.500000000000000000e+00 9.999355874758617535e-01
-2.500000000000000000e+00 9.999994535534894036e-01
-2.500000000000000000e+00 9.999999978707886372e-01
-1.500000000000000000e+00 1.480525607495589659e-09
-1.500000000000000000e+00 3.611612570819391546e-07
-1.500000000000000000e+00 4.088537886708693990e-05
-1.500000000000000000e+00 2.610696020916304736e-03
-1.500000000000000000e+00 8.331458439132072291e-02
-1.500000000000000000e+00 6.311784773192773423e-01
-1.500000000000000000e+00 9.748173768882623103e-01
-1.500000000000000000e+00 9.994062885359465964e-01
-1.500000000000000000e+00 9.999920255622791743e-01
-1.500000000000000000e+00 9.999999364564743365e-01
-1.500000000000000000e+00 9.999999997509595451e-01
-5.000000000000000000e-01 2.141052173302398617e-10
-5.000000000000000000e-01 5.277048542492325751e-08
-5.000000000000000000e-01 6.432299008787454365e-06
-5.000000000000000000e-01 4.693300239251807461e-04
-5.000000000000000000e-01 1.994745642979774483e-02
-5.000000000000000000e-01 3.181726406807934837e-01
-5.000000000000000000e-01 8.924377217880301583e-01
-5.000000000000000000e-01 9.961057362927763226e-01
-5.000000000000000000e-01 9.999285793050231019e-01
-5.000000000000000000e-01 9.999991882026072476e-01
-5.000000000000000000e-01 9.999999943139260550e-01
-5.000000000000000000e-01 9.999999999786496341e-01
5.000000000000000000e-01 2.135032825866264873e-11
5.000000000000000000e-01 5.686073912266593823e-09
5.000000000000000000e-01 8.117973927143646838e-07
5.000000000000000000e-01 7.142069497686563803e-05
5.000000000000000000e-01 3.894263707223714725e-03
5.000000000000000000e-01 1.075622782119698556e-01
5.000000000000000000e-01 6.818273593192064608e-01
5.000000000000000000e-01 9.800525435702022170e-01
5.000000000000000000e-01 9.995306699760748703e-01
5.000000000000000000e-01 9.999935677009912371e-01
5.000000000000000000e-01 9.999999472295145742e-01
5.000000000000000000e-01 9.999999997858948220e-01
1.500000000000000000e+00 2.490404010075147476e-10
1.500000000000000000e+00 6.354352571378051711e-08
1.500000000000000000e+00 7.974437720770369555e-06
1.500000000000000000e+00 5.937114640533805963e-04
1.500000000000000000e+00 2.518262311173772444e-02
1.500000000000000000e+00 3.688215226807227132e-01
1.500000000000000000e+00 9.166854156086792216e-01
1.500000000000000000e+00 9.973893039790836523e-01
1.500000000000000000e+00 9.999591146211329606e-01
1.500000000000000000e+00 9.999996388387428770e-01
1.500000000000000000e+00 9.999999985194744090e-01
2.500000000000000000e+00 2.129211353411712587e-09
2.500000000000000000e+00 5.464465106447832033e-07
2.500000000000000000e+00 6.441252413825301513e-05
2.500000000000000000e+00 4.185811237476031246e-03
2.500000000000000000e+00 1.245929719683095405e-01
2.500000000000000000e+00 7.311318369496164760e-01
2.500000000000000000e+00 9.866972966345533003e-01
2.500000000000000000e+00 9.997592481391996966e-01
2.500000000000000000e+00 9.999977437794289603e-01
2.500000000000000000e+00 9.999999907096991381e-01
3.500000000000000000e+00 1.700808032897579932e-08
3.500000000000000000e+00 4.360012962200609571e-06
3.500000000000000000e+00 4.812742936170636733e-04
3.500000000000000000e+00 2.594946967524719428e-02
3.500000000000000000e+00 4.065102910872996911e-01
3.500000000000000000e+00 9.384133469120959914e-01
3.500000000000000000e+00 9.985977475719882701e-01
3.500000000000000000e+00 9.999858360631256327e-01
3.500000000000000000e+00 9.999999408184895300e-01
4.500000000000000000e+00 1.385357427436599952e-07
4.500000000000000000e+00 3.468735525253335210e-05
4.500000000000000000e+00 3.452115463597117250e-03
4.500000000000000000e+00 1.304507415628078926e-01
4.500000000000000000e+00 7.703027411736129704e-01
4.500000000000000000e+00 9.918632737808639188e-01
4.500000000000000000e+00 9.999072171614501459e-01
4.500000000000000000e+00 9.999995981371315734e-01
5.500000000000000000e+00 1.189670729216341779e-06
5.500000000000000000e+00 2.809871562040336607e-04
5.500000000000000000e+00 2.312770105805114773e-02
5.500000000000000000e+00 4.312906495765330139e-01
5.500000000000000000e+00 9.554689334121463373e-01
5.500000000000000000e+00 9.993635570999811479e-01
5.500000000000000000e+00 9.999970421130920384e-01
6.500000000000000000e+00 1.086356427550934691e-05
6.500000000000000000e+00 2.293708029503615034e-03
6.500000000000000000e+00 1.276055302839189665e-01
6.500000000000000000e+00 8.031228226833581063e-01
6.500000000000000000e+00 9.955329230538010332e-01
6.500000000000000000e+00 9.999764158666442082e-01
7.500000000000000000e+00 1.049562837991633310e-04
7.500000000000000000e+00 1.795840323356879403e-02
7.500000000000000000e+00 4.484443684543269470e-01
7.500000000000000000e+00 9.699534138276673101e-01
7.500000000000000000e+00 9.997986437075225830e-01
8.500000000000000000e+00 1.054718148305285432e-03
8.500000000000000000e+00 1.166185850890178038e-01
8.500000000000000000e+00 8.362396542422386725e-01
8.500000000000000000e+00 9.982018976629883911e-01
9.500000000000000000e+00 1.055622118413167797e-02
9.500000000000000000e+00 4.618189491435351623e-01
9.500000000000000000e+00 9.840859612190011596e-01
1.050000000000000000e+01 9.150245782831334385e-02
1.050000000000000000e+01 8.808670211421133489e-01
1.150000000000000000e+01 4.745151635753802055e-01
