-2.550000000000000000e+01 5.083719670906294841e-01
-2.450000000000000000e+01 1.073759391253531620e-01
-2.450000000000000000e+01 9.013291100523174171e-01
-2.350000000000000000e+01 1.301155602685890623e-02
-2.350000000000000000e+01 5.117794118402027026e-01
-2.350000000000000000e+01 9.885492418903908396e-01
-2.250000000000000000e+01 1.298383394066105661e-03
-2.250000000000000000e+01 1.422588924631731644e-01
-2.250000000000000000e+01 8.714646454985431889e-01
-2.250000000000000000e+01 9.988943603969880902e-01
-2.150000000000000000e+01 1.237265102339226591e-04
-2.150000000000000000e+01 2.298782125115735736e-02
-2.150000000000000000e+01 5.146389112936736732e-01
-2.150000000000000000e+01 9.801732147981121468e-01
-2.150000000000000000e+01 9.998975991019273257e-01
-2.050000000000000000e+01 1.178290491714198753e-05
-2.050000000000000000e+01 2.913002373616720500e-03
-2.050000000000000000e+01 1.632937550326544474e-01
-2.050000000000000000e+01 8.548790415397581333e-01
-2.050000000000000000e+01 9.975743443653117826e-01
-2.050000000000000000e+01 9.999905053281219480e-01
-1.950000000000000000e+01 1.141910622070878042e-06
-1.950000000000000000e+01 3.391762753421109886e-04
-1.950000000000000000e+01 3.128069127692831297e-02
-1.950000000000000000e+01 5.174532717558668615e-01
-1.950000000000000000e+01 9.735819341239005942e-01
-1.950000000000000000e+01 9.997259685165673648e-01
-1.950000000000000000e+01 9.999991035128176220e-01
-1.850000000000000000e+01 1.137810868076919453e-07
-1.850000000000000000e+01 3.850634526055064549e-05
-1.850000000000000000e+01 4.662217600129320988e-03
-1.850000000000000000e+01 1.789545118717880690e-01
-1.850000000000000000e+01 8.437093895439625735e-01
-1.850000000000000000e+01 9.962110365968408487e-01
-1.850000000000000000e+01 9.999697655865982249e-01
-1.850000000000000000e+01 9.999999129595198433e-01
-1.750000000000000000e+01 1.174324604827933150e-08
-1.750000000000000000e+01 4.375568852746754586e-06
-1.750000000000000000e+01 6.298463941061258672e-04
-1.750000000000000000e+01 3.867422590847775787e-02
-1.750000000000000000e+01 5.204512180496778662e-01
-1.750000000000000000e+01 9.680813013775723119e-01
-1.750000000000000000e+01 9.995046702565274499e-01
-1.750000000000000000e+01 9.999966599152132485e-01
-1.750000000000000000e+01 9.999999912488007903e-01
-1.650000000000000000e+01 1.263205383100718497e-09
-1.650000000000000000e+01 5.054015427457464889e-07
-1.650000000000000000e+01 8.215927256969330782e-05
-1.650000000000000000e+01 6.525314650056996020e-03
-1.650000000000000000e+01 1.920696020380100455e-01
-1.650000000000000000e+01 8.354700114609761030e-01
-1.650000000000000000e+01 9.948403787895065964e-01
-1.650000000000000000e+01 9.999373772055371035e-01
-1.650000000000000000e+01 9.999996250255794861e-01
-1.650000000000000000e+01 9.999999990834855801e-01
-1.550000000000000000e+01 1.424256404119248651e-10
-1.550000000000000000e+01 6.000197172100663162e-08
-1.550000000000000000e+01 1.065605932889373261e-05
-1.550000000000000000e+01 9.941259286774131818e-04
-1.550000000000000000e+01 4.565272365447853309e-02
-1.550000000000000000e+01 5.238232094883338297e-01
-1.550000000000000000e+01 9.632993756214307535e-01
-1.550000000000000000e+01 9.992421943926367289e-01
-1.550000000000000000e+01 9.999921278415874193e-01
-1.550000000000000000e+01 9.999999567609999529e-01
-1.550000000000000000e+01 9.999999998994728578e-01
-1.450000000000000000e+01 1.692477005331573775e-11
-1.450000000000000000e+01 7.388420030759996941e-09
-1.450000000000000000e+01 1.398893016478425103e-06
-1.450000000000000000e+01 1.458424908902771074e-04
-1.450000000000000000e+01 8.536686349432151544e-03
-1.450000000000000000e+01 2.040093772822544615e-01
-1.450000000000000000e+01 8.291180465825426227e-01
-1.450000000000000000e+01 9.934630539026209073e-01
-1.450000000000000000e+01 9.998926650654896831e-01
-1.450000000000000000e+01 9.999989991280554547e-01
-1.450000000000000000e+01 9.999999948339900468e-01
-1.450000000000000000e+01 9.999999999883912860e-01
-1.350000000000000000e+01 2.131515534760943709e-12
-1.350000000000000000e+01 9.511961910410994127e-10
-1.350000000000000000e+01 1.883270800021266237e-07
-1.350000000000000000e+01 2.124894128195108596e-05
-1.350000000000000000e+01 1.442761800343264622e-03
-1.350000000000000000e+01 5.258575420543339790e-02
-1.350000000000000000e+01 5.277940702549145380e-01
-1.350000000000000000e+01 9.590243819596601105e-01
-1.350000000000000000e+01 9.989404687223758517e-01
-1.350000000000000000e+01 9.999849087248546819e-01
-1.350000000000000000e+01 9.999998696685030719e-01
-1.350000000000000000e+01 9.999999993555748201e-01
-1.350000000000000000e+01 9.999999999985811350e-01
-1.250000000000000000e+01 2.861146140406012389e-13
-1.250000000000000000e+01 1.289958242578227751e-10
-1.250000000000000000e+01 2.628353719951761839e-08
-1.250000000000000000e+01 3.134101369278750472e-06
-1.250000000000000000e+01 2.351122590830077819e-04
-1.250000000000000000e+01 1.076744916061320341e-02
-1.250000000000000000e+01 2.156644053050870424e-01
-1.250000000000000000e+01 8.241834525163505010e-01
-1.250000000000000000e+01 9.920697692205512341e-01
-1.250000000000000000e+01 9.998342120819224688e-01
-1.250000000000000000e+01 9.999978551391408566e-01
-1.250000000000000000e+01 9.999999824366831991e-01
-1.250000000000000000e+01 9.999999999154642882e-01
-1.250000000000000000e+01 9.999999999998154809e-01
-1.150000000000000000e+01 4.116938664497198796e-14
-1.150000000000000000e+01 1.856236595366819289e-11
-1.150000000000000000e+01 3.839515694397743388e-09
-1.150000000000000000e+01 4.747522558862533391e-07
-1.150000000000000000e+01 3.814080794282479598e-05
-1.150000000000000000e+01 2.000444269810785353e-03
-1.150000000000000000e+01 5.983081851017523628e-02
-1.150000000000000000e+01 5.326838552970785123e-01
-1.150000000000000000e+01 9.551420710580079687e-01
-1.150000000000000000e+01 9.985973957729663564e-01
-1.150000000000000000e+01 9.999742085934297808e-01
-1.150000000000000000e+01 9.999996876040460059e-01
-1.150000000000000000e+01 9.999999975281156361e-01
-1.150000000000000000e+01 9.999999999882570600e-01
-1.150000000000000000e+01 9.999999999999743538e-01
-1.050000000000000000e+01 6.412378574346598878e-15
-1.050000000000000000e+01 2.854906404070542811e-12
-1.050000000000000000e+01 5.923603015586906551e-10
-1.050000000000000000e+01 7.475776300232821632e-08
-1.050000000000000000e+01 6.284574182950867840e-06
-1.050000000000000000e+01 3.598179560774637407e-04
-1.050000000000000000e+01 1.333345354408247384e-02
-1.050000000000000000e+01 2.278141198462163008e-01
-1.050000000000000000e+01 8.205195710755214256e-01
-1.050000000000000000e+01 9.906520364635792442e-01
-1.050000000000000000e+01 9.997596863373501286e-01
-1.050000000000000000e+01 9.999959352072059771e-01
-1.050000000000000000e+01 9.999999528362346624e-01
-1.050000000000000000e+01 9.999999996335647845e-01
-1.050000000000000000e+01 9.999999999982607246e-01
-1.050000000000000000e+01 9.999999999999961142e-01
-9.500000000000000000e+00 1.078420661316292871e-15
-9.500000000000000000e+00 4.727207925478767355e-13
-9.500000000000000000e+00 9.735165607169943845e-11
-9.500000000000000000e+00 1.237038307310040804e-08
-9.500000000000000000e+00 1.068102090938070937e-06
-9.500000000000000000e+00 6.474971228315641993e-05
-9.500000000000000000e+00 2.712371570804487323e-03
-9.500000000000000000e+00 6.781979296632967280e-02
-9.500000000000000000e+00 5.390013266332649433e-01
-9.500000000000000000e+00 9.516247396219400523e-01
-9.500000000000000000e+00 9.982090565276482419e-01
-9.500000000000000000e+00 9.999589158954641510e-01
-9.500000000000000000e+00 9.999993416419050707e-01
-9.500000000000000000e+00 9.999999925441360737e-01
-9.500000000000000000e+00 9.999999999423218044e-01
-9.500000000000000000e+00 9.999999999997234434e-01
-9.500000000000000000e+00 9.999999999999993339e-01
-8.500000000000000000e+00 2.008230386461958124e-16
-8.500000000000000000e+00 8.487850868314478829e-14
-8.500000000000000000e+00 1.718484326735895542e-11
-8.500000000000000000e+00 2.172640464802593305e-09
-8.500000000000000000e+00 1.896933333540229991e-07
-8.500000000000000000e+00 1.190343705440040622e-05
-8.500000000000000000e+00 5.375233135291801944e-04
-8.500000000000000000e+00 1.642304464281600651e-02
-8.500000000000000000e+00 2.413657040062640313e-01
-8.500000000000000000e+00 8.182705399549925485e-01
-8.500000000000000000e+00 9.892150819061206191e-01
-8.500000000000000000e+00 9.996660085695575626e-01
-8.500000000000000000e+00 9.999928573849472535e-01
-8.500000000000000000e+00 9.999998891016460556e-01
-8.500000000000000000e+00 9.999999987544566649e-01
-8.500000000000000000e+00 9.999999999902858816e-01
-8.500000000000000000e+00 9.999999999999524825e-01
-8.500000000000000000e+00 9.999999999999998890e-01
-7.500000000000000000e+00 6.960667776131411198e-17
-7.500000000000000000e+00 1.663737707742864271e-14
-7.500000000000000000e+00 3.283924060932883235e-12
-7.500000000000000000e+00 4.087724638893468102e-10
-7.500000000000000000e+00 3.561014533694289952e-08
-7.500000000000000000e+00 2.271514981720003210e-06
-7.500000000000000000e+00 1.073182425730516567e-04
-7.500000000000000000e+00 3.658673130088929085e-03
-7.500000000000000000e+00 7.717349743469571755e-02
-7.500000000000000000e+00 5.476228474949614844e-01
-7.500000000000000000e+00 9.485700737819606765e-01
-7.500000000000000000e+00 9.977744509916842697e-01
-7.500000000000000000e+00 9.999375751802304091e-01
-7.500000000000000000e+00 9.999987191360590888e-01
-7.500000000000000000e+00 9.999999803727361858e-01
-7.500000000000000000e+00 9.999999997782927919e-01
-7.500000000000000000e+00 9.999999999982369658e-01
-7.500000000000000000e+00 9.999999999999911182e-01
-7.500000000000000000e+00 1.000000000000000000e+00
-6.500000000000000000e+00 2.744319912148384080e-17
-6.500000000000000000e+00 3.594387270503109567e-15
-6.500000000000000000e+00 6.840991873220514769e-13
-6.500000000000000000e+00 8.306565640920459811e-11
-6.500000000000000000e+00 7.137018024622157153e-09
-6.500000000000000000e+00 4.558735221734342141e-07
-6.500000000000000000e+00 2.204747771480095909e-05
-6.500000000000000000e+00 8.001522406827737792e-04
-6.500000000000000000e+00 2.035349255286177800e-02
-6.500000000000000000e+00 2.576351452441307810e-01
-6.500000000000000000e+00 8.180020973042180232e-01
-6.500000000000000000e+00 9.878091677661238190e-01
-6.500000000000000000e+00 9.995508723950622398e-01
-6.500000000000000000e+00 9.999880937132067382e-01
-6.500000000000000000e+00 9.999997604325179257e-01
-6.500000000000000000e+00 9.999999963193476615e-01
-6.500000000000000000e+00 9.999999999576560938e-01
-6.500000000000000000e+00 9.999999999996530553e-01
-6.500000000000000000e+00 9.999999999999981126e-01
-6.500000000000000000e+00 1.000000000000000000e+00
-5.500000000000000000e+00 1.025246487828269747e-17
-5.500000000000000000e+00 8.663205043983426425e-16
-5.500000000000000000e+00 1.561792329962765537e-13
-5.500000000000000000e+00 1.834738051915907011e-11
-5.500000000000000000e+00 1.539296018077618093e-09
-5.500000000000000000e+00 9.721963934232794916e-08
-5.500000000000000000e+00 4.731677946756874114e-06
-5.500000000000000000e+00 1.776241474222444480e-04
-5.500000000000000000e+00 4.981498785937352528e-03
-5.500000000000000000e+00 8.888936855698725825e-02
-5.500000000000000000e+00 5.601543404050033370e-01
-5.500000000000000000e+00 9.463323646925412280e-01
-5.500000000000000000e+00 9.973106152592823292e-01
-5.500000000000000000e+00 9.999089458767258520e-01
-5.500000000000000000e+00 9.999976549437097351e-01
-5.500000000000000000e+00 9.999999529002354670e-01
-5.500000000000000000e+00 9.999999992643772151e-01
-5.500000000000000000e+00 9.999999999912811965e-01
-5.500000000000000000e+00 9.999999999999257261e-01
-5.500000000000000000e+00 9.999999999999995559e-01
-5.500000000000000000e+00 1.000000000000000000e+00
-4.500000000000000000e+00 7.688857788771657790e-18
-4.500000000000000000e+00 2.305540052257824316e-16
-4.500000000000000000e+00 3.915864051694221019e-14
-4.500000000000000000e+00 4.418256780426356874e-12
-4.500000000000000000e+00 3.588305448747462319e-10
-4.500000000000000000e+00 2.217451816453596497e-08
-4.500000000000000000e+00 1.071500095714472562e-06
-4.500000000000000000e+00 4.078630531328693282e-05
-4.500000000000000000e+00 1.205040988825380622e-03
-4.500000000000000000e+00 2.566377784634978759e-02
-4.500000000000000000e+00 2.787828671324089069e-01
-4.500000000000000000e+00 8.210782253898242233e-01
-4.500000000000000000e+00 9.866171960612972747e-01
-4.500000000000000000e+00 9.994196922751247270e-01
-4.500000000000000000e+00 9.999812073256019174e-01
-4.500000000000000000e+00 9.999995202510401082e-01
-4.500000000000000000e+00 9.999999902386828010e-01
-4.500000000000000000e+00 9.999999998430991743e-01
-4.500000000000000000e+00 9.999999999980634380e-01
-4.500000000000000000e+00 9.999999999999826805e-01
-4.500000000000000000e+00 9.999999999999998890e-01
-4.500000000000000000e+00 1.000000000000000000e+00
-3.500000000000000000e+00 3.027984861204382247e-18
-3.500000000000000000e+00 7.018852817779480588e-17
-3.500000000000000000e+00 1.074394433239966440e-14
-3.500000000000000000e+00 1.156386349651685065e-12
-3.500000000000000000e+00 9.022243715138353004e-11
-3.500000000000000000e+00 5.408041765542086377e-09
-3.500000000000000000e+00 2.567634347543476843e-07
-3.500000000000000000e+00 9.772334798412938553e-06
-3.500000000000000000e+00 2.965342851290049238e-04
-3.500000000000000000e+00 6.915420489447709172e-03
-3.500000000000000000e+00 1.045832958493267822e-01
-3.500000000000000000e+00 5.795686178939561950e-01
-3.500000000000000000e+00 9.458481072812114920e-01
-3.500000000000000000e+00 9.969009840865945549e-01
-3.500000000000000000e+00 9.998752751242806491e-01
-3.500000000000000000e+00 9.999960443767833551e-01
-3.500000000000000000e+00 9.999998984095116450e-01
-3.500000000000000000e+00 9.999999978803885137e-01
-3.500000000000000000e+00 9.999999999645420301e-01
-3.500000000000000000e+00 9.999999999995392574e-01
-3.500000000000000000e+00 9.999999999999956701e-01
-3.500000000000000000e+00 1.000000000000000000e+00
-3.500000000000000000e+00 1.000000000000000000e+00
-2.500000000000000000e+00 7.333687882976608712e-18
-2.500000000000000000e+00 2.617662329139543097e-17
-2.500000000000000000e+00 3.186272777257853521e-15
-2.500000000000000000e+00 3.243193242341118245e-13
-2.500000000000000000e+00 2.412989130099990327e-11
-2.500000000000000000e+00 1.392822138647400233e-09
-2.500000000000000000e+00 6.449377140811976860e-08
-2.500000000000000000e+00 2.432697251192020992e-06
-2.500000000000000000e+00 7.475724203238046832e-05
-2.500000000000000000e+00 1.834606728982565845e-03
-2.500000000000000000e+00 3.312350328957023443e-02
-2.500000000000000000e+00 3.081809003079507558e-01
-2.500000000000000000e+00 8.303042093502278620e-01
-2.500000000000000000e+00 9.861669512203947718e-01
-2.500000000000000000e+00 9.993102160425925140e-01
-2.500000000000000000e+00 9.999734100729904540e-01
-2.500000000000000000e+00 9.999991634692291242e-01
-2.500000000000000000e+00 9.999999781855520853e-01
-2.500000000000000000e+00 9.999999995289607924e-01
-2.500000000000000000e+00 9.999999999917118521e-01
-2.500000000000000000e+00 9.999999999998852029e-01
-2.500000000000000000e+00 9.999999999999987788e-01
-2.500000000000000000e+00 1.000000000000000000e+00
-2.500000000000000000e+00 1.000000000000000000e+00
-1.500000000000000000e+00 1.552780735573272333e-17
-1.500000000000000000e+00 2.328464032768292445e-17
-1.500000000000000000e+00 1.000303354236962744e-15
-1.500000000000000000e+00 9.416836423602197845e-14
-1.500000000000000000e+00 6.623338392420267189e-12
-1.500000000000000000e+00 3.657878671943699447e-10
-1.500000000000000000e+00 1.645097843730876650e-08
-1.500000000000000000e+00 6.132219840738284820e-07
-1.500000000000000000e+00 1.900209627678618060e-05
-1.500000000000000000e+00 4.835117117621720410e-04
-1.500000000000000000e+00 9.667271392606544347e-03
-1.500000000000000000e+00 1.260443418499401502e-01
-1.500000000000000000e+00 6.102519835159495587e-01
-1.500000000000000000e+00 9.490542059199534863e-01
-1.500000000000000000e+00 9.968030827602645250e-01
-1.500000000000000000e+00 9.998536192870380868e-01
-1.500000000000000000e+00 9.999945530739655641e-01
-1.500000000000000000e+00 9.999998300401342632e-01
-1.500000000000000000e+00 9.999999955016191100e-01
-1.500000000000000000e+00 9.999999998991286887e-01
-1.500000000000000000e+00 9.999999999981143972e-01
-1.500000000000000000e+00 9.999999999999716893e-01
-1.500000000000000000e+00 9.999999999999996669e-01
-1.500000000000000000e+00 1.000000000000000000e+00
-1.500000000000000000e+00 1.000000000000000000e+00
-5.000000000000000000e-01 4.760445771756193004e-18
-5.000000000000000000e-01 2.189743293114702416e-17
-5.000000000000000000e-01 3.048990724614256422e-16
-5.000000000000000000e-01 2.629679950710505970e-14
-5.000000000000000000e-01 1.725076195184946095e-12
-5.000000000000000000e-01 9.065167158926831435e-11
-5.000000000000000000e-01 3.968570248494887959e-09
-5.000000000000000000e-01 1.472603814494382383e-07
-5.000000000000000000e-01 4.641334676539761514e-06
-5.000000000000000000e-01 1.229708124016153504e-04
-5.000000000000000000e-01 2.661188442551976497e-03
-5.000000000000000000e-01 4.273772241317336240e-02
-5.000000000000000000e-01 3.479951825725604020e-01
-5.000000000000000000e-01 8.490668865385542219e-01
-5.000000000000000000e-01 9.874304669582187888e-01
-5.000000000000000000e-01 9.993296010147364461e-01
-5.000000000000000000e-01 9.999716999132660655e-01
-5.000000000000000000e-01 9.999990016634883183e-01
-5.000000000000000000e-01 9.999999698907541257e-01
-5.000000000000000000e-01 9.999999992133986604e-01
-5.000000000000000000e-01 9.999999999820718966e-01
-5.000000000000000000e-01 9.999999999996448397e-01
-5.000000000000000000e-01 9.999999999999941158e-01
-5.000000000000000000e-01 9.999999999999998890e-01
-5.000000000000000000e-01 1.000000000000000000e+00
-5.000000000000000000e-01 1.000000000000000000e+00
5.000000000000000000e-01 3.843728486658956703e-18
5.000000000000000000e-01 2.011788954872035262e-17
5.000000000000000000e-01 8.661722152097979542e-17
5.000000000000000000e-01 5.924163026513143936e-15
5.000000000000000000e-01 3.551871914033652111e-13
5.000000000000000000e-01 1.792813683308855267e-11
5.000000000000000000e-01 7.866013128166493475e-10
5.000000000000000000e-01 3.010924583225259008e-08
5.000000000000000000e-01 9.983365117277569714e-07
5.000000000000000000e-01 2.830008673390357107e-05
5.000000000000000000e-01 6.703989852635887066e-04
5.000000000000000000e-01 1.256953304178119908e-02
5.000000000000000000e-01 1.509331134614457504e-01
5.000000000000000000e-01 6.520048174274396535e-01
5.000000000000000000e-01 9.572622775868265821e-01
5.000000000000000000e-01 9.973388115574479684e-01
5.000000000000000000e-01 9.998770291875983540e-01
5.000000000000000000e-01 9.999953586653234083e-01
5.000000000000000000e-01 9.999998527396185555e-01
5.000000000000000000e-01 9.999999960314297498e-01
5.000000000000000000e-01 9.999999999093482916e-01
5.000000000000000000e-01 9.999999999982749355e-01
5.000000000000000000e-01 9.999999999999736877e-01
5.000000000000000000e-01 9.999999999999996669e-01
5.000000000000000000e-01 1.000000000000000000e+00
5.000000000000000000e-01 1.000000000000000000e+00
1.500000000000000000e+00 1.502223960389382098e-17
1.500000000000000000e+00 1.979686981480629802e-17
1.500000000000000000e+00 3.312313446812006151e-16
1.500000000000000000e+00 2.828641995850753457e-14
1.500000000000000000e+00 1.885582834496145457e-12
1.500000000000000000e+00 1.008713081170762636e-10
1.500000000000000000e+00 4.498380930275878938e-09
1.500000000000000000e+00 1.699598657770484725e-07
1.500000000000000000e+00 5.446926034438677190e-06
1.500000000000000000e+00 1.463807129619555236e-04
1.500000000000000000e+00 3.196917239735420392e-03
1.500000000000000000e+00 5.094579408004655530e-02
1.500000000000000000e+00 3.897480164840504968e-01
1.500000000000000000e+00 8.739556581500598220e-01
1.500000000000000000e+00 9.903327286073934088e-01
1.500000000000000000e+00 9.995164882882378032e-01
1.500000000000000000e+00 9.999809979037231900e-01
1.500000000000000000e+00 9.999993867780159196e-01
1.500000000000000000e+00 9.999999835490215316e-01
1.500000000000000000e+00 9.999999996342121555e-01
1.500000000000000000e+00 9.999999999933766315e-01
1.500000000000000000e+00 9.999999999999058531e-01
1.500000000000000000e+00 9.999999999999990008e-01
1.500000000000000000e+00 1.000000000000000000e+00
1.500000000000000000e+00 1.000000000000000000e+00
2.500000000000000000e+00 6.560104960730303957e-18
2.500000000000000000e+00 1.317260728029417722e-17
2.500000000000000000e+00 1.180134711828948616e-15
2.500000000000000000e+00 1.147418748512090150e-13
2.500000000000000000e+00 8.288171728346472259e-12
2.500000000000000000e+00 4.710391543068181161e-10
2.500000000000000000e+00 2.181444791036230477e-08
2.500000000000000000e+00 8.365307708243132747e-07
2.500000000000000000e+00 2.658992700959065744e-05
2.500000000000000000e+00 6.897839574075013882e-04
2.500000000000000000e+00 1.383304877960518479e-02
2.500000000000000000e+00 1.696957906497721102e-01
2.500000000000000000e+00 6.918190996920492442e-01
2.500000000000000000e+00 9.668764967104297448e-01
2.500000000000000000e+00 9.981653932710173871e-01
2.500000000000000000e+00 9.999252427579675695e-01
2.500000000000000000e+00 9.999975673027488021e-01
2.500000000000000000e+00 9.999999355062285655e-01
2.500000000000000000e+00 9.999999986071778091e-01
2.500000000000000000e+00 9.999999999758700797e-01
2.500000000000000000e+00 9.999999999996757039e-01
2.500000000000000000e+00 9.999999999999967804e-01
2.500000000000000000e+00 1.000000000000000000e+00
2.500000000000000000e+00 1.000000000000000000e+00
3.500000000000000000e+00 3.080442500579498308e-18
3.500000000000000000e+00 3.104044639403460080e-17
3.500000000000000000e+00 4.380206274791190998e-15
3.500000000000000000e+00 4.606898413162377782e-13
3.500000000000000000e+00 3.545792122743503629e-11
3.500000000000000000e+00 2.119611451637303035e-09
3.500000000000000000e+00 1.015904884091493210e-07
3.500000000000000000e+00 3.955623216623039551e-06
3.500000000000000000e+00 1.247248757193772156e-04
3.500000000000000000e+00 3.099015913405413474e-03
3.500000000000000000e+00 5.415189271878855654e-02
3.500000000000000000e+00 4.204313821060438050e-01
3.500000000000000000e+00 8.954167041506732039e-01
3.500000000000000000e+00 9.930845795105522900e-01
3.500000000000000000e+00 9.997034657148710091e-01
3.500000000000000000e+00 9.999902276652016253e-01
3.500000000000000000e+00 9.999997432365652639e-01
3.500000000000000000e+00 9.999999945919582078e-01
3.500000000000000000e+00 9.999999999097776149e-01
3.500000000000000000e+00 9.999999999988435917e-01
3.500000000000000000e+00 9.999999999999892308e-01
3.500000000000000000e+00 9.999999999999998890e-01
3.500000000000000000e+00 1.000000000000000000e+00
4.500000000000000000e+00 7.770693362967299451e-18
4.500000000000000000e+00 1.095774048191693743e-16
4.500000000000000000e+00 1.734685790707438233e-14
4.500000000000000000e+00 1.936608740157775578e-12
4.500000000000000000e+00 1.569008385421610324e-10
4.500000000000000000e+00 9.761317239812206907e-09
4.500000000000000000e+00 4.797489599227981123e-07
4.500000000000000000e+00 1.879267439806991936e-05
4.500000000000000000e+00 5.803077248752864896e-04
4.500000000000000000e+00 1.338280393870272360e-02
4.500000000000000000e+00 1.789217746101758322e-01
4.500000000000000000e+00 7.212171328675910376e-01
4.500000000000000000e+00 9.743362221536502332e-01
4.500000000000000000e+00 9.987949590111746545e-01
4.500000000000000000e+00 9.999592136946867660e-01
4.500000000000000000e+00 9.999989284999042383e-01
4.500000000000000000e+00 9.999999778254818894e-01
4.500000000000000000e+00 9.999999996411694791e-01
4.500000000000000000e+00 9.999999999955817565e-01
4.500000000000000000e+00 9.999999999999608091e-01
4.500000000000000000e+00 9.999999999999997780e-01
4.500000000000000000e+00 1.000000000000000000e+00
5.500000000000000000e+00 1.044481735919792264e-17
5.500000000000000000e+00 4.238075131770486303e-16
5.500000000000000000e+00 7.432828021936519502e-14
5.500000000000000000e+00 8.718795206042127075e-12
5.500000000000000000e+00 7.356228240503718002e-10
5.500000000000000000e+00 4.709976456479365718e-08
5.500000000000000000e+00 2.345056290232662849e-06
5.500000000000000000e+00 9.105412327418597020e-05
5.500000000000000000e+00 2.689384740717668150e-03
5.500000000000000000e+00 5.366763530745876504e-02
5.500000000000000000e+00 4.398456595949966075e-01
5.500000000000000000e+00 9.111106314430127417e-01
5.500000000000000000e+00 9.950185012140626561e-01
5.500000000000000000e+00 9.998223758525777161e-01
5.500000000000000000e+00 9.999952683220532101e-01
5.500000000000000000e+00 9.999999027803606610e-01
5.500000000000000000e+00 9.999999984607039760e-01
5.500000000000000000e+00 9.999999999816525653e-01
5.500000000000000000e+00 9.999999999998437916e-01
5.500000000000000000e+00 9.999999999999991118e-01
5.500000000000000000e+00 1.000000000000000000e+00
6.500000000000000000e+00 2.330596083491374835e-17
6.500000000000000000e+00 1.832160447725686098e-15
6.500000000000000000e+00 3.469319050898939905e-13
6.500000000000000000e+00 4.234394472413612063e-11
6.500000000000000000e+00 3.680652342412291708e-09
6.500000000000000000e+00 2.395674820632954818e-07
6.500000000000000000e+00 1.190628679327577920e-05
6.500000000000000000e+00 4.491276049377732255e-04
6.500000000000000000e+00 1.219083223387620353e-02
6.500000000000000000e+00 1.819979026957820045e-01
6.500000000000000000e+00 7.423648547558692190e-01
6.500000000000000000e+00 9.796465074471382151e-01
6.500000000000000000e+00 9.991998477593172501e-01
6.500000000000000000e+00 9.999779525222851628e-01
6.500000000000000000e+00 9.999995441264778462e-01
6.500000000000000000e+00 9.999999928629820234e-01
6.500000000000000000e+00 9.999999999169343345e-01
6.500000000000000000e+00 9.999999999993158806e-01
6.500000000000000000e+00 9.999999999999964473e-01
6.500000000000000000e+00 1.000000000000000000e+00
7.500000000000000000e+00 5.024984914716940792e-17
7.500000000000000000e+00 8.891319376567721027e-15
7.500000000000000000e+00 1.763029167880787804e-12
7.500000000000000000e+00 2.217072406608988650e-10
7.500000000000000000e+00 1.962726383367762868e-08
7.500000000000000000e+00 1.280863940926232375e-06
7.500000000000000000e+00 6.242481976956016059e-05
7.500000000000000000e+00 2.225549008315774995e-03
7.500000000000000000e+00 5.142992621803932352e-02
7.500000000000000000e+00 4.523771525050385156e-01
7.500000000000000000e+00 9.228265025653042963e-01
7.500000000000000000e+00 9.963413268699110592e-01
7.500000000000000000e+00 9.998926817574269599e-01
7.500000000000000000e+00 9.999977284850183334e-01
7.500000000000000000e+00 9.999999643898546120e-01
7.500000000000000000e+00 9.999999995912275397e-01
7.500000000000000000e+00 9.999999999967160713e-01
7.500000000000000000e+00 9.999999999999833467e-01
7.500000000000000000e+00 9.999999999999998890e-01
8.500000000000000000e+00 1.141438789993689001e-16
8.500000000000000000e+00 4.754633585490798192e-14
8.500000000000000000e+00 9.714091345054107214e-12
8.500000000000000000e+00 1.245543376866483900e-09
8.500000000000000000e+00 1.108983539109284556e-07
8.500000000000000000e+00 7.142615052782447520e-06
8.500000000000000000e+00 3.339914304424924756e-04
8.500000000000000000e+00 1.078491809387939829e-02
8.500000000000000000e+00 1.817294600450074515e-01
8.500000000000000000e+00 7.586342959937359964e-01
8.500000000000000000e+00 9.835769553571840351e-01
8.500000000000000000e+00 9.994624766864708132e-01
8.500000000000000000e+00 9.999880965629456275e-01
8.500000000000000000e+00 9.999998103066666255e-01
8.500000000000000000e+00 9.999999978273594881e-01
8.500000000000000000e+00 9.999999999828151909e-01
8.500000000000000000e+00 9.999999999999150679e-01
8.500000000000000000e+00 9.999999999999997780e-01
9.500000000000000000e+00 6.281266732280358052e-16
9.500000000000000000e+00 2.765905529224956464e-13
9.500000000000000000e+00 5.767814738438599484e-11
9.500000000000000000e+00 7.455863958031976227e-09
9.500000000000000000e+00 6.583580949494512429e-07
9.500000000000000000e+00 4.108410453580989421e-05
9.500000000000000000e+00 1.790943472351783040e-03
9.500000000000000000e+00 4.837526037805994772e-02
9.500000000000000000e+00 4.609986733667350567e-01
9.500000000000000000e+00 9.321802070336703272e-01
9.500000000000000000e+00 9.972876284291954940e-01
9.500000000000000000e+00 9.999352502877167925e-01
9.500000000000000000e+00 9.999989318979091157e-01
9.500000000000000000e+00 9.999999876296169488e-01
9.500000000000000000e+00 9.999999999026483177e-01
9.500000000000000000e+00 9.999999999995272670e-01
9.500000000000000000e+00 9.999999999999988898e-01
1.050000000000000000e+01 3.868760874482684756e-15
1.050000000000000000e+01 1.739318013072651694e-12
1.050000000000000000e+01 3.664352704090726593e-10
1.050000000000000000e+01 4.716376528223902038e-08
1.050000000000000000e+01 4.064792794035514756e-06
1.050000000000000000e+01 2.403136626498161236e-04
1.050000000000000000e+01 9.347963536420722877e-03
1.050000000000000000e+01 1.794804289244785744e-01
1.050000000000000000e+01 7.721858801537837547e-01
1.050000000000000000e+01 9.866665464559175591e-01
1.050000000000000000e+01 9.996401820439225760e-01
1.050000000000000000e+01 9.999937154258170535e-01
1.050000000000000000e+01 9.999999252422370200e-01
1.050000000000000000e+01 9.999999994076397281e-01
1.050000000000000000e+01 9.999999999971450615e-01
1.050000000000000000e+01 9.999999999999935607e-01
1.150000000000000000e+01 2.569361570784885477e-14
1.150000000000000000e+01 1.174294523653772140e-11
1.150000000000000000e+01 2.471884417080662267e-09
1.150000000000000000e+01 3.123959539566546296e-07
1.150000000000000000e+01 2.579140657018641331e-05
1.150000000000000000e+01 1.402604227033624976e-03
1.150000000000000000e+01 4.485792894199201741e-02
1.150000000000000000e+01 4.673161447029214877e-01
1.150000000000000000e+01 9.401691814898247568e-01
1.150000000000000000e+01 9.979995557301891695e-01
1.150000000000000000e+01 9.999618591920571564e-01
1.150000000000000000e+01 9.999995252477441587e-01
1.150000000000000000e+01 9.999999961604842946e-01
1.150000000000000000e+01 9.999999999814376261e-01
1.150000000000000000e+01 9.999999999999588107e-01
1.250000000000000000e+01 1.845563884004029927e-13
1.250000000000000000e+01 8.453572304745035565e-11
1.250000000000000000e+01 1.756331684713538330e-08
1.250000000000000000e+01 2.144860859095655003e-06
1.250000000000000000e+01 1.657879180774833973e-04
1.250000000000000000e+01 7.930230779448732906e-03
1.250000000000000000e+01 1.758165474836494713e-01
1.250000000000000000e+01 7.843355946949129853e-01
1.250000000000000000e+01 9.892325508393867706e-01
1.250000000000000000e+01 9.997648877409169854e-01
1.250000000000000000e+01 9.999968658986306824e-01
1.250000000000000000e+01 9.999999737164627645e-01
1.250000000000000000e+01 9.999999998710041860e-01
1.250000000000000000e+01 9.999999999997138955e-01
1.350000000000000000e+01 1.418911325324150208e-12
1.350000000000000000e+01 6.444252303030319990e-10
1.350000000000000000e+01 1.303314969019555993e-07
1.350000000000000000e+01 1.509127514528823492e-05
1.350000000000000000e+01 1.059531277624141399e-03
1.350000000000000000e+01 4.097561804033991034e-02
1.350000000000000000e+01 4.722059297450854620e-01
1.350000000000000000e+01 9.474142457945665674e-01
1.350000000000000000e+01 9.985572381996566937e-01
1.350000000000000000e+01 9.999787510587180295e-01
1.350000000000000000e+01 9.999998116729199582e-01
1.350000000000000000e+01 9.999999990488037671e-01
1.350000000000000000e+01 9.999999999978684828e-01
1.450000000000000000e+01 1.160875827804309298e-11
1.450000000000000000e+01 5.166009914197507589e-09
1.450000000000000000e+01 1.000871944556818601e-06
1.450000000000000000e+01 1.073349345103142514e-04
1.450000000000000000e+01 6.536946097379075366e-03
1.450000000000000000e+01 1.708819534174573218e-01
1.450000000000000000e+01 7.959906227177455662e-01
1.450000000000000000e+01 9.914633136505678346e-01
1.450000000000000000e+01 9.998541575091097755e-01
1.450000000000000000e+01 9.999986011069835756e-01
1.450000000000000000e+01 9.999999926115800131e-01
1.450000000000000000e+01 9.999999999830752051e-01
1.550000000000000000e+01 1.005271038011734488e-10
1.550000000000000000e+01 4.323900003267622916e-08
1.550000000000000000e+01 7.872158412569445963e-06
1.550000000000000000e+01 7.578056073633241980e-04
1.550000000000000000e+01 3.670062437856922571e-02
1.550000000000000000e+01 4.761767905116661703e-01
1.550000000000000000e+01 9.543472763455214114e-01
1.550000000000000000e+01 9.990058740713225749e-01
1.550000000000000000e+01 9.999893439406710716e-01
1.550000000000000000e+01 9.999999399980282755e-01
1.550000000000000000e+01 9.999999998575743732e-01
1.650000000000000000e+01 9.165144364207714992e-10
1.650000000000000000e+01 3.749744205259883703e-07
1.650000000000000000e+01 6.262279446292117456e-05
1.650000000000000000e+01 5.159621210493384527e-03
1.650000000000000000e+01 1.645299885390239247e-01
1.650000000000000000e+01 8.079303979619899545e-01
1.650000000000000000e+01 9.934746853499429875e-01
1.650000000000000000e+01 9.999178407274302849e-01
1.650000000000000000e+01 9.999994945984572725e-01
1.650000000000000000e+01 9.999999987367945709e-01
1.750000000000000000e+01 8.751199248594155162e-09
1.750000000000000000e+01 3.340084786788372189e-06
1.750000000000000000e+01 4.953297434725686390e-04
1.750000000000000000e+01 3.191869862242768807e-02
1.750000000000000000e+01 4.795487819503221338e-01
1.750000000000000000e+01 9.613257740915222005e-01
1.750000000000000000e+01 9.993701536058938739e-01
1.750000000000000000e+01 9.999956244311472009e-01
1.750000000000000000e+01 9.999999882567539577e-01
1.850000000000000000e+01 8.704048011247264589e-08
1.850000000000000000e+01 3.023441340179796810e-05
1.850000000000000000e+01 3.788963403159111790e-03
1.850000000000000000e+01 1.562906104560373988e-01
1.850000000000000000e+01 8.210454881282118755e-01
1.850000000000000000e+01 9.953377823998706964e-01
1.850000000000000000e+01 9.999614936547394084e-01
1.850000000000000000e+01 9.999998862189132254e-01
1.950000000000000000e+01 8.964871823897628436e-07
1.950000000000000000e+01 2.740314834326415669e-04
1.950000000000000000e+01 2.641806587609944398e-02
1.950000000000000000e+01 4.825467282441330830e-01
1.950000000000000000e+01 9.687193087230716593e-01
1.950000000000000000e+01 9.996608237246579209e-01
1.950000000000000000e+01 9.999988580893779400e-01
2.050000000000000000e+01 9.494671878016692235e-06
2.050000000000000000e+01 2.425655634688183172e-03
2.050000000000000000e+01 1.451209584602418390e-01
2.050000000000000000e+01 8.367062449673455804e-01
2.050000000000000000e+01 9.970869976263833090e-01
2.050000000000000000e+01 9.999882170950828986e-01
2.150000000000000000e+01 1.024008980726956458e-04
2.150000000000000000e+01 1.982678520188784627e-02
2.150000000000000000e+01 4.853610887063263823e-01
2.150000000000000000e+01 9.770121787488426079e-01
2.150000000000000000e+01 9.998762734897660431e-01
2.250000000000000000e+01 1.105639603011941436e-03
2.250000000000000000e+01 1.285353545014568388e-01
2.250000000000000000e+01 8.577411075368268634e-01
2.250000000000000000e+01 9.987016166059339284e-01
2.350000000000000000e+01 1.145075810960915173e-02
2.350000000000000000e+01 4.882205881597972419e-01
2.350000000000000000e+01 9.869884439731411163e-01
2.450000000000000000e+01 9.867088994768252741e-02
2.450000000000000000e+01 8.926240608746468519e-01
2.550000000000000000e+01 4.916280329093705159e-01
