-2.850000000000000000e+01 5.071267870659134092e-01
-2.750000000000000000e+01 1.065078250884743671e-01
-2.750000000000000000e+01 9.008728632039042505e-01
-2.650000000000000000e+01 1.279819019468580316e-02
-2.650000000000000000e+01 5.099703444860411716e-01
-2.650000000000000000e+01 9.885151342964980659e-01
-2.550000000000000000e+01 1.262812115441138729e-03
-2.550000000000000000e+01 1.407684443822400377e-01
-2.550000000000000000e+01 8.707874182228714233e-01
-2.550000000000000000e+01 9.988975414269002373e-01
-2.450000000000000000e+01 1.185611164994483316e-04
-2.450000000000000000e+01 2.251016491752345916e-02
-2.450000000000000000e+01 5.123060098732709067e-01
-2.450000000000000000e+01 9.801256785744184574e-01
-2.450000000000000000e+01 9.998989094957823065e-01
-2.350000000000000000e+01 1.107620069718616537e-05
-2.350000000000000000e+01 2.813463361178308170e-03
-2.350000000000000000e+01 1.611618600620003672e-01
-2.350000000000000000e+01 8.540154601727804051e-01
-2.350000000000000000e+01 9.975871927045336651e-01
-2.350000000000000000e+01 9.999907612380877220e-01
-2.250000000000000000e+01 1.047757960250786463e-06
-2.250000000000000000e+01 3.217727675443264449e-04
-2.250000000000000000e+01 3.047607003028678790e-02
-2.250000000000000000e+01 5.145507077560165232e-01
-2.250000000000000000e+01 9.735352283625376968e-01
-2.250000000000000000e+01 9.997307851553099978e-01
-2.250000000000000000e+01 9.999991444069284974e-01
-2.150000000000000000e+01 1.013271577403532687e-07
-2.150000000000000000e+01 3.570262269756040358e-05
-2.150000000000000000e+01 4.466452997197235472e-03
-2.150000000000000000e+01 1.760888850968388708e-01
-2.150000000000000000e+01 8.426523998752216693e-01
-2.150000000000000000e+01 9.962413557547333820e-01
-2.150000000000000000e+01 9.999708118483238151e-01
-2.150000000000000000e+01 9.999999189698636215e-01
-2.050000000000000000e+01 1.008520424254381256e-08
-2.050000000000000000e+01 3.942025030822837523e-06
-2.050000000000000000e+01 5.904935406426597500e-04
-2.050000000000000000e+01 3.745552339226559946e-02
-2.050000000000000000e+01 5.168779093147606307e-01
-2.050000000000000000e+01 9.680451924147739362e-01
-2.050000000000000000e+01 9.995160595943948234e-01
-2.050000000000000000e+01 9.999968491937263337e-01
-2.050000000000000000e+01 9.999999921019351312e-01
-1.950000000000000000e+01 1.038645534476322904e-09
-1.950000000000000000e+01 4.394957293288601743e-07
-1.950000000000000000e+01 7.493869497938351041e-05
-1.950000000000000000e+01 6.190908383157035788e-03
-1.950000000000000000e+01 1.883143880559179917e-01
-1.950000000000000000e+01 8.341829875791172411e-01
-1.950000000000000000e+01 9.948971640757009460e-01
-1.950000000000000000e+01 9.999400911223428334e-01
-1.950000000000000000e+01 9.999996565380453450e-01
-1.950000000000000000e+01 9.999999992036195939e-01
-1.850000000000000000e+01 1.112083870725829039e-10
-1.850000000000000000e+01 4.998547029197678807e-08
-1.850000000000000000e+01 9.391742707291518487e-06
-1.850000000000000000e+01 9.187941175862389355e-04
-1.850000000000000000e+01 4.389541292526752403e-02
-1.850000000000000000e+01 5.194143284146147677e-01
-1.850000000000000000e+01 9.632780705036421143e-01
-1.850000000000000000e+01 9.992642619719994679e-01
-1.850000000000000000e+01 9.999926735479051088e-01
-1.850000000000000000e+01 9.999999618163873949e-01
-1.850000000000000000e+01 9.999999999165497533e-01
-1.750000000000000000e+01 1.243506868516834415e-11
-1.750000000000000000e+01 5.846369594591091847e-09
-1.750000000000000000e+01 1.182035056463224717e-06
-1.750000000000000000e+01 1.304044147820396140e-04
-1.750000000000000000e+01 8.003515222667841739e-03
-1.750000000000000000e+01 1.991266017428101887e-01
-1.750000000000000000e+01 8.275268425065663846e-01
-1.750000000000000000e+01 9.935562504004656903e-01
-1.750000000000000000e+01 9.998983842962343438e-01
-1.750000000000000000e+01 9.999991004086585811e-01
-1.750000000000000000e+01 9.999999956367727760e-01
-1.750000000000000000e+01 9.999999999908731896e-01
-1.650000000000000000e+01 1.458582552251829267e-12
-1.650000000000000000e+01 7.080803339030088320e-10
-1.650000000000000000e+01 1.512101639354941808e-07
-1.650000000000000000e+01 1.823300025523306317e-05
-1.650000000000000000e+01 1.310190453564756639e-03
-1.650000000000000000e+01 5.010701773350010463e-02
-1.650000000000000000e+01 5.222917761956705762e-01
-1.650000000000000000e+01 9.590116623743268898e-01
-1.650000000000000000e+01 9.989785591245050611e-01
-1.650000000000000000e+01 9.999861726067136303e-01
-1.650000000000000000e+01 9.999998877960729615e-01
-1.650000000000000000e+01 9.999999994840870210e-01
-1.650000000000000000e+01 9.999999999989537258e-01
-1.550000000000000000e+01 1.802842083842344720e-13
-1.550000000000000000e+01 8.936545674579816171e-11
-1.550000000000000000e+01 1.985117068237514030e-08
-1.550000000000000000e+01 2.556815959598830059e-06
-1.550000000000000000e+01 2.051188599265393018e-04
-1.550000000000000000e+01 9.945717706953028855e-03
-1.550000000000000000e+01 2.092923158518721349e-01
-1.550000000000000000e+01 8.221529806175610355e-01
-1.550000000000000000e+01 9.922090345922058852e-01
-1.550000000000000000e+01 9.998448985171947134e-01
-1.550000000000000000e+01 9.999981140048070927e-01
-1.550000000000000000e+01 9.999999856503936080e-01
-1.550000000000000000e+01 9.999999999364916903e-01
-1.550000000000000000e+01 9.999999999998736566e-01
-1.450000000000000000e+01 2.361199822849610750e-14
-1.450000000000000000e+01 1.182393140734271961e-11
-1.450000000000000000e+01 2.696927544053934751e-09
-1.450000000000000000e+01 3.643446076564649617e-07
-1.450000000000000000e+01 3.166001824414029387e-05
-1.450000000000000000e+01 1.776937221676624457e-03
-1.450000000000000000e+01 5.635318627322734308e-02
-1.450000000000000000e+01 5.256788562418608368e-01
-1.450000000000000000e+01 9.551091987265862837e-01
-1.450000000000000000e+01 9.986580780928729917e-01
-1.450000000000000000e+01 9.999767859488771782e-01
-1.450000000000000000e+01 9.999997388689255695e-01
-1.450000000000000000e+01 9.999999981030998075e-01
-1.450000000000000000e+01 9.999999999918135485e-01
-1.450000000000000000e+01 9.999999999999839018e-01
-1.350000000000000000e+01 3.287528275117495617e-15
-1.350000000000000000e+01 1.649815951207324445e-12
-1.350000000000000000e+01 3.820709688311590364e-10
-1.350000000000000000e+01 5.332883323218737149e-08
-1.350000000000000000e+01 4.908648380786837338e-06
-1.350000000000000000e+01 3.043636271159245511e-04
-1.350000000000000000e+01 1.208266011480240050e-02
-1.350000000000000000e+01 2.193883296365790325e-01
-1.350000000000000000e+01 8.178038969278473846e-01
-1.350000000000000000e+01 9.908426072381303351e-01
-1.350000000000000000e+01 9.997780783042937713e-01
-1.350000000000000000e+01 9.999965138767283879e-01
-1.350000000000000000e+01 9.999999629156977043e-01
-1.350000000000000000e+01 9.999999997388944184e-01
-1.350000000000000000e+01 9.999999999988886668e-01
-1.350000000000000000e+01 9.999999999999977796e-01
-1.250000000000000000e+01 5.068325582448689202e-16
-1.250000000000000000e+01 2.442156019258462319e-13
-1.250000000000000000e+01 5.685458116722713417e-11
-1.250000000000000000e+01 8.093779285954538057e-09
-1.250000000000000000e+01 7.751928690260626477e-07
-1.250000000000000000e+01 5.155834952999593311e-05
-1.250000000000000000e+01 2.342087571764937121e-03
-1.250000000000000000e+01 6.290485898740645621e-02
-1.250000000000000000e+01 5.298190028006407593e-01
-1.250000000000000000e+01 9.514918202797281177e-01
-1.250000000000000000e+01 9.982991230536256699e-01
-1.250000000000000000e+01 9.999637332058389783e-01
-1.250000000000000000e+01 9.999994676725838527e-01
-1.250000000000000000e+01 9.999999945490467557e-01
-1.250000000000000000e+01 9.999999999623134794e-01
-1.250000000000000000e+01 9.999999999998402389e-01
-1.250000000000000000e+01 9.999999999999996669e-01
-1.150000000000000000e+01 1.128851933321213707e-16
-1.150000000000000000e+01 3.858530461956557037e-14
-1.150000000000000000e+01 8.949962198504093563e-12
-1.150000000000000000e+01 1.284896680124407421e-09
-1.150000000000000000e+01 1.261567702267816587e-07
-1.150000000000000000e+01 8.806298334710254875e-06
-1.150000000000000000e+01 4.371286307977143622e-04
-1.150000000000000000e+01 1.451298602723231045e-02
-1.150000000000000000e+01 2.299688061419171425e-01
-1.150000000000000000e+01 8.144066567786519828e-01
-1.150000000000000000e+01 9.894454300496186017e-01
-1.150000000000000000e+01 9.996954758302046828e-01
-1.150000000000000000e+01 9.999940358491763437e-01
-1.150000000000000000e+01 9.999999164251022199e-01
-1.150000000000000000e+01 9.999999991637810171e-01
-1.150000000000000000e+01 9.999999999942573714e-01
-1.150000000000000000e+01 9.999999999999754641e-01
-1.150000000000000000e+01 9.999999999999998890e-01
-1.050000000000000000e+01 2.931151467630313061e-17
-1.050000000000000000e+01 6.550218249635332172e-15
-1.050000000000000000e+01 1.501001485066686888e-12
-1.050000000000000000e+01 2.151418533394046355e-10
-1.050000000000000000e+01 2.137839370221816689e-08
-1.050000000000000000e+01 1.539031290381099822e-06
-1.050000000000000000e+01 8.109401584804852028e-05
-1.050000000000000000e+01 3.045013191138044688e-03
-1.050000000000000000e+01 7.009691893743970337e-02
-1.050000000000000000e+01 5.350941303758297574e-01
-1.050000000000000000e+01 9.481365872970508590e-01
-1.050000000000000000e+01 9.978963320767991751e-01
-1.050000000000000000e+01 9.999459034878528385e-01
-1.050000000000000000e+01 9.999989992799076521e-01
-1.050000000000000000e+01 9.999999863762822905e-01
-1.050000000000000000e+01 9.999999998650553890e-01
-1.050000000000000000e+01 9.999999999990699662e-01
-1.050000000000000000e+01 9.999999999999960032e-01
-1.050000000000000000e+01 1.000000000000000000e+00
-9.500000000000000000e+00 1.452193650484445455e-17
-9.500000000000000000e+00 1.211991078570699412e-15
-9.500000000000000000e+00 2.700962907439372120e-13
-9.500000000000000000e+00 3.830227959367291207e-11
-9.500000000000000000e+00 3.808787303212157803e-09
-9.500000000000000000e+00 2.786486830865936183e-07
-9.500000000000000000e+00 1.525601966945044472e-05
-9.500000000000000000e+00 6.188485239224752500e-04
-9.500000000000000000e+00 1.739094122041971724e-02
-9.500000000000000000e+00 2.417038400535867493e-01
-9.500000000000000000e+00 8.120757268440155219e-01
-9.500000000000000000e+00 9.880149148355051869e-01
-9.500000000000000000e+00 9.995937768746852026e-01
-9.500000000000000000e+00 9.999902880732228772e-01
-9.500000000000000000e+00 9.999998266881541253e-01
-9.500000000000000000e+00 9.999999976732798501e-01
-9.500000000000000000e+00 9.999999999769182413e-01
-9.500000000000000000e+00 9.999999999998387956e-01
-9.500000000000000000e+00 9.999999999999992228e-01
-9.500000000000000000e+00 1.000000000000000000e+00
-8.500000000000000000e+00 1.387619137233245408e-18
-8.500000000000000000e+00 2.475704820622869776e-16
-8.500000000000000000e+00 5.251377620125998464e-14
-8.500000000000000000e+00 7.307406040338760265e-12
-8.500000000000000000e+00 7.199306839909170621e-10
-8.500000000000000000e+00 5.285017059819667832e-08
-8.500000000000000000e+00 2.955376687350605926e-06
-8.500000000000000000e+00 1.258579782174939305e-04
-8.500000000000000000e+00 3.952762041178758609e-03
-8.500000000000000000e+00 7.840821526882608972e-02
-8.500000000000000000e+00 5.421466173106871400e-01
-8.500000000000000000e+00 9.451038332423126187e-01
-8.500000000000000000e+00 9.974454601891244998e-01
-8.500000000000000000e+00 9.999217832973410491e-01
-8.500000000000000000e+00 9.999982131381818240e-01
-8.500000000000000000e+00 9.999999687026587258e-01
-8.500000000000000000e+00 9.999999995801982511e-01
-8.500000000000000000e+00 9.999999999957848162e-01
-8.500000000000000000e+00 9.999999999999699130e-01
-8.500000000000000000e+00 9.999999999999998890e-01
-8.500000000000000000e+00 1.000000000000000000e+00
-7.500000000000000000e+00 3.114781385230837905e-17
-7.500000000000000000e+00 6.744005024028210944e-17
-7.500000000000000000e+00 1.110179901816056810e-14
-7.500000000000000000e+00 1.505046740399738050e-12
-7.500000000000000000e+00 1.456043944374473681e-10
-7.500000000000000000e+00 1.060714029234576561e-08
-7.500000000000000000e+00 5.971664959546570437e-07
-7.500000000000000000e+00 2.614636893874859401e-05
-7.500000000000000000e+00 8.767322658285656156e-04
-7.500000000000000000e+00 2.096945479243156676e-02
-7.500000000000000000e+00 2.555659242831171962e-01
-7.500000000000000000e+00 8.112082478184533540e-01
-7.500000000000000000e+00 9.865769827895017885e-01
-7.500000000000000000e+00 9.994696076438728261e-01
-7.500000000000000000e+00 9.999847085992642493e-01
-7.500000000000000000e+00 9.999996592087736502e-01
-7.500000000000000000e+00 9.999999940538064624e-01
-7.500000000000000000e+00 9.999999999193701639e-01
-7.500000000000000000e+00 9.999999999991726618e-01
-7.500000000000000000e+00 9.999999999999938938e-01
-7.500000000000000000e+00 1.000000000000000000e+00
-7.500000000000000000e+00 1.000000000000000000e+00
-6.500000000000000000e+00 1.668114137174714842e-17
-6.500000000000000000e+00 2.473661382620466179e-17
-6.500000000000000000e+00 2.574330873854586986e-15
-6.500000000000000000e+00 3.368617931716895953e-13
-6.500000000000000000e+00 3.174820545231126853e-11
-6.500000000000000000e+00 2.272936163592420241e-09
-6.500000000000000000e+00 1.272578664532682187e-07
-6.500000000000000000e+00 5.634387979774195225e-06
-6.500000000000000000e+00 1.961368828555357146e-04
-6.500000000000000000e+00 5.181913092362888835e-03
-6.500000000000000000e+00 8.859954665947271379e-02
-6.500000000000000000e+00 5.521275104677170198e-01
-6.500000000000000000e+00 9.426227374460259822e-01
-6.500000000000000000e+00 9.969525239203020917e-01
-6.500000000000000000e+00 9.998897082620219479e-01
-6.500000000000000000e+00 9.999969248396919363e-01
-6.500000000000000000e+00 9.999999319974748335e-01
-6.500000000000000000e+00 9.999999988025031206e-01
-6.500000000000000000e+00 9.999999999834082720e-01
-6.500000000000000000e+00 9.999999999998244737e-01
-6.500000000000000000e+00 9.999999999999986677e-01
-6.500000000000000000e+00 1.000000000000000000e+00
-6.500000000000000000e+00 1.000000000000000000e+00
-5.500000000000000000e+00 1.227832345547820552e-17
-5.500000000000000000e+00 1.582770524070771031e-17
-5.500000000000000000e+00 6.640700629820164460e-16
-5.500000000000000000e+00 8.234377571729613929e-14
-5.500000000000000000e+00 7.506937259488972859e-12
-5.500000000000000000e+00 5.237014224373332512e-10
-5.500000000000000000e+00 2.885562617311892344e-08
-5.500000000000000000e+00 1.274544005109282814e-06
-5.500000000000000000e+00 4.515316271667928888e-05
-5.500000000000000000e+00 1.259595324070295194e-03
-5.500000000000000000e+00 2.567819667417610072e-02
-5.500000000000000000e+00 2.731486651434889001e-01
-5.500000000000000000e+00 8.127424984005106046e-01
-5.500000000000000000e+00 9.852413901160755882e-01
-5.500000000000000000e+00 9.993235872408361420e-01
-5.500000000000000000e+00 9.999766613092784251e-01
-5.500000000000000000e+00 9.999993580362966927e-01
-5.500000000000000000e+00 9.999999857099186595e-01
-5.500000000000000000e+00 9.999999997430509824e-01
-5.500000000000000000e+00 9.999999999963261610e-01
-5.500000000000000000e+00 9.999999999999595879e-01
-5.500000000000000000e+00 9.999999999999996669e-01
-5.500000000000000000e+00 1.000000000000000000e+00
-5.500000000000000000e+00 1.000000000000000000e+00
-4.500000000000000000e+00 6.999046162535768624e-18
-4.500000000000000000e+00 8.673587399284752879e-18
-4.500000000000000000e+00 1.968098006250717110e-16
-4.500000000000000000e+00 2.203777482471377511e-14
-4.500000000000000000e+00 1.929996867357313470e-12
-4.500000000000000000e+00 1.302309064128055366e-10
-4.500000000000000000e+00 6.999395910760416200e-09
-4.500000000000000000e+00 3.050434884987254130e-07
-4.500000000000000000e+00 1.083482547267432047e-05
-4.500000000000000000e+00 3.108162062869482441e-04
-4.500000000000000000e+00 6.933456687914409632e-03
-4.500000000000000000e+00 1.019408429248215286e-01
-4.500000000000000000e+00 5.671869489003533715e-01
-4.500000000000000000e+00 9.413128074982690663e-01
-4.500000000000000000e+00 9.964641439807125911e-01
-4.500000000000000000e+00 9.998497377705383160e-01
-4.500000000000000000e+00 9.999949326488015711e-01
-4.500000000000000000e+00 9.999998603231758931e-01
-4.500000000000000000e+00 9.999999968313223464e-01
-4.500000000000000000e+00 9.999999999412039209e-01
-4.500000000000000000e+00 9.999999999991243671e-01
-4.500000000000000000e+00 9.999999999999898970e-01
-4.500000000000000000e+00 9.999999999999998890e-01
-4.500000000000000000e+00 1.000000000000000000e+00
-4.500000000000000000e+00 1.000000000000000000e+00
-3.500000000000000000e+00 5.058513762128257552e-18
-3.500000000000000000e+00 1.292065248534150550e-17
-3.500000000000000000e+00 6.426406710466141098e-17
-3.500000000000000000e+00 6.427755939627575697e-15
-3.500000000000000000e+00 5.378082665741273670e-13
-3.500000000000000000e+00 3.486955076389255556e-11
-3.500000000000000000e+00 1.814511288791564740e-09
-3.500000000000000000e+00 7.735120419924875242e-08
-3.500000000000000000e+00 2.724393178876457330e-06
-3.500000000000000000e+00 7.902755421449173705e-05
-3.500000000000000000e+00 1.848840899927511883e-03
-3.500000000000000000e+00 3.221436238375779276e-02
-3.500000000000000000e+00 2.971402799257550353e-01
-3.500000000000000000e+00 8.187046235515825776e-01
-3.500000000000000000e+00 9.843517662848435545e-01
-3.500000000000000000e+00 9.991762029990609584e-01
-3.500000000000000000e+00 9.999663512553659261e-01
-3.500000000000000000e+00 9.999988722815709163e-01
-3.500000000000000000e+00 9.999999684709383052e-01
-3.500000000000000000e+00 9.999999992633694657e-01
-3.500000000000000000e+00 9.999999999857549504e-01
-3.500000000000000000e+00 9.999999999997768452e-01
-3.500000000000000000e+00 9.999999999999972244e-01
-3.500000000000000000e+00 1.000000000000000000e+00
-3.500000000000000000e+00 1.000000000000000000e+00
-3.500000000000000000e+00 1.000000000000000000e+00
-2.500000000000000000e+00 6.363129630568648521e-18
-2.500000000000000000e+00 9.802035487199763763e-18
-2.500000000000000000e+00 2.383134189718151664e-17
-2.500000000000000000e+00 2.017706556126561247e-15
-2.500000000000000000e+00 1.602191622625591724e-13
-2.500000000000000000e+00 9.916673180364687341e-12
-2.500000000000000000e+00 4.964300907425191926e-10
-2.500000000000000000e+00 2.056735768553474324e-08
-2.500000000000000000e+00 7.132054104421217024e-07
-2.500000000000000000e+00 2.071348295687723177e-05
-2.500000000000000000e+00 4.976997529787618004e-04
-2.500000000000000000e+00 9.487691494930510991e-03
-2.500000000000000000e+00 1.203144595720251619e-01
-2.500000000000000000e+00 5.910885755538309860e-01
-2.500000000000000000e+00 9.426326133181147648e-01
-2.500000000000000000e+00 9.961541448528347109e-01
-2.500000000000000000e+00 9.998117311345757763e-01
-2.500000000000000000e+00 9.999924774298712959e-01
-2.500000000000000000e+00 9.999997470572562497e-01
-2.500000000000000000e+00 9.999999927701581637e-01
-2.500000000000000000e+00 9.999999998245711064e-01
-2.500000000000000000e+00 9.999999999964298558e-01
-2.500000000000000000e+00 9.999999999999406031e-01
-2.500000000000000000e+00 9.999999999999992228e-01
-2.500000000000000000e+00 1.000000000000000000e+00
-2.500000000000000000e+00 1.000000000000000000e+00
-2.500000000000000000e+00 1.000000000000000000e+00
-1.500000000000000000e+00 9.819715144902418258e-18
-1.500000000000000000e+00 1.856245654825441519e-17
-1.500000000000000000e+00 2.270701981619326174e-17
-1.500000000000000000e+00 6.669614243563083694e-16
-1.500000000000000000e+00 4.937297760797173832e-14
-1.500000000000000000e+00 2.894193543416870816e-12
-1.500000000000000000e+00 1.385262981422728754e-10
-1.500000000000000000e+00 5.555478698003384038e-09
-1.500000000000000000e+00 1.891918094134915075e-07
-1.500000000000000000e+00 5.486767143631035795e-06
-1.500000000000000000e+00 1.344395855245174125e-04
-1.500000000000000000e+00 2.713046204950213258e-03
-1.500000000000000000e+00 4.125030743332810251e-02
-1.500000000000000000e+00 3.309673364395566142e-01
-1.500000000000000000e+00 8.326068927894204608e-01
-1.500000000000000000e+00 9.847457326835179492e-01
-1.500000000000000000e+00 9.991105469583693166e-01
-1.500000000000000000e+00 9.999586475749698833e-01
-1.500000000000000000e+00 9.999983799474333468e-01
-1.500000000000000000e+00 9.999999454100412244e-01
-1.500000000000000000e+00 9.999999984048723034e-01
-1.500000000000000000e+00 9.999999999596388411e-01
-1.500000000000000000e+00 9.999999999991269206e-01
-1.500000000000000000e+00 9.999999999999843459e-01
-1.500000000000000000e+00 9.999999999999997780e-01
-1.500000000000000000e+00 1.000000000000000000e+00
-1.500000000000000000e+00 1.000000000000000000e+00
-1.500000000000000000e+00 1.000000000000000000e+00
-5.000000000000000000e-01 2.438827941087602861e-18
-5.000000000000000000e-01 5.094563639408458223e-18
-5.000000000000000000e-01 2.275436861566103603e-17
-5.000000000000000000e-01 2.212326840978908468e-16
-5.000000000000000000e-01 1.466441636692492476e-14
-5.000000000000000000e-01 8.039998104238215960e-13
-5.000000000000000000e-01 3.656802210082611586e-11
-5.000000000000000000e-01 1.420716163326675255e-09
-5.000000000000000000e-01 4.780094050015352629e-08
-5.000000000000000000e-01 1.395862969656168979e-06
-5.000000000000000000e-01 3.511926821565014329e-05
-5.000000000000000000e-01 7.469320953386517515e-04
-5.000000000000000000e-01 1.277325161563040885e-02
-5.000000000000000000e-01 1.443416465573262031e-01
-5.000000000000000000e-01 6.272991977201483049e-01
-5.000000000000000000e-01 9.487648034729763147e-01
-5.000000000000000000e-01 9.964079705162169898e-01
-5.000000000000000000e-01 9.998109930218920249e-01
-5.000000000000000000e-01 9.999917256759002226e-01
-5.000000000000000000e-01 9.999996885228162879e-01
-5.000000000000000000e-01 9.999999897427545026e-01
-5.000000000000000000e-01 9.999999997012319897e-01
-5.000000000000000000e-01 9.999999999922539740e-01
-5.000000000000000000e-01 9.999999999998218092e-01
-5.000000000000000000e-01 9.999999999999964473e-01
-5.000000000000000000e-01 9.999999999999998890e-01
-5.000000000000000000e-01 1.000000000000000000e+00
-5.000000000000000000e-01 1.000000000000000000e+00
-5.000000000000000000e-01 1.000000000000000000e+00
5.000000000000000000e-01 2.575501165178710362e-18
5.000000000000000000e-01 4.443407435349328969e-18
5.000000000000000000e-01 2.185551339123482057e-17
5.000000000000000000e-01 6.774237397608122097e-17
5.000000000000000000e-01 3.546830622150114921e-15
5.000000000000000000e-01 1.782164218796147493e-13
5.000000000000000000e-01 7.745985792514820215e-12
5.000000000000000000e-01 2.987680236164886071e-10
5.000000000000000000e-01 1.025724552954370449e-08
5.000000000000000000e-01 3.114771836792890099e-07
5.000000000000000000e-01 8.274324099797556044e-06
5.000000000000000000e-01 1.890069781079213704e-04
5.000000000000000000e-01 3.592029483782987684e-03
5.000000000000000000e-01 5.123519652702373389e-02
5.000000000000000000e-01 3.727008022798516396e-01
5.000000000000000000e-01 8.556583534426738247e-01
5.000000000000000000e-01 9.872267483843696345e-01
5.000000000000000000e-01 9.992530679046613962e-01
5.000000000000000000e-01 9.999648807317843557e-01
5.000000000000000000e-01 9.999986041370303447e-01
5.000000000000000000e-01 9.999999521990594609e-01
5.000000000000000000e-01 9.999999985792837887e-01
5.000000000000000000e-01 9.999999999634320291e-01
5.000000000000000000e-01 9.999999999991959765e-01
5.000000000000000000e-01 9.999999999999853451e-01
5.000000000000000000e-01 9.999999999999997780e-01
5.000000000000000000e-01 1.000000000000000000e+00
5.000000000000000000e-01 1.000000000000000000e+00
5.000000000000000000e-01 1.000000000000000000e+00
1.500000000000000000e+00 9.595436512971261907e-18
1.500000000000000000e+00 1.912350223140695140e-17
1.500000000000000000e+00 1.968133012894417542e-17
1.500000000000000000e+00 2.312222314956696573e-16
1.500000000000000000e+00 1.570134059267053274e-14
1.500000000000000000e+00 8.730897499477430523e-13
1.500000000000000000e+00 4.036121428814594918e-11
1.500000000000000000e+00 1.595127721951603231e-09
1.500000000000000000e+00 5.458995882746139171e-08
1.500000000000000000e+00 1.620052566698850511e-06
1.500000000000000000e+00 4.135242503008902508e-05
1.500000000000000000e+00 8.894530416307167876e-04
1.500000000000000000e+00 1.525426731648204734e-02
1.500000000000000000e+00 1.673931072105795115e-01
1.500000000000000000e+00 6.690326635604434413e-01
1.500000000000000000e+00 9.587496925666718628e-01
1.500000000000000000e+00 9.972869537950498353e-01
1.500000000000000000e+00 9.998655604144754960e-01
1.500000000000000000e+00 9.999945132328563746e-01
1.500000000000000000e+00 9.999998108081905590e-01
1.500000000000000000e+00 9.999999944445212563e-01
1.500000000000000000e+00 9.999999998614736985e-01
1.500000000000000000e+00 9.999999999971057596e-01
1.500000000000000000e+00 9.999999999999505951e-01
1.500000000000000000e+00 9.999999999999993339e-01
1.500000000000000000e+00 1.000000000000000000e+00
1.500000000000000000e+00 1.000000000000000000e+00
1.500000000000000000e+00 1.000000000000000000e+00
2.500000000000000000e+00 6.071301323156121501e-18
2.500000000000000000e+00 8.330375086011148334e-18
2.500000000000000000e+00 1.351879668218980519e-17
2.500000000000000000e+00 7.855929473644263386e-16
2.500000000000000000e+00 5.945054623319284148e-14
2.500000000000000000e+00 3.570148267706304559e-12
2.500000000000000000e+00 1.754289056425897173e-10
2.500000000000000000e+00 7.229841781772578978e-09
2.500000000000000000e+00 2.529427437971651378e-07
2.500000000000000000e+00 7.522570128670979520e-06
2.500000000000000000e+00 1.882688654242786069e-04
2.500000000000000000e+00 3.845855147165338963e-03
2.500000000000000000e+00 5.736738668188524209e-02
2.500000000000000000e+00 4.089114244461689585e-01
2.500000000000000000e+00 8.796855404279748658e-01
2.500000000000000000e+00 9.905123085050694387e-01
2.500000000000000000e+00 9.995023002470212470e-01
2.500000000000000000e+00 9.999792865170431533e-01
2.500000000000000000e+00 9.999992867945896036e-01
2.500000000000000000e+00 9.999999794326422942e-01
2.500000000000000000e+00 9.999999995035698808e-01
2.500000000000000000e+00 9.999999999900833769e-01
2.500000000000000000e+00 9.999999999998397948e-01
2.500000000000000000e+00 9.999999999999980016e-01
2.500000000000000000e+00 1.000000000000000000e+00
2.500000000000000000e+00 1.000000000000000000e+00
2.500000000000000000e+00 1.000000000000000000e+00
3.500000000000000000e+00 5.093768254264505307e-18
3.500000000000000000e+00 1.019789704480899133e-17
3.500000000000000000e+00 3.417586106551678623e-17
3.500000000000000000e+00 2.733117899270068296e-15
3.500000000000000000e+00 2.231075803005339188e-13
3.500000000000000000e+00 1.424499498958587235e-11
3.500000000000000000e+00 7.366305451179555592e-10
3.500000000000000000e+00 3.152906172735134116e-08
3.500000000000000000e+00 1.127718429057619265e-06
3.500000000000000000e+00 3.364874463409551412e-05
3.500000000000000000e+00 8.237970009389979304e-04
3.500000000000000000e+00 1.564823371515641770e-02
3.500000000000000000e+00 1.812953764484174501e-01
3.500000000000000000e+00 7.028597200742449091e-01
3.500000000000000000e+00 9.677856376162422558e-01
3.500000000000000000e+00 9.981511591000724604e-01
3.500000000000000000e+00 9.999209724457854831e-01
3.500000000000000000e+00 9.999972756068211677e-01
3.500000000000000000e+00 9.999999226487957804e-01
3.500000000000000000e+00 9.999999981854886810e-01
3.500000000000000000e+00 9.999999999651304483e-01
3.500000000000000000e+00 9.999999999994622080e-01
3.500000000000000000e+00 9.999999999999935607e-01
3.500000000000000000e+00 9.999999999999998890e-01
3.500000000000000000e+00 1.000000000000000000e+00
3.500000000000000000e+00 1.000000000000000000e+00
4.500000000000000000e+00 6.366069538441227184e-18
4.500000000000000000e+00 8.962393563812926411e-18
4.500000000000000000e+00 1.006878410028966277e-16
4.500000000000000000e+00 1.012601107767899337e-14
4.500000000000000000e+00 8.756755537203701308e-13
4.500000000000000000e+00 5.879602468361657887e-11
4.500000000000000000e+00 3.168677621526242537e-09
4.500000000000000000e+00 1.396768240691896323e-07
4.500000000000000000e+00 5.067351198390466275e-06
4.500000000000000000e+00 1.502622294616896587e-04
4.500000000000000000e+00 3.535856019287402386e-03
4.500000000000000000e+00 5.868719250173098922e-02
4.500000000000000000e+00 4.328130510996466285e-01
4.500000000000000000e+00 8.980591570751784714e-01
4.500000000000000000e+00 9.930665433120855479e-01
4.500000000000000000e+00 9.996891837937130765e-01
4.500000000000000000e+00 9.999891651745272947e-01
4.500000000000000000e+00 9.999996949565115312e-01
4.500000000000000000e+00 9.999999930006040483e-01
4.500000000000000000e+00 9.999999998697690629e-01
4.500000000000000000e+00 9.999999999980699883e-01
4.500000000000000000e+00 9.999999999999780176e-01
4.500000000000000000e+00 9.999999999999997780e-01
4.500000000000000000e+00 1.000000000000000000e+00
4.500000000000000000e+00 1.000000000000000000e+00
5.500000000000000000e+00 1.281185224242256517e-17
5.500000000000000000e+00 1.408679220040926141e-17
5.500000000000000000e+00 3.347654497674588875e-16
5.500000000000000000e+00 4.043805264829699244e-14
5.500000000000000000e+00 3.673810699835551480e-12
5.500000000000000000e+00 2.569489742364174902e-10
5.500000000000000000e+00 1.429008130129718499e-08
5.500000000000000000e+00 6.419637033119389394e-07
5.500000000000000000e+00 2.333869072159153855e-05
5.500000000000000000e+00 6.764127591639110303e-04
5.500000000000000000e+00 1.475860988392436839e-02
5.500000000000000000e+00 1.872575015994893954e-01
5.500000000000000000e+00 7.268513348565110999e-01
5.500000000000000000e+00 9.743218033258238542e-01
5.500000000000000000e+00 9.987404046759297271e-01
5.500000000000000000e+00 9.999548468372833065e-01
5.500000000000000000e+00 9.999987254559948857e-01
5.500000000000000000e+00 9.999999711443737782e-01
5.500000000000000000e+00 9.999999994762985844e-01
5.500000000000000000e+00 9.999999999924931160e-01
5.500000000000000000e+00 9.999999999999176215e-01
5.500000000000000000e+00 9.999999999999993339e-01
5.500000000000000000e+00 1.000000000000000000e+00
5.500000000000000000e+00 1.000000000000000000e+00
6.500000000000000000e+00 1.430121724958745991e-17
6.500000000000000000e+00 2.202662080781824871e-17
6.500000000000000000e+00 1.347612678358035854e-15
6.500000000000000000e+00 1.755734284358802761e-13
6.500000000000000000e+00 1.659173266101831510e-11
6.500000000000000000e+00 1.197496918876763775e-09
6.500000000000000000e+00 6.800252514706012751e-08
6.500000000000000000e+00 3.075160308014632727e-06
6.500000000000000000e+00 1.102917379780650150e-04
6.500000000000000000e+00 3.047476079697905311e-03
6.500000000000000000e+00 5.737726255397403163e-02
6.500000000000000000e+00 4.478724895322829247e-01
6.500000000000000000e+00 9.114004533405273278e-01
6.500000000000000000e+00 9.948180869076370669e-01
6.500000000000000000e+00 9.998038631171444202e-01
6.500000000000000000e+00 9.999943656120202640e-01
6.500000000000000000e+00 9.999998727421335332e-01
6.500000000000000000e+00 9.999999977270638274e-01
6.500000000000000000e+00 9.999999999682518403e-01
6.500000000000000000e+00 9.999999999996631583e-01
6.500000000000000000e+00 9.999999999999974465e-01
6.500000000000000000e+00 1.000000000000000000e+00
6.500000000000000000e+00 1.000000000000000000e+00
7.500000000000000000e+00 3.105682219443756801e-17
7.500000000000000000e+00 4.400312481651514254e-17
7.500000000000000000e+00 6.090747172098293819e-15
7.500000000000000000e+00 8.273686690161704809e-13
7.500000000000000000e+00 8.062978372452410690e-11
7.500000000000000000e+00 5.946193490605781331e-09
7.500000000000000000e+00 3.407912263257198197e-07
7.500000000000000000e+00 1.529140073577287993e-05
7.500000000000000000e+00 5.303923561272098344e-04
7.500000000000000000e+00 1.342301721049820803e-02
7.500000000000000000e+00 1.887917521815466182e-01
7.500000000000000000e+00 7.444340757168828038e-01
7.500000000000000000e+00 9.790305452075683812e-01
7.500000000000000000e+00 9.991232677341714830e-01
7.500000000000000000e+00 9.999738536310612824e-01
7.500000000000000000e+00 9.999994028335040808e-01
7.500000000000000000e+00 9.999999893928597228e-01
7.500000000000000000e+00 9.999999998543955826e-01
7.500000000000000000e+00 9.999999999984949817e-01
7.500000000000000000e+00 9.999999999999888978e-01
7.500000000000000000e+00 9.999999999999998890e-01
7.500000000000000000e+00 1.000000000000000000e+00
8.500000000000000000e+00 1.435205861740967364e-18
8.500000000000000000e+00 1.450600441060961035e-16
8.500000000000000000e+00 3.009448114715953637e-14
8.500000000000000000e+00 4.215133309561349520e-12
8.500000000000000000e+00 4.198017177854101271e-10
8.500000000000000000e+00 3.129734131939865943e-08
8.500000000000000000e+00 1.786861818192608918e-06
8.500000000000000000e+00 7.821670265891157638e-05
8.500000000000000000e+00 2.554539810875488051e-03
8.500000000000000000e+00 5.489616675768740212e-02
8.500000000000000000e+00 4.578533826893128600e-01
8.500000000000000000e+00 9.215917847311738686e-01
8.500000000000000000e+00 9.960472379588212188e-01
8.500000000000000000e+00 9.998741420217824860e-01
8.500000000000000000e+00 9.999970446233126253e-01
8.500000000000000000e+00 9.999999471498294268e-01
8.500000000000000000e+00 9.999999992800693294e-01
8.500000000000000000e+00 9.999999999926926231e-01
8.500000000000000000e+00 9.999999999999474865e-01
8.500000000000000000e+00 9.999999999999997780e-01
8.500000000000000000e+00 1.000000000000000000e+00
9.500000000000000000e+00 1.361381510817818413e-17
9.500000000000000000e+00 7.242846865259638101e-16
9.500000000000000000e+00 1.611905130540992681e-13
9.500000000000000000e+00 2.308175434630728072e-11
9.500000000000000000e+00 2.326720132158625794e-09
9.500000000000000000e+00 1.733118458762844929e-07
9.500000000000000000e+00 9.711926777118212945e-06
9.500000000000000000e+00 4.062231253147915739e-04
9.500000000000000000e+00 1.198508516449479228e-02
9.500000000000000000e+00 1.879242731559844781e-01
9.500000000000000000e+00 7.582961599464131952e-01
9.500000000000000000e+00 9.826090587795802689e-01
9.500000000000000000e+00 9.993811514760775339e-01
9.500000000000000000e+00 9.999847439803305482e-01
9.500000000000000000e+00 9.999997213513168726e-01
9.500000000000000000e+00 9.999999961912127144e-01
9.500000000000000000e+00 9.999999999616977497e-01
9.500000000000000000e+00 9.999999999997298827e-01
9.500000000000000000e+00 9.999999999999987788e-01
9.500000000000000000e+00 1.000000000000000000e+00
1.050000000000000000e+01 2.476524658819659149e-17
1.050000000000000000e+01 4.024279896306905868e-15
1.050000000000000000e+01 9.300814832589091503e-13
1.050000000000000000e+01 1.349445721729589464e-10
1.050000000000000000e+01 1.362371774846200353e-08
1.050000000000000000e+01 1.000720092352629815e-06
1.050000000000000000e+01 5.409651214719543978e-05
1.050000000000000000e+01 2.103667923200849138e-03
1.050000000000000000e+01 5.186341270294916872e-02
1.050000000000000000e+01 4.649058696241702426e-01
1.050000000000000000e+01 9.299030810625602550e-01
1.050000000000000000e+01 9.969549868088619649e-01
1.050000000000000000e+01 9.999189059841520066e-01
1.050000000000000000e+01 9.999984609687095904e-01
1.050000000000000000e+01 9.999999786216062780e-01
1.050000000000000000e+01 9.999999997848580957e-01
1.050000000000000000e+01 9.999999999984989785e-01
1.050000000000000000e+01 9.999999999999934497e-01
1.050000000000000000e+01 1.000000000000000000e+00
1.150000000000000000e+01 8.398553820626228720e-17
1.150000000000000000e+01 2.448932063739603406e-14
1.150000000000000000e+01 5.742645862002064338e-12
1.150000000000000000e+01 8.362190156129897301e-10
1.150000000000000000e+01 8.357489776910978320e-08
1.150000000000000000e+01 5.964150823610297000e-06
1.150000000000000000e+01 3.045241697953230114e-04
1.150000000000000000e+01 1.055456995038137231e-02
1.150000000000000000e+01 1.855933432213479894e-01
1.150000000000000000e+01 7.700311938580828297e-01
1.150000000000000000e+01 9.854870139727677225e-01
1.150000000000000000e+01 9.995628713692022993e-01
1.150000000000000000e+01 9.999911937016653374e-01
1.150000000000000000e+01 9.999998738432297474e-01
1.150000000000000000e+01 9.999999987151033665e-01
1.150000000000000000e+01 9.999999999910500481e-01
1.150000000000000000e+01 9.999999999999613642e-01
1.150000000000000000e+01 9.999999999999998890e-01
1.250000000000000000e+01 3.339954896708301635e-16
1.250000000000000000e+01 1.598140083736451799e-13
1.250000000000000000e+01 3.768656265646922370e-11
1.250000000000000000e+01 5.450953213753170843e-09
1.250000000000000000e+01 5.323274161568753720e-07
1.250000000000000000e+01 3.626679416099128328e-05
1.250000000000000000e+01 1.700876946374283013e-03
1.250000000000000000e+01 4.850817972027182678e-02
1.250000000000000000e+01 4.701809971993591852e-01
1.250000000000000000e+01 9.370951410125935022e-01
1.250000000000000000e+01 9.976579124282350941e-01
1.250000000000000000e+01 9.999484416504700324e-01
1.250000000000000000e+01 9.999992248071309930e-01
1.250000000000000000e+01 9.999999919062206866e-01
1.250000000000000000e+01 9.999999999431453679e-01
1.250000000000000000e+01 9.999999999997557509e-01
1.250000000000000000e+01 9.999999999999994449e-01
1.350000000000000000e+01 2.189756247446115864e-15
1.350000000000000000e+01 1.111383088699234599e-12
1.350000000000000000e+01 2.611055378752699910e-10
1.350000000000000000e+01 3.708430226235905208e-08
1.350000000000000000e+01 3.486123271635390534e-06
1.350000000000000000e+01 2.219216957062704299e-04
1.350000000000000000e+01 9.157392761869687439e-03
1.350000000000000000e+01 1.821961030721525598e-01
1.350000000000000000e+01 7.806116703634209397e-01
1.350000000000000000e+01 9.879173398851975874e-01
1.350000000000000000e+01 9.996956363728840556e-01
1.350000000000000000e+01 9.999950913516192363e-01
1.350000000000000000e+01 9.999999466711667617e-01
1.350000000000000000e+01 9.999999996179290696e-01
1.350000000000000000e+01 9.999999999983502086e-01
1.350000000000000000e+01 9.999999999999966693e-01
1.450000000000000000e+01 1.614084077493942382e-14
1.450000000000000000e+01 8.186492196381426360e-12
1.450000000000000000e+01 1.896900196701569741e-09
1.450000000000000000e+01 2.611310744527221047e-07
1.450000000000000000e+01 2.321405112280002913e-05
1.450000000000000000e+01 1.341921907127003547e-03
1.450000000000000000e+01 4.489080127341370935e-02
1.450000000000000000e+01 4.743211437581391632e-01
1.450000000000000000e+01 9.436468137267726153e-01
1.450000000000000000e+01 9.982230627783234000e-01
1.450000000000000000e+01 9.999683399817558271e-01
1.450000000000000000e+01 9.999996356553922938e-01
1.450000000000000000e+01 9.999999973030724298e-01
1.450000000000000000e+01 9.999999999881760138e-01
1.450000000000000000e+01 9.999999999999763522e-01
1.550000000000000000e+01 1.262897154886821320e-13
1.550000000000000000e+01 6.350835827518886741e-11
1.550000000000000000e+01 1.434960641840662951e-08
1.550000000000000000e+01 1.885995192934423192e-06
1.550000000000000000e+01 1.551014828052876566e-04
1.550000000000000000e+01 7.790965407794092287e-03
1.550000000000000000e+01 1.778470193824389090e-01
1.550000000000000000e+01 7.907076841481278651e-01
1.550000000000000000e+01 9.900542822930469278e-01
1.550000000000000000e+01 9.997948811400734215e-01
1.550000000000000000e+01 9.999974431840403799e-01
1.550000000000000000e+01 9.999999801488292928e-01
1.550000000000000000e+01 9.999999999106345960e-01
1.550000000000000000e+01 9.999999999998196998e-01
1.650000000000000000e+01 1.046323863275117446e-12
1.650000000000000000e+01 5.159129944158237860e-10
1.650000000000000000e+01 1.122039270361269378e-07
1.650000000000000000e+01 1.382739328638240864e-05
1.650000000000000000e+01 1.021440875494973371e-03
1.650000000000000000e+01 4.098833762567310329e-02
1.650000000000000000e+01 4.777082238043294793e-01
1.650000000000000000e+01 9.498929822664998746e-01
1.650000000000000000e+01 9.986898095464352698e-01
1.650000000000000000e+01 9.999817669997447256e-01
1.650000000000000000e+01 9.999998487898360544e-01
1.650000000000000000e+01 9.999999992919196279e-01
1.650000000000000000e+01 9.999999999985413890e-01
1.750000000000000000e+01 9.126861135690857043e-12
1.750000000000000000e+01 4.363227215831623543e-09
1.750000000000000000e+01 8.995913414360032923e-07
1.750000000000000000e+01 1.016157037657089532e-04
1.750000000000000000e+01 6.443749599534329651e-03
1.750000000000000000e+01 1.724731574934335876e-01
1.750000000000000000e+01 8.008733982571898391e-01
1.750000000000000000e+01 9.919964847773321548e-01
1.750000000000000000e+01 9.998695955852179296e-01
1.750000000000000000e+01 9.999988179649434983e-01
1.750000000000000000e+01 9.999999941536303893e-01
1.750000000000000000e+01 9.999999999875649470e-01
1.850000000000000000e+01 8.345021890389439257e-11
1.850000000000000000e+01 3.818361263716004206e-08
1.850000000000000000e+01 7.326452094840854836e-06
1.850000000000000000e+01 7.357380280004927617e-04
1.850000000000000000e+01 3.672192949635792736e-02
1.850000000000000000e+01 4.805856715853852323e-01
1.850000000000000000e+01 9.561045870747324482e-01
1.850000000000000000e+01 9.990812058824137809e-01
1.850000000000000000e+01 9.999906082572926902e-01
1.850000000000000000e+01 9.999999500145296816e-01
1.850000000000000000e+01 9.999999998887916242e-01
1.950000000000000000e+01 7.963803520699061614e-10
1.950000000000000000e+01 3.434619546750530458e-07
1.950000000000000000e+01 5.990887765715061911e-05
1.950000000000000000e+01 5.102835924299034889e-03
1.950000000000000000e+01 1.658170124208828144e-01
1.950000000000000000e+01 8.116856119440820638e-01
1.950000000000000000e+01 9.938090916168429434e-01
1.950000000000000000e+01 9.999250613050205683e-01
1.950000000000000000e+01 9.999995605042706348e-01
1.950000000000000000e+01 9.999999989613544971e-01
2.050000000000000000e+01 7.898064867715008168e-09
2.050000000000000000e+01 3.150806273653367508e-06
2.050000000000000000e+01 4.839404056051741540e-04
2.050000000000000000e+01 3.195480758522606379e-02
2.050000000000000000e+01 4.831220906852394248e-01
2.050000000000000000e+01 9.625444766077344561e-01
2.050000000000000000e+01 9.994095064593573330e-01
2.050000000000000000e+01 9.999960579749691547e-01
2.050000000000000000e+01 9.999999899147957727e-01
2.150000000000000000e+01 8.103013633635172298e-08
2.150000000000000000e+01 2.918815167613246828e-05
2.150000000000000000e+01 3.758644245266626240e-03
2.150000000000000000e+01 1.573476001247782752e-01
2.150000000000000000e+01 8.239111149031611570e-01
2.150000000000000000e+01 9.955335470028027212e-01
2.150000000000000000e+01 9.999642973773024135e-01
2.150000000000000000e+01 9.999998986728422246e-01
2.250000000000000000e+01 8.555930714511106596e-07
2.250000000000000000e+01 2.692148446900011465e-04
2.250000000000000000e+01 2.646477163746224770e-02
2.250000000000000000e+01 4.854492922439834213e-01
2.250000000000000000e+01 9.695239299697132607e-01
2.250000000000000000e+01 9.996782272324556962e-01
2.250000000000000000e+01 9.999989522420397181e-01
2.350000000000000000e+01 9.238761912270896667e-06
2.350000000000000000e+01 2.412807295466340082e-03
2.350000000000000000e+01 1.459845398272196504e-01
2.350000000000000000e+01 8.388381399379996051e-01
2.350000000000000000e+01 9.971865366388217300e-01
2.350000000000000000e+01 9.999889237993028202e-01
2.450000000000000000e+01 1.010905042176780770e-04
2.450000000000000000e+01 1.987432142558157727e-02
2.450000000000000000e+01 4.876939901267291488e-01
2.450000000000000000e+01 9.774898350824765547e-01
2.450000000000000000e+01 9.998814388835005618e-01
2.550000000000000000e+01 1.102458573099731904e-03
2.550000000000000000e+01 1.292125817771285490e-01
2.550000000000000000e+01 8.592315556177599900e-01
2.550000000000000000e+01 9.987371878845588968e-01
2.650000000000000000e+01 1.148486570350188037e-02
2.650000000000000000e+01 4.900296555139588839e-01
2.650000000000000000e+01 9.872018098053142454e-01
2.750000000000000000e+01 9.912713679609579109e-02
2.750000000000000000e+01 8.934921749115256606e-01
2.850000000000000000e+01 4.928732129340865908e-01
