-1.950000000000000000e+01 5.122936073577841753e-01
-1.850000000000000000e+01 1.100853582124766972e-01
-1.850000000000000000e+01 9.028443829660719455e-01
-1.750000000000000000e+01 1.367723354918638605e-02
-1.750000000000000000e+01 5.175860719486445882e-01
-1.750000000000000000e+01 9.886918990500491722e-01
-1.650000000000000000e+01 1.410586457174314596e-03
-1.650000000000000000e+01 1.470003679591210533e-01
-1.650000000000000000e+01 8.738016564490176386e-01
-1.650000000000000000e+01 9.988916540651676668e-01
-1.550000000000000000e+01 1.404113830992421432e-04
-1.550000000000000000e+01 2.451639924784373981e-02
-1.550000000000000000e+01 5.223100511379336064e-01
-1.550000000000000000e+01 9.804141825517803666e-01
-1.550000000000000000e+01 9.998945512227385146e-01
-1.450000000000000000e+01 1.415121862288803456e-05
-1.450000000000000000e+01 3.237554700016965093e-03
-1.450000000000000000e+01 1.702521807259698150e-01
-1.450000000000000000e+01 8.579952308064180411e-01
-1.450000000000000000e+01 9.975549676692074819e-01
-1.450000000000000000e+01 9.999898256294175170e-01
-1.350000000000000000e+01 1.473685662574348951e-06
-1.350000000000000000e+01 3.977780008721642103e-04
-1.350000000000000000e+01 3.394042072015404643e-02
-1.350000000000000000e+01 5.272980687707345959e-01
-1.350000000000000000e+01 9.739039611727531298e-01
-1.350000000000000000e+01 9.997142373239202850e-01
-1.350000000000000000e+01 9.999989857046495123e-01
-1.250000000000000000e+01 1.605905300686254456e-07
-1.250000000000000000e+01 4.839607462602421405e-05
-1.250000000000000000e+01 5.327130567537674208e-03
-1.250000000000000000e+01 1.886238088341357366e-01
-1.250000000000000000e+01 8.477401944704221481e-01
-1.250000000000000000e+01 9.961585544925453117e-01
-1.250000000000000000e+01 9.999668919652432431e-01
-1.250000000000000000e+01 9.999998943032627485e-01
-1.150000000000000000e+01 1.849543761817695486e-08
-1.150000000000000000e+01 6.001955735876161913e-06
-1.150000000000000000e+01 7.692096938781255036e-04
-1.150000000000000000e+01 4.287016227298115489e-02
-1.150000000000000000e+01 5.330684041330745471e-01
-1.150000000000000000e+01 9.685013759160431279e-01
-1.150000000000000000e+01 9.994762472298918121e-01
-1.150000000000000000e+01 9.999960943740106023e-01
-1.150000000000000000e+01 9.999999883805230638e-01
-1.050000000000000000e+01 2.271530638866134183e-09
-1.050000000000000000e+01 7.726885918132934445e-07
-1.050000000000000000e+01 1.092469824746623527e-04
-1.050000000000000000e+01 7.719654446275358954e-03
-1.050000000000000000e+01 2.052940326553600869e-01
-1.050000000000000000e+01 8.407376433549486050e-01
-1.050000000000000000e+01 9.947406227158647196e-01
-1.050000000000000000e+01 9.999297452278799181e-01
-1.050000000000000000e+01 9.999995228704016137e-01
-1.050000000000000000e+01 9.999999986413352637e-01
-9.500000000000000000e+00 3.000507468809875398e-10
-9.500000000000000000e+00 1.047218265229983960e-07
-9.500000000000000000e+00 1.576737594776489627e-05
-9.500000000000000000e+00 1.277741674167396594e-03
-9.500000000000000000e+00 5.202051729505881988e-02
-9.500000000000000000e+00 5.402351136895436889e-01
-9.500000000000000000e+00 9.638988938986592370e-01
-9.500000000000000000e+00 9.991872385472140294e-01
-9.500000000000000000e+00 9.999904493185689525e-01
-9.500000000000000000e+00 9.999999388499151154e-01
-9.500000000000000000e+00 9.999999998296875692e-01
-8.500000000000000000e+00 4.298605426956085715e-11
-8.500000000000000000e+00 1.512156880150871081e-08
-8.500000000000000000e+00 2.361472090070839424e-06
-8.500000000000000000e+00 2.081996488507567914e-04
-8.500000000000000000e+00 1.056240528765514664e-02
-8.500000000000000000e+00 2.221802585163800414e-01
-8.500000000000000000e+00 8.362576898438595085e-01
-8.500000000000000000e+00 9.933160994249705666e-01
-8.500000000000000000e+00 9.998765174271282419e-01
-8.500000000000000000e+00 9.999986588415031852e-01
-8.500000000000000000e+00 9.999999916879291906e-01
-8.500000000000000000e+00 9.999999999769377812e-01
-7.500000000000000000e+00 6.733275945437670636e-12
-7.500000000000000000e+00 2.351385483723196817e-09
-7.500000000000000000e+00 3.729285686902370753e-07
-7.500000000000000000e+00 3.456895762581546280e-05
-7.500000000000000000e+00 1.980129257566212459e-03
-7.500000000000000000e+00 6.216393370911928867e-02
-7.500000000000000000e+00 5.497615033582393673e-01
-7.500000000000000000e+00 9.600294257090679073e-01
-7.500000000000000000e+00 9.988506035713887732e-01
-7.500000000000000000e+00 9.999809886709950524e-01
-7.500000000000000000e+00 9.999998026631052861e-01
-7.500000000000000000e+00 9.999999987902650211e-01
-7.500000000000000000e+00 9.999999999966020514e-01
-6.500000000000000000e+00 1.161675999979120422e-12
-6.500000000000000000e+00 3.974535204839641680e-10
-6.500000000000000000e+00 6.291254793352610214e-08
-6.500000000000000000e+00 5.978063876353929568e-06
-6.500000000000000000e+00 3.672404031878047717e-04
-6.500000000000000000e+00 1.413391511452085497e-02
-6.500000000000000000e+00 2.411306435634375800e-01
-6.500000000000000000e+00 8.344468457118657811e-01
-6.500000000000000000e+00 9.919259309352839171e-01
-6.500000000000000000e+00 9.998053649853192448e-01
-6.500000000000000000e+00 9.999969775955251938e-01
-6.500000000000000000e+00 9.999999692379708538e-01
-6.500000000000000000e+00 9.999999998099876608e-01
-6.500000000000000000e+00 9.999999999994517719e-01
-5.500000000000000000e+00 2.220251644139053471e-13
-5.500000000000000000e+00 7.356501722670256985e-11
-5.500000000000000000e+00 1.145263073162792880e-08
-5.500000000000000000e+00 1.093583805279922592e-06
-5.500000000000000000e+00 6.974802449238885402e-05
-5.500000000000000000e+00 2.987675281317002211e-03
-5.500000000000000000e+00 7.438255164770728178e-02
-5.500000000000000000e+00 5.633608812931845122e-01
-5.500000000000000000e+00 9.571270384300268885e-01
-5.500000000000000000e+00 9.984796206785567785e-01
-5.500000000000000000e+00 9.999666218516108929e-01
-5.500000000000000000e+00 9.999994977127849571e-01
-5.500000000000000000e+00 9.999999948808344641e-01
-5.500000000000000000e+00 9.999999999676139062e-01
-5.500000000000000000e+00 9.999999999999026334e-01
-4.500000000000000000e+00 4.711989195768170761e-14
-4.500000000000000000e+00 1.496488133970033588e-11
-4.500000000000000000e+00 2.263004674551649893e-09
-4.500000000000000000e+00 2.137250687855679732e-07
-4.500000000000000000e+00 1.383125339564559206e-05
-4.500000000000000000e+00 6.278345392853241537e-04
-4.500000000000000000e+00 1.892263764656191768e-02
-4.500000000000000000e+00 2.646617272068239601e-01
-4.500000000000000000e+00 8.364522217459450237e-01
-4.500000000000000000e+00 9.907187667662257224e-01
-4.500000000000000000e+00 9.997187515509813327e-01
-4.500000000000000000e+00 9.999941236541618483e-01
-4.500000000000000000e+00 9.999999122557660103e-01
-4.500000000000000000e+00 9.999999990884775869e-01
-4.500000000000000000e+00 9.999999999940043516e-01
-4.500000000000000000e+00 9.999999999999810152e-01
-3.500000000000000000e+00 1.105966319400837714e-14
-3.500000000000000000e+00 3.335396619533648993e-12
-3.500000000000000000e+00 4.846802378953420800e-10
-3.500000000000000000e+00 4.470613459516850090e-08
-3.500000000000000000e+00 2.887542140909335041e-06
-3.500000000000000000e+00 1.350378089917516960e-04
-3.500000000000000000e+00 4.493001659028461083e-03
-3.500000000000000000e+00 9.034181764087570454e-02
-3.500000000000000000e+00 5.841730889409585403e-01
-3.500000000000000000e+00 9.560077304662439879e-01
-3.500000000000000000e+00 9.981355565614479231e-01
-3.500000000000000000e+00 9.999479636130385041e-01
-3.500000000000000000e+00 9.999989370870520089e-01
-3.500000000000000000e+00 9.999999839665004719e-01
-3.500000000000000000e+00 9.999999998275905799e-01
-3.500000000000000000e+00 9.999999999988035126e-01
-3.500000000000000000e+00 9.999999999999958922e-01
-2.500000000000000000e+00 2.827681078780262905e-15
-2.500000000000000000e+00 8.020411251375407151e-13
-2.500000000000000000e+00 1.108706410471224398e-10
-2.500000000000000000e+00 9.888992234048164426e-09
-2.500000000000000000e+00 6.305117921507587767e-07
-2.500000000000000000e+00 2.989352248809727200e-05
-2.500000000000000000e+00 1.052976422072628973e-03
-2.500000000000000000e+00 2.563788078742133478e-02
-2.500000000000000000e+00 2.964532134807537078e-01
-2.500000000000000000e+00 8.449755324789746114e-01
-2.500000000000000000e+00 9.901390737218764837e-01
-2.500000000000000000e+00 9.996402644844564200e-01
-2.500000000000000000e+00 9.999904378417954209e-01
-2.500000000000000000e+00 9.999998061334527399e-01
-2.500000000000000000e+00 9.999999970091468793e-01
-2.500000000000000000e+00 9.999999999662541050e-01
-2.500000000000000000e+00 9.999999999997489786e-01
-2.500000000000000000e+00 9.999999999999991118e-01
-1.500000000000000000e+00 7.785504661070266666e-16
-1.500000000000000000e+00 2.003406796482289352e-13
-1.500000000000000000e+00 2.604507954307104210e-11
-1.500000000000000000e+00 2.228738844190387073e-09
-1.500000000000000000e+00 1.395656701844869138e-07
-1.500000000000000000e+00 6.672187179451013297e-06
-1.500000000000000000e+00 2.450342216312396590e-04
-1.500000000000000000e+00 6.674385421555204499e-03
-1.500000000000000000e+00 1.118672866823101214e-01
-1.500000000000000000e+00 6.168170044755717507e-01
-1.500000000000000000e+00 9.584600542421111147e-01
-1.500000000000000000e+00 9.980148063971204797e-01
-1.500000000000000000e+00 9.999342517748619485e-01
-1.500000000000000000e+00 9.999983233875273658e-01
-1.500000000000000000e+00 9.999999662544258872e-01
-1.500000000000000000e+00 9.999999994661100677e-01
-1.500000000000000000e+00 9.999999999936074468e-01
-1.500000000000000000e+00 9.999999999999478195e-01
-1.500000000000000000e+00 9.999999999999997780e-01
-5.000000000000000000e-01 2.170063751983377625e-16
-5.000000000000000000e-01 4.793918705680466528e-14
-5.000000000000000000e-01 5.761050514870587218e-12
-5.000000000000000000e-01 4.705723889426488921e-10
-5.000000000000000000e-01 2.908999540758903763e-08
-5.000000000000000000e-01 1.415835671560215704e-06
-5.000000000000000000e-01 5.455700794710548413e-05
-5.000000000000000000e-01 1.628133219857344927e-03
-5.000000000000000000e-01 3.428971466761342873e-02
-5.000000000000000000e-01 3.388804541126965719e-01
-5.000000000000000000e-01 8.633633233113724437e-01
-5.000000000000000000e-01 9.910259809549761822e-01
-5.000000000000000000e-01 9.996426599122593126e-01
-5.000000000000000000e-01 9.999892746062416515e-01
-5.000000000000000000e-01 9.999997442806679571e-01
-5.000000000000000000e-01 9.999999950618997380e-01
-5.000000000000000000e-01 9.999999999223111447e-01
-5.000000000000000000e-01 9.999999999990191180e-01
-5.000000000000000000e-01 9.999999999999908962e-01
-5.000000000000000000e-01 9.999999999999998890e-01
5.000000000000000000e-01 5.765526904378318833e-17
5.000000000000000000e-01 9.106233772581114793e-15
5.000000000000000000e-01 9.809073880328026776e-13
5.000000000000000000e-01 7.768880670741664814e-11
5.000000000000000000e-01 4.938100296326638790e-09
5.000000000000000000e-01 2.557193320485558213e-07
5.000000000000000000e-01 1.072539375837970566e-05
5.000000000000000000e-01 3.573400877407266214e-04
5.000000000000000000e-01 8.974019045023772650e-03
5.000000000000000000e-01 1.366366766886275286e-01
5.000000000000000000e-01 6.611195458873034836e-01
5.000000000000000000e-01 9.657102853323865643e-01
5.000000000000000000e-01 9.983718667801426694e-01
5.000000000000000000e-01 9.999454429920529019e-01
5.000000000000000000e-01 9.999985841643284079e-01
5.000000000000000000e-01 9.999999709100045875e-01
5.000000000000000000e-01 9.999999995294276411e-01
5.000000000000000000e-01 9.999999999942389417e-01
5.000000000000000000e-01 9.999999999999520384e-01
5.000000000000000000e-01 9.999999999999997780e-01
1.500000000000000000e+00 2.320411136897067362e-16
1.500000000000000000e+00 5.212545584253650210e-14
1.500000000000000000e+00 6.392560815805175066e-12
1.500000000000000000e+00 5.338899798771930623e-10
1.500000000000000000e+00 3.374557415649657624e-08
1.500000000000000000e+00 1.676612472654372865e-06
1.500000000000000000e+00 6.574822513805995007e-05
1.500000000000000000e+00 1.985193602879521159e-03
1.500000000000000000e+00 4.153994575788885063e-02
1.500000000000000000e+00 3.831829955244282493e-01
1.500000000000000000e+00 8.881327133176898370e-01
1.500000000000000000e+00 9.933256145784448155e-01
1.500000000000000000e+00 9.997549657783687538e-01
1.500000000000000000e+00 9.999933278128205760e-01
1.500000000000000000e+00 9.999998604343298680e-01
1.500000000000000000e+00 9.999999977712611399e-01
1.500000000000000000e+00 9.999999999739549450e-01
1.500000000000000000e+00 9.999999999997996047e-01
1.500000000000000000e+00 9.999999999999992228e-01
2.500000000000000000e+00 9.272441124512072815e-16
2.500000000000000000e+00 2.510742847981369711e-13
2.500000000000000000e+00 3.374590531501719710e-11
2.500000000000000000e+00 2.990853140084672890e-09
2.500000000000000000e+00 1.938665472894438067e-07
2.500000000000000000e+00 9.562158204523939971e-06
2.500000000000000000e+00 3.597355155435549737e-04
2.500000000000000000e+00 9.860926278123497216e-03
2.500000000000000000e+00 1.550244675210253886e-01
2.500000000000000000e+00 7.035467865192462922e-01
2.500000000000000000e+00 9.743621192125786479e-01
2.500000000000000000e+00 9.989470235779274176e-01
2.500000000000000000e+00 9.999701064775119441e-01
2.500000000000000000e+00 9.999993694882078898e-01
2.500000000000000000e+00 9.999999901110078193e-01
2.500000000000000000e+00 9.999999998891293540e-01
2.500000000000000000e+00 9.999999999991979749e-01
2.500000000000000000e+00 9.999999999999972244e-01
3.500000000000000000e+00 4.058859052988251674e-15
3.500000000000000000e+00 1.196436336193289503e-12
3.500000000000000000e+00 1.724094115101559186e-10
3.500000000000000000e+00 1.603349948527305913e-08
3.500000000000000000e+00 1.062912947983180870e-06
3.500000000000000000e+00 5.203638696147817465e-05
3.500000000000000000e+00 1.864443438552099066e-03
3.500000000000000000e+00 4.399226953375597743e-02
3.500000000000000000e+00 4.158269110590414042e-01
3.500000000000000000e+00 9.096581823591243232e-01
3.500000000000000000e+00 9.955069983409715606e-01
3.500000000000000000e+00 9.998649621910082885e-01
3.500000000000000000e+00 9.999971124578590498e-01
3.500000000000000000e+00 9.999999552938654279e-01
3.500000000000000000e+00 9.999999995153198151e-01
3.500000000000000000e+00 9.999999999966645570e-01
3.500000000000000000e+00 9.999999999999888978e-01
4.500000000000000000e+00 1.901600728652826578e-14
4.500000000000000000e+00 5.995650126147220220e-12
4.500000000000000000e+00 9.115224373990973276e-10
4.500000000000000000e+00 8.774423399618239262e-08
4.500000000000000000e+00 5.876345838109701366e-06
4.500000000000000000e+00 2.812484490186391121e-04
4.500000000000000000e+00 9.281233233774267150e-03
4.500000000000000000e+00 1.635477782540549208e-01
4.500000000000000000e+00 7.353382727931759844e-01
4.500000000000000000e+00 9.810773623534381205e-01
4.500000000000000000e+00 9.993721654607147231e-01
4.500000000000000000e+00 9.999861687466043980e-01
4.500000000000000000e+00 9.999997862749312461e-01
4.500000000000000000e+00 9.999999977369953275e-01
4.500000000000000000e+00 9.999999999850350818e-01
4.500000000000000000e+00 9.999999999999529265e-01
5.500000000000000000e+00 9.731654719469698565e-14
5.500000000000000000e+00 3.238604179439969668e-11
5.500000000000000000e+00 5.119165493696350229e-09
5.500000000000000000e+00 5.022872150557453977e-07
5.500000000000000000e+00 3.337814838914984934e-05
5.500000000000000000e+00 1.520379321443184658e-03
5.500000000000000000e+00 4.287296156997310453e-02
5.500000000000000000e+00 4.366391187068155433e-01
5.500000000000000000e+00 9.256174483522927599e-01
5.500000000000000000e+00 9.970123247186829518e-01
5.500000000000000000e+00 9.999302519755075558e-01
5.500000000000000000e+00 9.999989064161947105e-01
5.500000000000000000e+00 9.999999885473692673e-01
5.500000000000000000e+00 9.999999999264349571e-01
5.500000000000000000e+00 9.999999999997779554e-01
6.500000000000000000e+00 5.482625459437813158e-13
6.500000000000000000e+00 1.900123127425135734e-10
6.500000000000000000e+00 3.076202912696000202e-08
6.500000000000000000e+00 3.022404474832667257e-06
6.500000000000000000e+00 1.946350146807795641e-04
6.500000000000000000e+00 8.074069064716117572e-03
6.500000000000000000e+00 1.655531542881341633e-01
6.500000000000000000e+00 7.588693564365623923e-01
6.500000000000000000e+00 9.858660848854791103e-01
6.500000000000000000e+00 9.996327595968121926e-01
6.500000000000000000e+00 9.999940219361236338e-01
6.500000000000000000e+00 9.999999370874520510e-01
6.500000000000000000e+00 9.999999996025464855e-01
6.500000000000000000e+00 9.999999999988383736e-01
7.500000000000000000e+00 3.397998622136191945e-12
7.500000000000000000e+00 1.209734986547242262e-09
7.500000000000000000e+00 1.973368947285764498e-07
7.500000000000000000e+00 1.901132900495182719e-05
7.500000000000000000e+00 1.149396428611262379e-03
7.500000000000000000e+00 3.997057429093214126e-02
7.500000000000000000e+00 4.502384966417606327e-01
7.500000000000000000e+00 9.378360662908806766e-01
7.500000000000000000e+00 9.980198707424338123e-01
7.500000000000000000e+00 9.999654310423742309e-01
7.500000000000000000e+00 9.999996270714313074e-01
7.500000000000000000e+00 9.999999976486144693e-01
7.500000000000000000e+00 9.999999999932667194e-01
8.500000000000000000e+00 2.306216634780959422e-11
8.500000000000000000e+00 8.312070823665860320e-09
8.500000000000000000e+00 1.341158496868134203e-06
8.500000000000000000e+00 1.234825728717628120e-04
8.500000000000000000e+00 6.683900575029425549e-03
8.500000000000000000e+00 1.637423101561405192e-01
8.500000000000000000e+00 7.778197414836199863e-01
8.500000000000000000e+00 9.894375947123448256e-01
8.500000000000000000e+00 9.997918003511492291e-01
8.500000000000000000e+00 9.999976385279099045e-01
8.500000000000000000e+00 9.999999848784312251e-01
8.500000000000000000e+00 9.999999999570139408e-01
9.500000000000000000e+00 1.703123881482122187e-10
9.500000000000000000e+00 6.115008487409559891e-08
9.500000000000000000e+00 9.550681431003365233e-06
9.500000000000000000e+00 8.127614527859861743e-04
9.500000000000000000e+00 3.610110610134072834e-02
9.500000000000000000e+00 4.597648863104562555e-01
9.500000000000000000e+00 9.479794827049411454e-01
9.500000000000000000e+00 9.987222583258326125e-01
9.500000000000000000e+00 9.999842326240522272e-01
9.500000000000000000e+00 9.999998952781734562e-01
9.500000000000000000e+00 9.999999996999492380e-01
1.050000000000000000e+01 1.358664743634339164e-09
1.050000000000000000e+01 4.771295984130647843e-07
1.050000000000000000e+01 7.025477212008234343e-05
1.050000000000000000e+01 5.259377284135302068e-03
1.050000000000000000e+01 1.592623566450514228e-01
1.050000000000000000e+01 7.947059673446399408e-01
1.050000000000000000e+01 9.922803455537246853e-01
1.050000000000000000e+01 9.998907530175253910e-01
1.050000000000000000e+01 9.999992273114082231e-01
1.050000000000000000e+01 9.999999977284693697e-01
1.150000000000000000e+01 1.161947693400645328e-08
1.150000000000000000e+01 3.905625989450677084e-06
1.150000000000000000e+01 5.237527701081812681e-04
1.150000000000000000e+01 3.149862408395691371e-02
1.150000000000000000e+01 4.669315958669255084e-01
1.150000000000000000e+01 9.571298377270188729e-01
1.150000000000000000e+01 9.992307903061218299e-01
1.150000000000000000e+01 9.999939980442641430e-01
1.150000000000000000e+01 9.999999815045623741e-01
1.250000000000000000e+01 1.056967372302263962e-07
1.250000000000000000e+01 3.310803475674216426e-05
1.250000000000000000e+01 3.841445507454735106e-03
1.250000000000000000e+01 1.522598055295778241e-01
1.250000000000000000e+01 8.113761911658642356e-01
1.250000000000000000e+01 9.946728694324623588e-01
1.250000000000000000e+01 9.999516039253739663e-01
1.250000000000000000e+01 9.999998394094699039e-01
1.350000000000000000e+01 1.014295350523274340e-06
1.350000000000000000e+01 2.857626760797689976e-04
1.350000000000000000e+01 2.609603882724685284e-02
1.350000000000000000e+01 4.727019312292654596e-01
1.350000000000000000e+01 9.660595792798459813e-01
1.350000000000000000e+01 9.996022219991278490e-01
1.350000000000000000e+01 9.999985263143373881e-01
1.450000000000000000e+01 1.017437058247328195e-05
1.450000000000000000e+01 2.445032330792563241e-03
1.450000000000000000e+01 1.420047691935819312e-01
1.450000000000000000e+01 8.297478192740301850e-01
1.450000000000000000e+01 9.967624452999830353e-01
1.450000000000000000e+01 9.999858487813770846e-01
1.550000000000000000e+01 1.054487772615381018e-04
1.550000000000000000e+01 1.958581744821964038e-02
1.550000000000000000e+01 4.776899488620663936e-01
1.550000000000000000e+01 9.754836007521562324e-01
1.550000000000000000e+01 9.998595886169007185e-01
1.650000000000000000e+01 1.108345934832302877e-03
1.650000000000000000e+01 1.261983435509823614e-01
1.650000000000000000e+01 8.529996320408789190e-01
1.650000000000000000e+01 9.985894135428257101e-01
1.750000000000000000e+01 1.130810094995087813e-02
1.750000000000000000e+01 4.824139280513554118e-01
1.750000000000000000e+01 9.863227664508136261e-01
1.850000000000000000e+01 9.715561703392809612e-02
1.850000000000000000e+01 8.899146417875233306e-01
1.950000000000000000e+01 4.877063926422157691e-01
