-2.950000000000000000e+01 5.067785564724762715e-01
-2.850000000000000000e+01 1.062639708798974597e-01
-2.850000000000000000e+01 9.007479253983468048e-01
-2.750000000000000000e+01 1.273819920052577520e-02
-2.750000000000000000e+01 5.094675641491906992e-01
-2.750000000000000000e+01 9.885067577850656928e-01
-2.650000000000000000e+01 1.252843565381451521e-03
-2.650000000000000000e+01 1.403522946671566518e-01
-2.650000000000000000e+01 8.706045065440546349e-01
-2.650000000000000000e+01 9.988986645773478834e-01
-2.550000000000000000e+01 1.171246811782026013e-04
-2.550000000000000000e+01 2.237694328083567052e-02
-2.550000000000000000e+01 5.116626276480003011e-01
-2.550000000000000000e+01 9.801152462142422861e-01
-2.550000000000000000e+01 9.998993090491780089e-01
-2.450000000000000000e+01 1.088202307053184034e-05
-2.450000000000000000e+01 2.785860329236486410e-03
-2.450000000000000000e+01 1.605713434401968565e-01
-2.450000000000000000e+01 8.537857932401790029e-01
-2.450000000000000000e+01 9.975914235193307222e-01
-2.450000000000000000e+01 9.999908364503916625e-01
-2.350000000000000000e+01 1.022306373191781467e-06
-2.350000000000000000e+01 3.169962202554022944e-04
-2.350000000000000000e+01 3.025390431484782303e-02
-2.350000000000000000e+01 5.137578488069090010e-01
-2.350000000000000000e+01 9.735273205099362892e-01
-2.350000000000000000e+01 9.997322302330129418e-01
-2.350000000000000000e+01 9.999991561237461246e-01
-2.250000000000000000e+01 9.802964361256796770e-08
-2.250000000000000000e+01 3.494452753120494702e-05
-2.250000000000000000e+01 4.412849701336691785e-03
-2.250000000000000000e+01 1.753030874536011530e-01
-2.250000000000000000e+01 8.423764072746818821e-01
-2.250000000000000000e+01 9.962510380384207442e-01
-2.250000000000000000e+01 9.999711152132133574e-01
-2.250000000000000000e+01 9.999999206504079918e-01
-2.150000000000000000e+01 9.657230620581048500e-09
-2.150000000000000000e+01 3.827082656613145063e-06
-2.150000000000000000e+01 5.798598729385199234e-04
-2.150000000000000000e+01 3.712315142213171854e-02
-2.150000000000000000e+01 5.159134585747988666e-01
-2.150000000000000000e+01 9.680434132805166847e-01
-2.150000000000000000e+01 9.995194333988199897e-01
-2.150000000000000000e+01 9.999969026290398411e-01
-2.150000000000000000e+01 9.999999923342604013e-01
-2.050000000000000000e+01 9.824312179328032131e-10
-2.050000000000000000e+01 4.224483735897325564e-07
-2.050000000000000000e+01 7.302296315787026577e-05
-2.050000000000000000e+01 6.100727391597979103e-03
-2.050000000000000000e+01 1.872975268618670142e-01
-2.050000000000000000e+01 8.338544111177090823e-01
-2.050000000000000000e+01 9.949150180773261853e-01
-2.050000000000000000e+01 9.999408680176353759e-01
-2.050000000000000000e+01 9.999996651977902662e-01
-2.050000000000000000e+01 9.999999992353704181e-01
-1.950000000000000000e+01 1.036728837397965734e-10
-1.950000000000000000e+01 4.747140630786908582e-08
-1.950000000000000000e+01 9.064127581865772025e-06
-1.950000000000000000e+01 8.988130215320509243e-04
-1.950000000000000000e+01 4.342332649470091038e-02
-1.950000000000000000e+01 5.182422500588672598e-01
-1.950000000000000000e+01 9.632850969317646728e-01
-1.950000000000000000e+01 9.992707344342189879e-01
-1.950000000000000000e+01 9.999928253051590943e-01
-1.950000000000000000e+01 9.999999631648168741e-01
-1.950000000000000000e+01 9.999999999209102652e-01
-1.850000000000000000e+01 1.139668842436080212e-11
-1.850000000000000000e+01 5.473049957800190568e-09
-1.850000000000000000e+01 1.127466792574136964e-06
-1.850000000000000000e+01 1.263995512706401060e-04
-1.850000000000000000e+01 7.862352480454300879e-03
-1.850000000000000000e+01 1.978250619876904814e-01
-1.850000000000000000e+01 8.271318883289743296e-01
-1.850000000000000000e+01 9.935854120933613753e-01
-1.850000000000000000e+01 9.999000023467665699e-01
-1.850000000000000000e+01 9.999991277371307330e-01
-1.850000000000000000e+01 9.999999958437209013e-01
-1.850000000000000000e+01 9.999999999914821469e-01
-1.750000000000000000e+01 1.310524915532767811e-12
-1.750000000000000000e+01 6.516887407715481897e-10
-1.750000000000000000e+01 1.421973260177735346e-07
-1.750000000000000000e+01 1.747243527933878561e-05
-1.750000000000000000e+01 1.275801826197114647e-03
-1.750000000000000000e+01 4.945336892289236425e-02
-1.750000000000000000e+01 5.208570985045537505e-01
-1.750000000000000000e+01 9.590286113910538868e-01
-1.750000000000000000e+01 9.989896625887686454e-01
-1.750000000000000000e+01 9.999865189198068327e-01
-1.750000000000000000e+01 9.999998925248295700e-01
-1.750000000000000000e+01 9.999999995159347677e-01
-1.750000000000000000e+01 9.999999999990409894e-01
-1.650000000000000000e+01 1.583025946762624761e-13
-1.650000000000000000e+01 8.062365721154570277e-11
-1.650000000000000000e+01 1.835440919039122005e-08
-1.650000000000000000e+01 2.416227358470243657e-06
-1.650000000000000000e+01 1.975445942643724298e-04
-1.650000000000000000e+01 9.732968150135301588e-03
-1.650000000000000000e+01 2.076271701023550964e-01
-1.650000000000000000e+01 8.216665790479615872e-01
-1.650000000000000000e+01 9.922529824460777359e-01
-1.650000000000000000e+01 9.998478935525756395e-01
-1.650000000000000000e+01 9.999981825727661811e-01
-1.650000000000000000e+01 9.999999864567813423e-01
-1.650000000000000000e+01 9.999999999414698193e-01
-1.650000000000000000e+01 9.999999999998866462e-01
-1.550000000000000000e+01 2.017957720984223821e-14
-1.550000000000000000e+01 1.042216187133930206e-11
-1.550000000000000000e+01 2.444124334747238017e-09
-1.550000000000000000e+01 3.385672639409789245e-07
-1.550000000000000000e+01 3.007777114913596540e-05
-1.550000000000000000e+01 1.720499403315562705e-03
-1.550000000000000000e+01 5.545699516696241810e-02
-1.550000000000000000e+01 5.238976061600902900e-01
-1.550000000000000000e+01 9.551339091808013215e-01
-1.550000000000000000e+01 9.986757820415865794e-01
-1.550000000000000000e+01 9.999774831020704635e-01
-1.550000000000000000e+01 9.999997519399691503e-01
-1.550000000000000000e+01 9.999999982410353594e-01
-1.550000000000000000e+01 9.999999999926121319e-01
-1.550000000000000000e+01 9.999999999999859002e-01
-1.450000000000000000e+01 2.746680317000301814e-15
-1.450000000000000000e+01 1.415609622739681366e-12
-1.450000000000000000e+01 3.382118710568971162e-10
-1.450000000000000000e+01 4.857092468069592006e-08
-1.450000000000000000e+01 4.586338774805037767e-06
-1.450000000000000000e+01 2.908043398179510435e-04
-1.450000000000000000e+01 1.176757886852242488e-02
-1.450000000000000000e+01 2.172415043031066806e-01
-1.450000000000000000e+01 8.171817938289447358e-01
-1.450000000000000000e+01 9.909047447657001184e-01
-1.450000000000000000e+01 9.997832149097972687e-01
-1.450000000000000000e+01 9.999966646284653704e-01
-1.450000000000000000e+01 9.999999653758121498e-01
-1.450000000000000000e+01 9.999999997628837844e-01
-1.450000000000000000e+01 9.999999999990212274e-01
-1.450000000000000000e+01 9.999999999999981126e-01
-1.350000000000000000e+01 3.955585329184810272e-16
-1.350000000000000000e+01 2.031566777902033329e-13
-1.350000000000000000e+01 4.896836787889800672e-11
-1.350000000000000000e+01 7.198749202401979405e-09
-1.350000000000000000e+01 7.099033553907499221e-07
-1.350000000000000000e+01 4.845944244878587248e-05
-1.350000000000000000e+01 2.251581997715139567e-03
-1.350000000000000000e+01 6.167421707481100107e-02
-1.350000000000000000e+01 5.275594079884056153e-01
-1.350000000000000000e+01 9.515148645296971353e-01
-1.350000000000000000e+01 9.983258311495738502e-01
-1.350000000000000000e+01 9.999650276655700498e-01
-1.350000000000000000e+01 9.999994991596489191e-01
-1.350000000000000000e+01 9.999999950144669025e-01
-1.350000000000000000e+01 9.999999999666028261e-01
-1.350000000000000000e+01 9.999999999998632205e-01
-1.350000000000000000e+01 9.999999999999997780e-01
-1.250000000000000000e+01 7.390906057557386916e-17
-1.250000000000000000e+01 3.098548590213844816e-14
-1.250000000000000000e+01 7.468062551920067799e-12
-1.250000000000000000e+01 1.111443818603567233e-09
-1.250000000000000000e+01 1.128003061064432316e-07
-1.250000000000000000e+01 8.113105882355012933e-06
-1.250000000000000000e+01 4.135048478805424454e-04
-1.250000000000000000e+01 1.404772110230477142e-02
-1.250000000000000000e+01 2.271578188784054431e-01
-1.250000000000000000e+01 8.135693814288225134e-01
-1.250000000000000000e+01 9.895277148834200620e-01
-1.250000000000000000e+01 9.997038027103560820e-01
-1.250000000000000000e+01 9.999943402293944850e-01
-1.250000000000000000e+01 9.999999229379993304e-01
-1.250000000000000000e+01 9.999999992535325566e-01
-1.250000000000000000e+01 9.999999999950535123e-01
-1.250000000000000000e+01 9.999999999999796829e-01
-1.250000000000000000e+01 1.000000000000000000e+00
-1.150000000000000000e+01 4.831963589624964308e-17
-1.150000000000000000e+01 5.060629547553039100e-15
-1.150000000000000000e+01 1.207691371422956661e-12
-1.150000000000000000e+01 1.801738579508306532e-10
-1.150000000000000000e+01 1.858294249859063138e-08
-1.150000000000000000e+01 1.384185332634202542e-06
-1.150000000000000000e+01 7.520178717599622115e-05
-1.150000000000000000e+01 2.900718489958763711e-03
-1.150000000000000000e+01 6.838759200147892514e-02
-1.150000000000000000e+01 5.321406397222485651e-01
-1.150000000000000000e+01 9.481320337977774404e-01
-1.150000000000000000e+01 9.979345470313684130e-01
-1.150000000000000000e+01 9.999481683727611259e-01
-1.150000000000000000e+01 9.999990686660443773e-01
-1.150000000000000000e+01 9.999999877346078536e-01
-1.150000000000000000e+01 9.999999998829022241e-01
-1.150000000000000000e+01 9.999999999992246202e-01
-1.150000000000000000e+01 9.999999999999967804e-01
-1.150000000000000000e+01 1.000000000000000000e+00
-1.050000000000000000e+01 1.098663444673201394e-17
-1.050000000000000000e+01 8.979734019108270591e-16
-1.050000000000000000e+01 2.084807273632493310e-13
-1.050000000000000000e+01 3.090306484893196257e-11
-1.050000000000000000e+01 3.203392702317309750e-09
-1.050000000000000000e+01 2.435551074029348738e-07
-1.050000000000000000e+01 1.381036371877748121e-05
-1.050000000000000000e+01 5.779976502553170557e-04
-1.050000000000000000e+01 1.669763543155460342e-02
-1.050000000000000000e+01 2.379341383478057737e-01
-1.050000000000000000e+01 8.108749984645984288e-01
-1.050000000000000000e+01 9.881138312547441682e-01
-1.050000000000000000e+01 9.996065804249635312e-01
-1.050000000000000000e+01 9.999908648912190223e-01
-1.050000000000000000e+01 9.999998424029340471e-01
-1.050000000000000000e+01 9.999999979629438096e-01
-1.050000000000000000e+01 9.999999999806139517e-01
-1.050000000000000000e+01 9.999999999998705480e-01
-1.050000000000000000e+01 9.999999999999994449e-01
-1.050000000000000000e+01 1.000000000000000000e+00
-9.500000000000000000e+00 1.142853521432894306e-17
-9.500000000000000000e+00 1.801201774614582517e-16
-9.500000000000000000e+00 3.869033239250479319e-14
-9.500000000000000000e+00 5.650529319434560586e-12
-9.500000000000000000e+00 5.829055575889039418e-10
-9.500000000000000000e+00 4.467394432243765196e-08
-9.500000000000000000e+00 2.599348304943275512e-06
-9.500000000000000000e+00 1.147477021256283942e-04
-9.500000000000000000e+00 3.720900465537858772e-03
-9.500000000000000000e+00 7.598335094573219206e-02
-9.500000000000000000e+00 5.381279787085718747e-01
-9.500000000000000000e+00 9.450071158592624476e-01
-9.500000000000000000e+00 9.974962704339526143e-01
-9.500000000000000000e+00 9.999255258273364033e-01
-9.500000000000000000e+00 9.999983559120328991e-01
-9.500000000000000000e+00 9.999999723007634289e-01
-9.500000000000000000e+00 9.999999996440744887e-01
-9.500000000000000000e+00 9.999999999965887287e-01
-9.500000000000000000e+00 9.999999999999767963e-01
-9.500000000000000000e+00 9.999999999999998890e-01
-9.500000000000000000e+00 1.000000000000000000e+00
-8.500000000000000000e+00 1.498542568032286615e-18
-8.500000000000000000e+00 4.125263256770161972e-17
-8.500000000000000000e+00 7.770728648970747343e-15
-8.500000000000000000e+00 1.109565414168597036e-12
-8.500000000000000000e+00 1.129061640286692107e-10
-8.500000000000000000e+00 8.627142850592185350e-09
-8.500000000000000000e+00 5.077833715904882245e-07
-8.500000000000000000e+00 2.315853608203554794e-05
-8.500000000000000000e+00 8.056102634577329584e-04
-8.500000000000000000e+00 1.991586986117057853e-02
-8.500000000000000000e+00 2.503380141861603070e-01
-8.500000000000000000e+00 8.093533336760747599e-01
-8.500000000000000000e+00 9.866719174035446516e-01
-8.500000000000000000e+00 9.994878667680261453e-01
-8.500000000000000000e+00 9.999857323846830237e-01
-8.500000000000000000e+00 9.999996943493317803e-01
-8.500000000000000000e+00 9.999999948973123942e-01
-8.500000000000000000e+00 9.999999999340671852e-01
-8.500000000000000000e+00 9.999999999993576250e-01
-8.500000000000000000e+00 9.999999999999955591e-01
-8.500000000000000000e+00 1.000000000000000000e+00
-8.500000000000000000e+00 1.000000000000000000e+00
-7.500000000000000000e+00 2.617563635917043988e-17
-7.500000000000000000e+00 3.366544782768385936e-17
-7.500000000000000000e+00 1.700139183700302750e-15
-7.500000000000000000e+00 2.356039117006082561e-13
-7.500000000000000000e+00 2.346363466434144593e-11
-7.500000000000000000e+00 1.770161217905746475e-09
-7.500000000000000000e+00 1.041094974788933559e-07
-7.500000000000000000e+00 4.824709546959193083e-06
-7.500000000000000000e+00 1.750901593337471840e-04
-7.500000000000000000e+00 4.802730187184666918e-03
-7.500000000000000000e+00 8.505355491736699136e-02
-7.500000000000000000e+00 5.463686261321858417e-01
-7.500000000000000000e+00 9.422756614539709030e-01
-7.500000000000000000e+00 9.970100828871488741e-01
-7.500000000000000000e+00 9.998953633605506264e-01
-7.500000000000000000e+00 9.999971960003281035e-01
-7.500000000000000000e+00 9.999999407207416091e-01
-7.500000000000000000e+00 9.999999990067122146e-01
-7.500000000000000000e+00 9.999999999869589873e-01
-7.500000000000000000e+00 9.999999999998697708e-01
-7.500000000000000000e+00 9.999999999999990008e-01
-7.500000000000000000e+00 1.000000000000000000e+00
-7.500000000000000000e+00 1.000000000000000000e+00
-6.500000000000000000e+00 6.052967804022056087e-18
-6.500000000000000000e+00 2.165582638404608293e-17
-6.500000000000000000e+00 4.179243711436201808e-16
-6.500000000000000000e+00 5.444287861332021805e-14
-6.500000000000000000e+00 5.268411694147104990e-12
-6.500000000000000000e+00 3.890711419713973162e-10
-6.500000000000000000e+00 2.262273623049774099e-08
-6.500000000000000000e+00 1.050715455313252694e-06
-6.500000000000000000e+00 3.898591851140720564e-05
-6.500000000000000000e+00 1.134236747228425457e-03
-6.500000000000000000e+00 2.403480194185308311e-02
-6.500000000000000000e+00 2.655809295654676938e-01
-6.500000000000000000e+00 8.096358722078652592e-01
-6.500000000000000000e+00 9.852610774412995376e-01
-6.500000000000000000e+00 9.993453924812631950e-01
-6.500000000000000000e+00 9.999782741001497222e-01
-6.500000000000000000e+00 9.999994286710585101e-01
-6.500000000000000000e+00 9.999999879077788867e-01
-6.500000000000000000e+00 9.999999997942825569e-01
-6.500000000000000000e+00 9.999999999972292164e-01
-6.500000000000000000e+00 9.999999999999713562e-01
-6.500000000000000000e+00 9.999999999999997780e-01
-6.500000000000000000e+00 1.000000000000000000e+00
-6.500000000000000000e+00 1.000000000000000000e+00
-5.500000000000000000e+00 1.146189098351806449e-17
-5.500000000000000000e+00 1.388013093693491176e-17
-5.500000000000000000e+00 1.160578956553292768e-16
-5.500000000000000000e+00 1.376706648400761271e-14
-5.500000000000000000e+00 1.285008943332554691e-12
-5.500000000000000000e+00 9.219207210862782759e-11
-5.500000000000000000e+00 5.251047917531418652e-09
-5.500000000000000000e+00 2.416128698946090233e-07
-5.500000000000000000e+00 9.023412370164421437e-06
-5.500000000000000000e+00 2.709985662107923868e-04
-5.500000000000000000e+00 6.303897070067608979e-03
-5.500000000000000000e+00 9.657694488878182382e-02
-5.500000000000000000e+00 5.584218632106631164e-01
-5.500000000000000000e+00 9.403285924735345080e-01
-5.500000000000000000e+00 9.964971130912833042e-01
-5.500000000000000000e+00 9.998564294986300727e-01
-5.500000000000000000e+00 9.999953635714287081e-01
-5.500000000000000000e+00 9.999998783996040252e-01
-5.500000000000000000e+00 9.999999973908053619e-01
-5.500000000000000000e+00 9.999999999544584295e-01
-5.500000000000000000e+00 9.999999999993650635e-01
-5.500000000000000000e+00 9.999999999999931166e-01
-5.500000000000000000e+00 9.999999999999998890e-01
-5.500000000000000000e+00 1.000000000000000000e+00
-5.500000000000000000e+00 1.000000000000000000e+00
-4.500000000000000000e+00 7.017483531172893490e-18
-4.500000000000000000e+00 7.924640334051526490e-18
-4.500000000000000000e+00 4.763647152656826366e-17
-4.500000000000000000e+00 3.819897683434686212e-15
-4.500000000000000000e+00 3.412352942997457068e-13
-4.500000000000000000e+00 2.362576199639164070e-11
-4.500000000000000000e+00 1.307795376009367914e-09
-4.500000000000000000e+00 5.904417613373652892e-08
-4.500000000000000000e+00 2.192227845988104645e-06
-4.500000000000000000e+00 6.672088416274118863e-05
-4.500000000000000000e+00 1.630610276104285054e-03
-4.500000000000000000e+00 2.961652030062622565e-02
-4.500000000000000000e+00 2.857244962181262893e-01
-4.500000000000000000e+00 8.131224472293365757e-01
-4.500000000000000000e+00 9.840848742350546408e-01
-4.500000000000000000e+00 9.991869467220700907e-01
-4.500000000000000000e+00 9.999680485928612583e-01
-4.500000000000000000e+00 9.999989773005226734e-01
-4.500000000000000000e+00 9.999999728884075845e-01
-4.500000000000000000e+00 9.999999994036656847e-01
-4.500000000000000000e+00 9.999999999892169589e-01
-4.500000000000000000e+00 9.999999999998430145e-01
-4.500000000000000000e+00 9.999999999999982236e-01
-4.500000000000000000e+00 1.000000000000000000e+00
-4.500000000000000000e+00 1.000000000000000000e+00
-4.500000000000000000e+00 1.000000000000000000e+00
-3.500000000000000000e+00 4.857925147834409782e-18
-3.500000000000000000e+00 1.216901506317224564e-17
-3.500000000000000000e+00 2.102533715145938691e-17
-3.500000000000000000e+00 1.157553360496227264e-15
-3.500000000000000000e+00 9.833162603685605469e-14
-3.500000000000000000e+00 6.529928652056280382e-12
-3.500000000000000000e+00 3.489003023935106374e-10
-3.500000000000000000e+00 1.533639449395151723e-08
-3.500000000000000000e+00 5.607900467186777987e-07
-3.500000000000000000e+00 1.707509512235032615e-05
-3.500000000000000000e+00 4.279475102640332572e-04
-3.500000000000000000e+00 8.480952564769274685e-03
-3.500000000000000000e+00 1.121559174341522219e-01
-3.500000000000000000e+00 5.771798573646225172e-01
-3.500000000000000000e+00 9.401488792658795335e-01
-3.500000000000000000e+00 9.960553429691028082e-01
-3.500000000000000000e+00 9.998123268941949693e-01
-3.500000000000000000e+00 9.999927701797277635e-01
-3.500000000000000000e+00 9.999997675316191215e-01
-3.500000000000000000e+00 9.999999937032032493e-01
-3.500000000000000000e+00 9.999999998566241333e-01
-3.500000000000000000e+00 9.999999999972888354e-01
-3.500000000000000000e+00 9.999999999999583666e-01
-3.500000000000000000e+00 9.999999999999994449e-01
-3.500000000000000000e+00 1.000000000000000000e+00
-3.500000000000000000e+00 1.000000000000000000e+00
-3.500000000000000000e+00 1.000000000000000000e+00
-2.500000000000000000e+00 5.856477949384094669e-18
-2.500000000000000000e+00 8.678084353685522024e-18
-2.500000000000000000e+00 1.202369876660366434e-17
-2.500000000000000000e+00 3.774277429356766996e-16
-2.500000000000000000e+00 3.034393035336879653e-14
-2.500000000000000000e+00 1.920196287492107165e-12
-2.500000000000000000e+00 9.841693542852090586e-11
-2.500000000000000000e+00 4.186091516371570708e-09
-2.500000000000000000e+00 1.497816673835074751e-07
-2.500000000000000000e+00 4.526566175011697322e-06
-2.500000000000000000e+00 1.148223514395772479e-04
-2.500000000000000000e+00 2.388371028218137272e-03
-2.500000000000000000e+00 3.745941653602880006e-02
-2.500000000000000000e+00 3.140289668997426342e-01
-2.500000000000000000e+00 8.226269332612611285e-01
-2.500000000000000000e+00 9.837171652869235450e-01
-2.500000000000000000e+00 9.990598868666487054e-01
-2.500000000000000000e+00 9.999570541265913048e-01
-2.500000000000000000e+00 9.999983588943380797e-01
-2.500000000000000000e+00 9.999999465621217665e-01
-2.500000000000000000e+00 9.999999985096971189e-01
-2.500000000000000000e+00 9.999999999645685644e-01
-2.500000000000000000e+00 9.999999999992923438e-01
-2.500000000000000000e+00 9.999999999999884537e-01
-2.500000000000000000e+00 9.999999999999998890e-01
-2.500000000000000000e+00 1.000000000000000000e+00
-2.500000000000000000e+00 1.000000000000000000e+00
-2.500000000000000000e+00 1.000000000000000000e+00
-1.500000000000000000e+00 9.515999800325352737e-18
-1.500000000000000000e+00 1.832004642736162082e-17
-1.500000000000000000e+00 1.946857043022626474e-17
-1.500000000000000000e+00 1.414464537722347678e-16
-1.500000000000000000e+00 9.711395697012048882e-15
-1.500000000000000000e+00 5.808769338158303408e-13
-1.500000000000000000e+00 2.836794404289356403e-11
-1.500000000000000000e+00 1.162114050773701815e-09
-1.500000000000000000e+00 4.057210090095969661e-08
-1.500000000000000000e+00 1.214391690122961338e-06
-1.500000000000000000e+00 3.105721314379754469e-05
-1.500000000000000000e+00 6.682160272654221389e-04
-1.500000000000000000e+00 1.155544039465342988e-02
-1.500000000000000000e+00 1.335673383507760825e-01
-1.500000000000000000e+00 6.069132207237640797e-01
-1.500000000000000000e+00 9.437366109183835672e-01
-1.500000000000000000e+00 9.959789680073808382e-01
-1.500000000000000000e+00 9.997858081287965826e-01
-1.500000000000000000e+00 9.999905297386884051e-01
-1.500000000000000000e+00 9.999996410997067375e-01
-1.500000000000000000e+00 9.999999881789873868e-01
-1.500000000000000000e+00 9.999999996601436347e-01
-1.500000000000000000e+00 9.999999999915116788e-01
-1.500000000000000000e+00 9.999999999998188116e-01
-1.500000000000000000e+00 9.999999999999967804e-01
-1.500000000000000000e+00 9.999999999999998890e-01
-1.500000000000000000e+00 1.000000000000000000e+00
-1.500000000000000000e+00 1.000000000000000000e+00
-1.500000000000000000e+00 1.000000000000000000e+00
-5.000000000000000000e-01 2.205447701096673243e-18
-5.000000000000000000e-01 3.389647943242747973e-18
-5.000000000000000000e-01 2.184312075251495559e-17
-5.000000000000000000e-01 5.493514463635952590e-17
-5.000000000000000000e-01 3.015150114555431200e-15
-5.000000000000000000e-01 1.680304824510113367e-13
-5.000000000000000000e-01 7.751840892882138628e-12
-5.000000000000000000e-01 3.052947736426292983e-10
-5.000000000000000000e-01 1.044223735382412432e-08
-5.000000000000000000e-01 3.119203603150402848e-07
-5.000000000000000000e-01 8.107697265240227893e-06
-5.000000000000000000e-01 1.810406131890935917e-04
-5.000000000000000000e-01 3.371445259544057944e-03
-5.000000000000000000e-01 4.756560466649101954e-02
-5.000000000000000000e-01 3.525840586888399630e-01
-5.000000000000000000e-01 8.415255893019137901e-01
-5.000000000000000000e-01 9.852004082822557463e-01
-5.000000000000000000e-01 9.990934168083627220e-01
-5.000000000000000000e-01 9.999551669910354823e-01
-5.000000000000000000e-01 9.999981103647475056e-01
-5.000000000000000000e-01 9.999999305561420027e-01
-5.000000000000000000e-01 9.999999977442151078e-01
-5.000000000000000000e-01 9.999999999346415036e-01
-5.000000000000000000e-01 9.999999999983044674e-01
-5.000000000000000000e-01 9.999999999999609201e-01
-5.000000000000000000e-01 9.999999999999992228e-01
-5.000000000000000000e-01 1.000000000000000000e+00
-5.000000000000000000e-01 1.000000000000000000e+00
-5.000000000000000000e-01 1.000000000000000000e+00
-5.000000000000000000e-01 1.000000000000000000e+00
5.000000000000000000e-01 2.364128522913466430e-18
5.000000000000000000e-01 3.511348652096406335e-18
5.000000000000000000e-01 1.672914213722680657e-17
5.000000000000000000e-01 2.949381345504984717e-17
5.000000000000000000e-01 7.752724628085291442e-16
5.000000000000000000e-01 3.905767822014623389e-14
5.000000000000000000e-01 1.695545855991393382e-12
5.000000000000000000e-01 6.535854424225950792e-11
5.000000000000000000e-01 2.255784839286698472e-09
5.000000000000000000e-01 6.944385798354585301e-08
5.000000000000000000e-01 1.889635252473476654e-06
5.000000000000000000e-01 4.483300896452486475e-05
5.000000000000000000e-01 9.065831916372912988e-04
5.000000000000000000e-01 1.479959171774421905e-02
5.000000000000000000e-01 1.584744106980862377e-01
5.000000000000000000e-01 6.474159413111599815e-01
5.000000000000000000e-01 9.524343953335089319e-01
5.000000000000000000e-01 9.966285547404559741e-01
5.000000000000000000e-01 9.998189593868108682e-01
5.000000000000000000e-01 9.999918923027347750e-01
5.000000000000000000e-01 9.999996880796396814e-01
5.000000000000000000e-01 9.999999895577625919e-01
5.000000000000000000e-01 9.999999996947052106e-01
5.000000000000000000e-01 9.999999999922482008e-01
5.000000000000000000e-01 9.999999999998320233e-01
5.000000000000000000e-01 9.999999999999970024e-01
5.000000000000000000e-01 1.000000000000000000e+00
5.000000000000000000e-01 1.000000000000000000e+00
5.000000000000000000e-01 1.000000000000000000e+00
5.000000000000000000e-01 1.000000000000000000e+00
1.500000000000000000e+00 9.207811521079029954e-18
1.500000000000000000e+00 1.801834843017335536e-17
1.500000000000000000e+00 1.997964720544454445e-17
1.500000000000000000e+00 5.849331814834904676e-17
1.500000000000000000e+00 3.213261439100451863e-15
1.500000000000000000e+00 1.812103711097544145e-13
1.500000000000000000e+00 8.488360395987752180e-12
1.500000000000000000e+00 3.398563931903622103e-10
1.500000000000000000e+00 1.182101260568528628e-08
1.500000000000000000e+00 3.589002932974510464e-07
1.500000000000000000e+00 9.470261311550371236e-06
1.500000000000000000e+00 2.141918712034672468e-04
1.500000000000000000e+00 4.021031992619134889e-03
1.500000000000000000e+00 5.626338908161648139e-02
1.500000000000000000e+00 3.930867792762359758e-01
1.500000000000000000e+00 8.664326616492239452e-01
1.500000000000000000e+00 9.884445596053466065e-01
1.500000000000000000e+00 9.993317839727345886e-01
1.500000000000000000e+00 9.999689427868562186e-01
1.500000000000000000e+00 9.999987856083099036e-01
1.500000000000000000e+00 9.999999594278990989e-01
1.500000000000000000e+00 9.999999988378859284e-01
1.500000000000000000e+00 9.999999999716320254e-01
1.500000000000000000e+00 9.999999999994191313e-01
1.500000000000000000e+00 9.999999999999903411e-01
1.500000000000000000e+00 9.999999999999998890e-01
1.500000000000000000e+00 1.000000000000000000e+00
1.500000000000000000e+00 1.000000000000000000e+00
1.500000000000000000e+00 1.000000000000000000e+00
2.500000000000000000e+00 5.758511069879223993e-18
2.500000000000000000e+00 6.407803042925292215e-18
2.500000000000000000e+00 1.115000649760969358e-17
2.500000000000000000e+00 1.561688185759696394e-16
2.500000000000000000e+00 1.156863427695673833e-14
2.500000000000000000e+00 7.076337539119350552e-13
2.500000000000000000e+00 3.543145402508937665e-11
2.500000000000000000e+00 1.490302910694819565e-09
2.500000000000000000e+00 5.343787819763394848e-08
2.500000000000000000e+00 1.641105661883598240e-06
2.500000000000000000e+00 4.294587340874629703e-05
2.500000000000000000e+00 9.401131333513299947e-04
2.500000000000000000e+00 1.628283471307639951e-02
2.500000000000000000e+00 1.773730667387388438e-01
2.500000000000000000e+00 6.859710331002573103e-01
2.500000000000000000e+00 9.625405834639711999e-01
2.500000000000000000e+00 9.976116289717819052e-01
2.500000000000000000e+00 9.998851776485604415e-01
2.500000000000000000e+00 9.999954734338249995e-01
2.500000000000000000e+00 9.999998502183325977e-01
2.500000000000000000e+00 9.999999958139085265e-01
2.500000000000000000e+00 9.999999999015830587e-01
2.500000000000000000e+00 9.999999999980797583e-01
2.500000000000000000e+00 9.999999999999696909e-01
2.500000000000000000e+00 9.999999999999996669e-01
2.500000000000000000e+00 1.000000000000000000e+00
2.500000000000000000e+00 1.000000000000000000e+00
2.500000000000000000e+00 1.000000000000000000e+00
3.500000000000000000e+00 4.963512510818265772e-18
3.500000000000000000e+00 7.991883515861785862e-18
3.500000000000000000e+00 1.853109729199571917e-17
3.500000000000000000e+00 5.091170418832413460e-16
3.500000000000000000e+00 4.158483297297226733e-14
3.500000000000000000e+00 2.711135843405931156e-12
3.500000000000000000e+00 1.433758910540298219e-10
3.500000000000000000e+00 6.296796752077807190e-09
3.500000000000000000e+00 2.324683809296161346e-07
3.500000000000000000e+00 7.229820272262057234e-06
3.500000000000000000e+00 1.876731058049903832e-04
3.500000000000000000e+00 3.944657030897155345e-03
3.500000000000000000e+00 5.985112073412050121e-02
3.500000000000000000e+00 4.228201426353774273e-01
3.500000000000000000e+00 8.878440825658477920e-01
3.500000000000000000e+00 9.915190474352306715e-01
3.500000000000000000e+00 9.995720524897360182e-01
3.500000000000000000e+00 9.999829249048776125e-01
3.500000000000000000e+00 9.999994392099532670e-01
3.500000000000000000e+00 9.999999846636055123e-01
3.500000000000000000e+00 9.999999996510996469e-01
3.500000000000000000e+00 9.999999999934701123e-01
3.500000000000000000e+00 9.999999999999016342e-01
3.500000000000000000e+00 9.999999999999988898e-01
3.500000000000000000e+00 1.000000000000000000e+00
3.500000000000000000e+00 1.000000000000000000e+00
3.500000000000000000e+00 1.000000000000000000e+00
4.500000000000000000e+00 6.639384976625478119e-18
4.500000000000000000e+00 8.085732374143734085e-18
4.500000000000000000e+00 3.306156162454426511e-17
4.500000000000000000e+00 1.791356050918847733e-15
4.500000000000000000e+00 1.569773495963499607e-13
4.500000000000000000e+00 1.078300549830588275e-11
4.500000000000000000e+00 5.963343350966514264e-10
4.500000000000000000e+00 2.711159238374268219e-08
4.500000000000000000e+00 1.022699477297935873e-06
4.500000000000000000e+00 3.195140713871313720e-05
4.500000000000000000e+00 8.130532779299358978e-04
4.500000000000000000e+00 1.591512576494534537e-02
4.500000000000000000e+00 1.868775527706633965e-01
4.500000000000000000e+00 7.142755037818737662e-01
4.500000000000000000e+00 9.703834796993737744e-01
4.500000000000000000e+00 9.983693897238956616e-01
4.500000000000000000e+00 9.999332791158372924e-01
4.500000000000000000e+00 9.999978077721539682e-01
4.500000000000000000e+00 9.999999409558238961e-01
4.500000000000000000e+00 9.999999986922045725e-01
4.500000000000000000e+00 9.999999999763742320e-01
4.500000000000000000e+00 9.999999999996587174e-01
4.500000000000000000e+00 9.999999999999962252e-01
4.500000000000000000e+00 1.000000000000000000e+00
4.500000000000000000e+00 1.000000000000000000e+00
4.500000000000000000e+00 1.000000000000000000e+00
5.500000000000000000e+00 1.147339056351122398e-17
5.500000000000000000e+00 1.369514361868867915e-17
5.500000000000000000e+00 6.262288177053262324e-17
5.500000000000000000e+00 6.847371307890016022e-15
5.500000000000000000e+00 6.349560054270886464e-13
5.500000000000000000e+00 4.554156968922678356e-11
5.500000000000000000e+00 2.609194608299239551e-09
5.500000000000000000e+00 1.216003959381716348e-07
5.500000000000000000e+00 4.636428571327277196e-06
5.500000000000000000e+00 1.435705013699697745e-04
5.500000000000000000e+00 3.502886908716663309e-03
5.500000000000000000e+00 5.967140752646553359e-02
5.500000000000000000e+00 4.415781367893368281e-01
5.500000000000000000e+00 9.034230551112182317e-01
5.500000000000000000e+00 9.936961029299323789e-01
5.500000000000000000e+00 9.997290014337891773e-01
5.500000000000000000e+00 9.999909765876298096e-01
5.500000000000000000e+00 9.999997583871300666e-01
5.500000000000000000e+00 9.999999947489520702e-01
5.500000000000000000e+00 9.999999999078079682e-01
5.500000000000000000e+00 9.999999999987150279e-01
5.500000000000000000e+00 9.999999999999862332e-01
5.500000000000000000e+00 9.999999999999998890e-01
5.500000000000000000e+00 1.000000000000000000e+00
5.500000000000000000e+00 1.000000000000000000e+00
6.500000000000000000e+00 6.298843694101526343e-18
6.500000000000000000e+00 2.141363024585255848e-17
6.500000000000000000e+00 2.258153374306638010e-16
6.500000000000000000e+00 2.862172325822858856e-14
6.500000000000000000e+00 2.770800557327298528e-12
6.500000000000000000e+00 2.057174983151805560e-10
6.500000000000000000e+00 1.209222112049383413e-08
6.500000000000000000e+00 5.713289415376321317e-07
6.500000000000000000e+00 2.172589985026154079e-05
6.500000000000000000e+00 6.546075187367615287e-04
6.500000000000000000e+00 1.473892255870051272e-02
6.500000000000000000e+00 1.903641277921347963e-01
6.500000000000000000e+00 7.344190704345323617e-01
6.500000000000000000e+00 9.759651980581469655e-01
6.500000000000000000e+00 9.988657632527715435e-01
6.500000000000000000e+00 9.999610140814886305e-01
6.500000000000000000e+00 9.999989492845446915e-01
6.500000000000000000e+00 9.999999773772637601e-01
6.500000000000000000e+00 9.999999996109288913e-01
6.500000000000000000e+00 9.999999999947315477e-01
6.500000000000000000e+00 9.999999999999455991e-01
6.500000000000000000e+00 9.999999999999995559e-01
6.500000000000000000e+00 1.000000000000000000e+00
6.500000000000000000e+00 1.000000000000000000e+00
7.500000000000000000e+00 2.340964076598451323e-17
7.500000000000000000e+00 3.179877244107796926e-17
7.500000000000000000e+00 9.450094336840264285e-16
7.500000000000000000e+00 1.302837811373534274e-13
7.500000000000000000e+00 1.304101041426832860e-11
7.500000000000000000e+00 9.932877436986769524e-10
7.500000000000000000e+00 5.927925843135052302e-08
7.500000000000000000e+00 2.803999671870685852e-06
7.500000000000000000e+00 1.046366394493688411e-04
7.500000000000000000e+00 2.989917112851117262e-03
7.500000000000000000e+00 5.772433854602908310e-02
7.500000000000000000e+00 4.536313738678141028e-01
7.500000000000000000e+00 9.149464450826330086e-01
7.500000000000000000e+00 9.951972698128153105e-01
7.500000000000000000e+00 9.998249098406662982e-01
7.500000000000000000e+00 9.999951752904530089e-01
7.500000000000000000e+00 9.999998958905025326e-01
7.500000000000000000e+00 9.999999982298387602e-01
7.500000000000000000e+00 9.999999999765363246e-01
7.500000000000000000e+00 9.999999999997644107e-01
7.500000000000000000e+00 9.999999999999983347e-01
7.500000000000000000e+00 1.000000000000000000e+00
7.500000000000000000e+00 1.000000000000000000e+00
8.500000000000000000e+00 2.023856015680118859e-18
8.500000000000000000e+00 2.654401917000741200e-17
8.500000000000000000e+00 4.481364359610480912e-15
8.500000000000000000e+00 6.424151035551555306e-13
8.500000000000000000e+00 6.593276420744985826e-11
8.500000000000000000e+00 5.102687631921559045e-09
8.500000000000000000e+00 3.056506681837405328e-07
8.500000000000000000e+00 1.426761531700911404e-05
8.500000000000000000e+00 5.121332319738867251e-04
8.500000000000000000e+00 1.332808259645532067e-02
8.500000000000000000e+00 1.906466663239252679e-01
8.500000000000000000e+00 7.496619858138396930e-01
8.500000000000000000e+00 9.800841301388294458e-01
8.500000000000000000e+00 9.991943897365422877e-01
8.500000000000000000e+00 9.999768414639179648e-01
8.500000000000000000e+00 9.999994922166284272e-01
8.500000000000000000e+00 9.999999913728571110e-01
8.500000000000000000e+00 9.999999998870938711e-01
8.500000000000000000e+00 9.999999999988904431e-01
8.500000000000000000e+00 9.999999999999922284e-01
8.500000000000000000e+00 1.000000000000000000e+00
8.500000000000000000e+00 1.000000000000000000e+00
9.500000000000000000e+00 1.145379357279897550e-17
9.500000000000000000e+00 1.125192083458981094e-16
9.500000000000000000e+00 2.318101229078277519e-14
9.500000000000000000e+00 3.411268022761744920e-12
9.500000000000000000e+00 3.559254669610078234e-10
9.500000000000000000e+00 2.769923658153252915e-08
9.500000000000000000e+00 1.644087967073732879e-06
9.500000000000000000e+00 7.447417266362306952e-05
9.500000000000000000e+00 2.503729566047367509e-03
9.500000000000000000e+00 5.499288414073752462e-02
9.500000000000000000e+00 4.618720212914280698e-01
9.500000000000000000e+00 9.240166490542678357e-01
9.500000000000000000e+00 9.962790995344621425e-01
9.500000000000000000e+00 9.998852522978743940e-01
9.500000000000000000e+00 9.999974006516950675e-01
9.500000000000000000e+00 9.999999553260556784e-01
9.500000000000000000e+00 9.999999994170943873e-01
9.500000000000000000e+00 9.999999999943495199e-01
9.500000000000000000e+00 9.999999999999613642e-01
9.500000000000000000e+00 9.999999999999997780e-01
9.500000000000000000e+00 1.000000000000000000e+00
1.050000000000000000e+01 1.028037518030184462e-17
1.050000000000000000e+01 5.615781529897283836e-16
1.050000000000000000e+01 1.294510519197679297e-13
1.050000000000000000e+01 1.938603828334004073e-11
1.050000000000000000e+01 2.037056160580735643e-09
1.050000000000000000e+01 1.575970659522524412e-07
1.050000000000000000e+01 9.135108780941827880e-06
1.050000000000000000e+01 3.934195750364713430e-04
1.050000000000000000e+01 1.188616874525585260e-02
1.050000000000000000e+01 1.891250015354015712e-01
1.050000000000000000e+01 7.620658616521942541e-01
1.050000000000000000e+01 9.833023645684454417e-01
1.050000000000000000e+01 9.994220023497446537e-01
1.050000000000000000e+01 9.999861896362812752e-01
1.050000000000000000e+01 9.999997564448925846e-01
1.050000000000000000e+01 9.999999967966073378e-01
1.050000000000000000e+01 9.999999999690969421e-01
1.050000000000000000e+01 9.999999999997915001e-01
1.050000000000000000e+01 9.999999999999991118e-01
1.050000000000000000e+01 1.000000000000000000e+00
1.150000000000000000e+01 4.418445719343861513e-17
1.150000000000000000e+01 3.223735557676873078e-15
1.150000000000000000e+01 7.753570229027712421e-13
1.150000000000000000e+01 1.170978054805324897e-10
1.150000000000000000e+01 1.226539209468683387e-08
1.150000000000000000e+01 9.313339556398112228e-07
1.150000000000000000e+01 5.183162723887756949e-05
1.150000000000000000e+01 2.065452968631618230e-03
1.150000000000000000e+01 5.186796620222253879e-02
1.150000000000000000e+01 4.678593602777514904e-01
1.150000000000000000e+01 9.316124079985210749e-01
1.150000000000000000e+01 9.970992815100412354e-01
1.150000000000000000e+01 9.999247982128239842e-01
1.150000000000000000e+01 9.999986158146673132e-01
1.150000000000000000e+01 9.999999814170574819e-01
1.150000000000000000e+01 9.999999998198261242e-01
1.150000000000000000e+01 9.999999999987922994e-01
1.150000000000000000e+01 9.999999999999948930e-01
1.150000000000000000e+01 1.000000000000000000e+00
1.250000000000000000e+01 5.295155655575136235e-17
1.250000000000000000e+01 2.030142447060667194e-14
1.250000000000000000e+01 4.946508452599205460e-12
1.250000000000000000e+01 7.464674514848359578e-10
1.250000000000000000e+01 7.706200064192185984e-08
1.250000000000000000e+01 5.659770605563849922e-06
1.250000000000000000e+01 2.961972896439383335e-04
1.250000000000000000e+01 1.047228511657999177e-02
1.250000000000000000e+01 1.864306185711775143e-01
1.250000000000000000e+01 7.728421811215945292e-01
1.250000000000000000e+01 9.859522788976952112e-01
1.250000000000000000e+01 9.995864951521195030e-01
1.250000000000000000e+01 9.999918868941176653e-01
1.250000000000000000e+01 9.999998871996939043e-01
1.250000000000000000e+01 9.999999988885561741e-01
1.250000000000000000e+01 9.999999999925319738e-01
1.250000000000000000e+01 9.999999999999690248e-01
1.250000000000000000e+01 9.999999999999998890e-01
1.350000000000000000e+01 2.649910973265917994e-16
1.350000000000000000e+01 1.368174126560930936e-13
1.350000000000000000e+01 3.339718507605534693e-11
1.350000000000000000e+01 4.985533121057945485e-09
1.350000000000000000e+01 5.008403510982996355e-07
1.350000000000000000e+01 3.497233442994599265e-05
1.350000000000000000e+01 1.674168850426197312e-03
1.350000000000000000e+01 4.848513547030283005e-02
1.350000000000000000e+01 4.724405920115944402e-01
1.350000000000000000e+01 9.383257829251889781e-01
1.350000000000000000e+01 9.977484180022848648e-01
1.350000000000000000e+01 9.999515405575511995e-01
1.350000000000000000e+01 9.999992900966445664e-01
1.350000000000000000e+01 9.999999928012508477e-01
1.350000000000000000e+01 9.999999999510316151e-01
1.350000000000000000e+01 9.999999999997968292e-01
1.350000000000000000e+01 9.999999999999995559e-01
1.450000000000000000e+01 1.883594320263915306e-15
1.450000000000000000e+01 9.787331591465233818e-13
1.450000000000000000e+01 2.371162413424339027e-10
1.450000000000000000e+01 3.462418786423198725e-08
1.450000000000000000e+01 3.335371534578161126e-06
1.450000000000000000e+01 2.167850902027016098e-04
1.450000000000000000e+01 9.095255234299829544e-03
1.450000000000000000e+01 1.828182061710552364e-01
1.450000000000000000e+01 7.827584956968932639e-01
1.450000000000000000e+01 9.882324211314775786e-01
1.450000000000000000e+01 9.997091956601820151e-01
1.450000000000000000e+01 9.999954136612252409e-01
1.450000000000000000e+01 9.999999514290752733e-01
1.450000000000000000e+01 9.999999996617880971e-01
1.450000000000000000e+01 9.999999999985843546e-01
1.450000000000000000e+01 9.999999999999972244e-01
1.550000000000000000e+01 1.412386197192287799e-14
1.550000000000000000e+01 7.387871321829670016e-12
1.550000000000000000e+01 1.758964658901741103e-09
1.550000000000000000e+01 2.480600308925613540e-07
1.550000000000000000e+01 2.251689792957417986e-05
1.550000000000000000e+01 1.324217958413384825e-03
1.550000000000000000e+01 4.486609081919862296e-02
1.550000000000000000e+01 4.761023938399097655e-01
1.550000000000000000e+01 9.445430048330375472e-01
1.550000000000000000e+01 9.982795005966844659e-01
1.550000000000000000e+01 9.999699222288508382e-01
1.550000000000000000e+01 9.999996614327361089e-01
1.550000000000000000e+01 9.999999975558756526e-01
1.550000000000000000e+01 9.999999999895778924e-01
1.550000000000000000e+01 9.999999999999797939e-01
1.650000000000000000e+01 1.133379438452450075e-13
1.650000000000000000e+01 5.853021769829210152e-11
1.650000000000000000e+01 1.354321863759683563e-08
1.650000000000000000e+01 1.817427233776121424e-06
1.650000000000000000e+01 1.521064474244042451e-04
1.650000000000000000e+01 7.747017553922247619e-03
1.650000000000000000e+01 1.783334209520384128e-01
1.650000000000000000e+01 7.923728298976449036e-01
1.650000000000000000e+01 9.902670318498647539e-01
1.650000000000000000e+01 9.998024554057356461e-01
1.650000000000000000e+01 9.999975837726415850e-01
1.650000000000000000e+01 9.999999816455907853e-01
1.650000000000000000e+01 9.999999999193763811e-01
1.650000000000000000e+01 9.999999999998416822e-01
1.750000000000000000e+01 9.590232282097428287e-13
1.750000000000000000e+01 4.840652224865245365e-10
1.750000000000000000e+01 1.074751704020279318e-07
1.750000000000000000e+01 1.348108019315783614e-05
1.750000000000000000e+01 1.010337411231307944e-03
1.750000000000000000e+01 4.097138860894611323e-02
1.750000000000000000e+01 4.791429014954462495e-01
1.750000000000000000e+01 9.505466310771076843e-01
1.750000000000000000e+01 9.987241981738028684e-01
1.750000000000000000e+01 9.999825275647206135e-01
1.750000000000000000e+01 9.999998578026739748e-01
1.750000000000000000e+01 9.999999993483112970e-01
1.750000000000000000e+01 9.999999999986894927e-01
1.850000000000000000e+01 8.517890795187418591e-12
1.850000000000000000e+01 4.156279093452494632e-09
1.850000000000000000e+01 8.722628692605757976e-07
1.850000000000000000e+01 9.999765323338014652e-05
1.850000000000000000e+01 6.414587906638590832e-03
1.850000000000000000e+01 1.728681116710256982e-01
1.850000000000000000e+01 8.021749380123095463e-01
1.850000000000000000e+01 9.921376475195456957e-01
1.850000000000000000e+01 9.998736004487293050e-01
1.850000000000000000e+01 9.999988725332074058e-01
1.850000000000000000e+01 9.999999945269499868e-01
1.850000000000000000e+01 9.999999999886033386e-01
1.950000000000000000e+01 7.908971659584958859e-11
1.950000000000000000e+01 3.683518317732030650e-08
1.950000000000000000e+01 7.174694840933526042e-06
1.950000000000000000e+01 7.292655657810184896e-04
1.950000000000000000e+01 3.671490306823529948e-02
1.950000000000000000e+01 4.817577499411327957e-01
1.950000000000000000e+01 9.565766735052990688e-01
1.950000000000000000e+01 9.991011869784679478e-01
1.950000000000000000e+01 9.999909358724181629e-01
1.950000000000000000e+01 9.999999525285936386e-01
1.950000000000000000e+01 9.999999998963271519e-01
2.050000000000000000e+01 7.646296365868237921e-10
2.050000000000000000e+01 3.348022097260453283e-07
2.050000000000000000e+01 5.913198236458574851e-05
2.050000000000000000e+01 5.084981922673821597e-03
2.050000000000000000e+01 1.661455888822909177e-01
2.050000000000000000e+01 8.127024731381330414e-01
2.050000000000000000e+01 9.938992726084020513e-01
2.050000000000000000e+01 9.999269770368420795e-01
2.050000000000000000e+01 9.999995775516263841e-01
2.050000000000000000e+01 9.999999990175687525e-01
2.150000000000000000e+01 7.665739558489096031e-09
2.150000000000000000e+01 3.097370960105833686e-06
2.150000000000000000e+01 4.805666011800507073e-04
2.150000000000000000e+01 3.195658671948334306e-02
2.150000000000000000e+01 4.840865414252010779e-01
2.150000000000000000e+01 9.628768485778682606e-01
2.150000000000000000e+01 9.994201401270614848e-01
2.150000000000000000e+01 9.999961729173434399e-01
2.150000000000000000e+01 9.999999903427694292e-01
2.250000000000000000e+01 7.934959199273991663e-08
2.250000000000000000e+01 2.888478678665353517e-05
2.250000000000000000e+01 3.748961961579294361e-03
2.250000000000000000e+01 1.576235927253180624e-01
2.250000000000000000e+01 8.246969125463988748e-01
2.250000000000000000e+01 9.955871502986632926e-01
2.250000000000000000e+01 9.999650554724688334e-01
2.250000000000000000e+01 9.999999019703563752e-01
2.350000000000000000e+01 8.438762538633298844e-07
2.350000000000000000e+01 2.677697669871033359e-04
2.350000000000000000e+01 2.647267949006370039e-02
2.350000000000000000e+01 4.862421511930909990e-01
2.350000000000000000e+01 9.697460956851521319e-01
2.350000000000000000e+01 9.996830037797446167e-01
2.350000000000000000e+01 9.999989776936267782e-01
2.450000000000000000e+01 9.163549608381433312e-06
2.450000000000000000e+01 2.408576480669231794e-03
2.450000000000000000e+01 1.462142067598209971e-01
2.450000000000000000e+01 8.394286565598031435e-01
2.450000000000000000e+01 9.972141396707635552e-01
2.450000000000000000e+01 9.999891179769294647e-01
2.550000000000000000e+01 1.006909508219371756e-04
2.550000000000000000e+01 1.988475378575772431e-02
2.550000000000000000e+01 4.883373723519996989e-01
2.550000000000000000e+01 9.776230567191643850e-01
2.550000000000000000e+01 9.998828753188218066e-01
2.650000000000000000e+01 1.101335422652089053e-03
2.650000000000000000e+01 1.293954934559453651e-01
2.650000000000000000e+01 8.596477053328432927e-01
2.650000000000000000e+01 9.987471564346185326e-01
2.750000000000000000e+01 1.149324221493431414e-02
2.750000000000000000e+01 4.905324358508093008e-01
2.750000000000000000e+01 9.872618007994742317e-01
2.850000000000000000e+01 9.925207460165316742e-02
2.850000000000000000e+01 8.937360291201025264e-01
2.950000000000000000e+01 4.932214435275237285e-01
