-1.450000000000000000e+01 5.186115463038651896e-01
-1.350000000000000000e+01 1.144200229089492593e-01
-1.350000000000000000e+01 9.054661838331020673e-01
-1.250000000000000000e+01 1.474614588290895124e-02
-1.250000000000000000e+01 5.272595382930914676e-01
-1.250000000000000000e+01 9.890077665210644797e-01
-1.150000000000000000e+01 1.594301202524091689e-03
-1.150000000000000000e+01 1.548605299289878556e-01
-1.150000000000000000e+01 8.780975246065851891e-01
-1.150000000000000000e+01 9.989064499605337932e-01
-1.050000000000000000e+01 1.688331691565063354e-04
-1.050000000000000000e+01 2.708849500725735854e-02
-1.050000000000000000e+01 5.356731777976273534e-01
-1.050000000000000000e+01 9.810489355474728557e-01
-1.050000000000000000e+01 9.998927551458594021e-01
-9.500000000000000000e+00 1.843966507033912018e-05
-9.500000000000000000e+00 3.801887588431902484e-03
-9.500000000000000000e+00 1.823665648016153662e-01
-9.500000000000000000e+00 8.641686024051936643e-01
-9.500000000000000000e+00 9.975859888891689398e-01
-9.500000000000000000e+00 9.999891553969985081e-01
-8.500000000000000000e+00 2.126602846650802993e-06
-8.500000000000000000e+00 5.052828080320410356e-04
-8.500000000000000000e+00 3.869750245495993946e-02
-8.500000000000000000e+00 5.455068284889170727e-01
-8.500000000000000000e+00 9.749590136044937738e-01
-8.500000000000000000e+00 9.997070699425139040e-01
-8.500000000000000000e+00 9.999988461041997567e-01
-7.500000000000000000e+00 2.630146636635304571e-07
-7.500000000000000000e+00 6.796945042682441874e-05
-7.500000000000000000e+00 6.572932750334655599e-03
-7.500000000000000000e+00 2.065909836353009565e-01
-7.500000000000000000e+00 8.565441675818143974e-01
-7.500000000000000000e+00 9.962240064492261515e-01
-7.500000000000000000e+00 9.999641353526230736e-01
-7.500000000000000000e+00 9.999998691084425184e-01
-6.500000000000000000e+00 3.530645132948959622e-08
-6.500000000000000000e+00 9.553131510649290795e-06
-6.500000000000000000e+00 1.048334897479796367e-03
-6.500000000000000000e+00 5.097790988348269853e-02
-6.500000000000000000e+00 5.583642652728444400e-01
-6.500000000000000000e+00 9.702810980533568275e-01
-6.500000000000000000e+00 9.994631610211527351e-01
-6.500000000000000000e+00 9.999954489275784120e-01
-6.500000000000000000e+00 9.999999840181095223e-01
-5.500000000000000000e+00 5.191416233393271688e-09
-5.500000000000000000e+00 1.430039611111734529e-06
-5.500000000000000000e+00 1.684217916900994968e-04
-5.500000000000000000e+00 1.016495176535820409e-02
-5.500000000000000000e+00 2.320366152122478320e-01
-5.500000000000000000e+00 8.538199918099367292e-01
-5.500000000000000000e+00 9.949257823905770515e-01
-5.500000000000000000e+00 9.999237918686049165e-01
-5.500000000000000000e+00 9.999993924319068306e-01
-5.500000000000000000e+00 9.999999978862050831e-01
-4.500000000000000000e+00 8.402579111370352812e-10
-4.500000000000000000e+00 2.305646278902616944e-07
-4.500000000000000000e+00 2.813886331606556837e-05
-4.500000000000000000e+00 1.901658900946776899e-03
-4.500000000000000000e+00 6.552014174060402651e-02
-4.500000000000000000e+00 5.768206452018337371e-01
-4.500000000000000000e+00 9.671889531061527157e-01
-4.500000000000000000e+00 9.991885927039868553e-01
-4.500000000000000000e+00 9.999889429221877624e-01
-4.500000000000000000e+00 9.999999141455725438e-01
-4.500000000000000000e+00 9.999999996968355065e-01
-3.500000000000000000e+00 1.492882220959104839e-10
-3.500000000000000000e+00 4.010625768061423456e-08
-3.500000000000000000e+00 4.952426937718817567e-06
-3.500000000000000000e+00 3.563676109628157243e-04
-3.500000000000000000e+00 1.510294668896449734e-02
-3.500000000000000000e+00 2.628857771639607210e-01
-3.500000000000000000e+00 8.570629088004014795e-01
-3.500000000000000000e+00 9.939147790100015811e-01
-3.500000000000000000e+00 9.998727511494215348e-01
-3.500000000000000000e+00 9.999983542995923846e-01
-3.500000000000000000e+00 9.999999872354347064e-01
-3.500000000000000000e+00 9.999999999532706019e-01
-2.500000000000000000e+00 2.862011027778138862e-11
-2.500000000000000000e+00 7.421251340482903867e-09
-2.500000000000000000e+00 9.127426210077267248e-07
-2.500000000000000000e+00 6.812897849715910802e-05
-2.500000000000000000e+00 3.235256384291152008e-03
-2.500000000000000000e+00 8.438010188043446047e-02
-2.500000000000000000e+00 6.052152303390033738e-01
-2.500000000000000000e+00 9.667219035196505939e-01
-2.500000000000000000e+00 9.989677636619028744e-01
-2.500000000000000000e+00 9.999804055429045713e-01
-2.500000000000000000e+00 9.999997538001170749e-01
-2.500000000000000000e+00 9.999999980588905046e-01
-2.500000000000000000e+00 9.999999999924809035e-01
-1.500000000000000000e+00 5.666023767363337199e-12
-1.500000000000000000e+00 1.399608799872929051e-09
-1.500000000000000000e+00 1.700915848130430620e-07
-1.500000000000000000e+00 1.304764542631961058e-05
-1.500000000000000000e+00 6.709259017737311589e-04
-1.500000000000000000e+00 2.192966194355963627e-02
-1.500000000000000000e+00 3.035945814703614465e-01
-1.500000000000000000e+00 8.693674528579307115e-01
-1.500000000000000000e+00 9.937466058331402285e-01
-1.500000000000000000e+00 9.998381861090557265e-01
-1.500000000000000000e+00 9.999971591174912078e-01
-1.500000000000000000e+00 9.999999652679290030e-01
-1.500000000000000000e+00 9.999999997199841006e-01
-1.500000000000000000e+00 9.999999999988256061e-01
-5.000000000000000000e-01 1.052545298676080371e-12
-5.000000000000000000e-01 2.440051076085411301e-10
-5.000000000000000000e-01 2.942353467649926431e-08
-5.000000000000000000e-01 2.346768922990357113e-06
-5.000000000000000000e-01 1.310411632048804991e-04
-5.000000000000000000e-01 5.019199652443297535e-03
-5.000000000000000000e-01 1.083014014481567117e-01
-5.000000000000000000e-01 6.475479243925799100e-01
-5.000000000000000000e-01 9.706423375482450266e-01
-5.000000000000000000e-01 9.989996322471333956e-01
-5.000000000000000000e-01 9.999778800507630461e-01
-5.000000000000000000e-01 9.999996517974167887e-01
-5.000000000000000000e-01 9.999999960489113215e-01
-5.000000000000000000e-01 9.999999999685925678e-01
-5.000000000000000000e-01 9.999999999998533395e-01
5.000000000000000000e-01 1.466600740778509812e-13
5.000000000000000000e-01 3.140745152475698934e-11
5.000000000000000000e-01 3.951088643839930800e-09
5.000000000000000000e-01 3.482025832372871289e-07
5.000000000000000000e-01 2.211994923697468087e-05
5.000000000000000000e-01 1.000367752866549971e-03
5.000000000000000000e-01 2.935766245175501499e-02
5.000000000000000000e-01 3.524520756074200900e-01
5.000000000000000000e-01 8.916985985518433022e-01
5.000000000000000000e-01 9.949808003475566487e-01
5.000000000000000000e-01 9.998689588367951631e-01
5.000000000000000000e-01 9.999976532310770327e-01
5.000000000000000000e-01 9.999999705764652802e-01
5.000000000000000000e-01 9.999999997559948506e-01
5.000000000000000000e-01 9.999999999989475086e-01
1.500000000000000000e+00 1.174368765168444535e-12
1.500000000000000000e+00 2.800158580739331507e-10
1.500000000000000000e+00 3.473207098086002900e-08
1.500000000000000000e+00 2.840882508773129591e-06
1.500000000000000000e+00 1.618138909442676254e-04
1.500000000000000000e+00 6.253394166859730686e-03
1.500000000000000000e+00 1.306325471420693163e-01
1.500000000000000000e+00 6.964054185296385535e-01
1.500000000000000000e+00 9.780703380564403915e-01
1.500000000000000000e+00 9.993290740982262443e-01
1.500000000000000000e+00 9.999869523545736882e-01
1.500000000000000000e+00 9.999998299084151832e-01
1.500000000000000000e+00 9.999999986003912378e-01
1.500000000000000000e+00 9.999999999943339768e-01
2.500000000000000000e+00 7.519130224796545699e-12
2.500000000000000000e+00 1.941109542714318060e-09
2.500000000000000000e+00 2.461998828853928093e-07
2.500000000000000000e+00 1.959445709548223203e-05
2.500000000000000000e+00 1.032236338097096287e-03
2.500000000000000000e+00 3.327809648034937146e-02
2.500000000000000000e+00 3.947847696609966262e-01
2.500000000000000000e+00 9.156198981195655673e-01
2.500000000000000000e+00 9.967647436157088814e-01
2.500000000000000000e+00 9.999318710215028272e-01
2.500000000000000000e+00 9.999990872573789602e-01
2.500000000000000000e+00 9.999999925787486088e-01
2.500000000000000000e+00 9.999999999713798937e-01
3.500000000000000000e+00 4.672940103529198371e-11
3.500000000000000000e+00 1.276456529190136171e-08
3.500000000000000000e+00 1.645700407642798130e-06
3.500000000000000000e+00 1.272488505784801524e-04
3.500000000000000000e+00 6.085220989998411933e-03
3.500000000000000000e+00 1.429370911995985483e-01
3.500000000000000000e+00 7.371142228360392235e-01
3.500000000000000000e+00 9.848970533110354975e-01
3.500000000000000000e+00 9.996436323890371956e-01
3.500000000000000000e+00 9.999950475730622346e-01
3.500000000000000000e+00 9.999999598937423517e-01
3.500000000000000000e+00 9.999999998507117516e-01
4.500000000000000000e+00 3.031644675742770583e-10
4.500000000000000000e+00 8.585442742098791765e-08
4.500000000000000000e+00 1.105707781221687597e-05
4.500000000000000000e+00 8.114072960131170050e-04
4.500000000000000000e+00 3.281104689384732598e-02
4.500000000000000000e+00 4.231793547981662629e-01
4.500000000000000000e+00 9.344798582593959457e-01
4.500000000000000000e+00 9.980983410990532656e-01
4.500000000000000000e+00 9.999718611366839038e-01
4.500000000000000000e+00 9.999997694353720545e-01
4.500000000000000000e+00 9.999999991597421367e-01
5.500000000000000000e+00 2.113794924654994874e-09
5.500000000000000000e+00 6.075680931556655953e-07
5.500000000000000000e+00 7.620813139504577639e-05
5.500000000000000000e+00 5.074217609422893883e-03
5.500000000000000000e+00 1.461800081900632431e-01
5.500000000000000000e+00 7.679633847877521680e-01
5.500000000000000000e+00 9.898350482346417456e-01
5.500000000000000000e+00 9.998315782083099235e-01
5.500000000000000000e+00 9.999985699603889389e-01
5.500000000000000000e+00 9.999999948085838142e-01
6.500000000000000000e+00 1.598189051279853907e-08
6.500000000000000000e+00 4.551072421577477572e-06
6.500000000000000000e+00 5.368389788472188685e-04
6.500000000000000000e+00 2.971890194664318641e-02
6.500000000000000000e+00 4.416357347271556155e-01
6.500000000000000000e+00 9.490220901165172807e-01
6.500000000000000000e+00 9.989516651025202032e-01
6.500000000000000000e+00 9.999904468684893688e-01
6.500000000000000000e+00 9.999999646935486819e-01
7.500000000000000000e+00 1.308915575098839890e-07
7.500000000000000000e+00 3.586464737688224534e-05
7.500000000000000000e+00 3.775993550773815936e-03
7.500000000000000000e+00 1.434558324181855749e-01
7.500000000000000000e+00 7.934090163646990712e-01
7.500000000000000000e+00 9.934270672496653409e-01
7.500000000000000000e+00 9.999320305495731365e-01
7.500000000000000000e+00 9.999997369853362850e-01
8.500000000000000000e+00 1.153895800273584324e-06
8.500000000000000000e+00 2.929300574860812731e-04
8.500000000000000000e+00 2.504098639550625394e-02
8.500000000000000000e+00 4.544931715110829273e-01
8.500000000000000000e+00 9.613024975450400467e-01
8.500000000000000000e+00 9.994947171919679185e-01
8.500000000000000000e+00 9.999978733971534028e-01
9.500000000000000000e+00 1.084460300145930836e-05
9.500000000000000000e+00 2.414011110831094063e-03
9.500000000000000000e+00 1.358313975948063912e-01
9.500000000000000000e+00 8.176334351983846060e-01
9.500000000000000000e+00 9.961981124115680819e-01
9.500000000000000000e+00 9.999815603349296866e-01
1.050000000000000000e+01 1.072448541405672941e-04
1.050000000000000000e+01 1.895106445252713046e-02
1.050000000000000000e+01 4.643268222023726466e-01
1.050000000000000000e+01 9.729115049927425929e-01
1.050000000000000000e+01 9.998311668308434985e-01
1.150000000000000000e+01 1.093550039466201999e-03
1.150000000000000000e+01 1.219024753934148247e-01
1.150000000000000000e+01 8.451394700710120889e-01
1.150000000000000000e+01 9.984056987974758712e-01
1.250000000000000000e+01 1.099223347893546823e-02
1.250000000000000000e+01 4.727404617069085879e-01
1.250000000000000000e+01 9.852538541170910991e-01
1.350000000000000000e+01 9.453381616689789102e-02
1.350000000000000000e+01 8.855799770910507407e-01
1.450000000000000000e+01 4.813884536961348104e-01
