-5.000000000000000000e+00 2.176329792603286251e+01
-4.500000000000000000e+00 2.482054603883486976e+01
-4.500000000000000000e+00 2.482054603623648248e+01
-4.500000000000000000e+00 2.295450503076486370e+01
-4.500000000000000000e+00 2.295450502756924394e+01
-4.500000000000000000e+00 1.839278364644478003e+01
-4.500000000000000000e+00 1.839278364107659414e+01
-4.500000000000000000e+00 1.808971075491271918e+01
-4.500000000000000000e+00 1.808971074894718711e+01
-4.000000000000000000e+00 2.743970752637291355e+01
-4.000000000000000000e+00 2.606358625101076854e+01
-4.000000000000000000e+00 2.603500898072466185e+01
-4.000000000000000000e+00 2.601812870666700306e+01
-4.000000000000000000e+00 2.601812870607213668e+01
-4.000000000000000000e+00 2.405837553990490463e+01
-4.000000000000000000e+00 2.216791460397579172e+01
-4.000000000000000000e+00 2.142747622126451645e+01
-4.000000000000000000e+00 2.142747621850050521e+01
-4.000000000000000000e+00 2.131844498567663493e+01
-4.000000000000000000e+00 2.128809594252143356e+01
-4.000000000000000000e+00 2.128027585348351280e+01
-4.000000000000000000e+00 2.116349926834815065e+01
-4.000000000000000000e+00 2.116349925979430324e+01
-4.000000000000000000e+00 1.979154599285873317e+01
-4.000000000000000000e+00 1.970657432489957017e+01
-4.000000000000000000e+00 1.960024266228704093e+01
-4.000000000000000000e+00 1.960024265371792751e+01
-4.000000000000000000e+00 1.935096449461534718e+01
-4.000000000000000000e+00 1.925794252576298859e+01
-4.000000000000000000e+00 1.925794252298845777e+01
-4.000000000000000000e+00 1.908410694734421043e+01
-4.000000000000000000e+00 1.536979542304544211e+01
-4.000000000000000000e+00 1.486295195754882847e+01
-4.000000000000000000e+00 1.477020951141447469e+01
-4.000000000000000000e+00 1.472555945858149329e+01
-4.000000000000000000e+00 1.472555945798177923e+01
-4.000000000000000000e+00 1.326003854712386953e+01
-3.500000000000000000e+00 2.868145216440134249e+01
-3.500000000000000000e+00 2.868145216049758162e+01
-3.500000000000000000e+00 2.716158600281012170e+01
-3.500000000000000000e+00 2.716158599867551260e+01
-3.500000000000000000e+00 2.463091425562362247e+01
-3.500000000000000000e+00 2.463091425074580698e+01
-3.500000000000000000e+00 2.380947362607675188e+01
-3.500000000000000000e+00 2.380947362239245635e+01
-3.500000000000000000e+00 2.371678647695829056e+01
-3.500000000000000000e+00 2.371678647686592356e+01
-3.500000000000000000e+00 2.324053353712908176e+01
-3.500000000000000000e+00 2.324053353016182299e+01
-3.500000000000000000e+00 2.281345757142549502e+01
-3.500000000000000000e+00 2.281345756837619021e+01
-3.500000000000000000e+00 2.264123886138148123e+01
-3.500000000000000000e+00 2.264123885541512493e+01
-3.500000000000000000e+00 2.263325509117951739e+01
-3.500000000000000000e+00 2.263325508345598891e+01
-3.500000000000000000e+00 2.249082452736836757e+01
-3.500000000000000000e+00 2.249082452513042085e+01
-3.500000000000000000e+00 2.248942827642031617e+01
-3.500000000000000000e+00 2.248942827375611841e+01
-3.500000000000000000e+00 2.233816596925123221e+01
-3.500000000000000000e+00 2.233816596388341580e+01
-3.500000000000000000e+00 2.222874706490809515e+01
-3.500000000000000000e+00 2.222874705258537986e+01
-3.500000000000000000e+00 2.093290856357394247e+01
-3.500000000000000000e+00 2.093290855906610304e+01
-3.500000000000000000e+00 2.027454593565787633e+01
-3.500000000000000000e+00 2.027454593292246443e+01
-3.500000000000000000e+00 1.933555411439458638e+01
-3.500000000000000000e+00 1.933555411420211101e+01
-3.500000000000000000e+00 1.904438518529568825e+01
-3.500000000000000000e+00 1.904438518345788012e+01
-3.500000000000000000e+00 1.808382122350059262e+01
-3.500000000000000000e+00 1.808382121843085599e+01
-3.500000000000000000e+00 1.796401768361588935e+01
-3.500000000000000000e+00 1.796401768138304789e+01
-3.500000000000000000e+00 1.777644458275844741e+01
-3.500000000000000000e+00 1.777644457956281343e+01
-3.500000000000000000e+00 1.776956394500227532e+01
-3.500000000000000000e+00 1.776956394187123323e+01
-3.500000000000000000e+00 1.679348935145856814e+01
-3.500000000000000000e+00 1.679348935118063224e+01
-3.500000000000000000e+00 1.633223387856276432e+01
-3.500000000000000000e+00 1.633223387741189825e+01
-3.500000000000000000e+00 1.615905202432498555e+01
-3.500000000000000000e+00 1.615905202267300922e+01
-3.500000000000000000e+00 1.607916518162222630e+01
-3.500000000000000000e+00 1.607916517824682856e+01
-3.500000000000000000e+00 1.591040357409112183e+01
-3.500000000000000000e+00 1.591040357149283224e+01
-3.500000000000000000e+00 1.585595579327551263e+01
-3.500000000000000000e+00 1.585595578554294605e+01
-3.500000000000000000e+00 1.459193883124728508e+01
-3.500000000000000000e+00 1.459193882797484143e+01
-3.500000000000000000e+00 1.127925787515647826e+01
-3.500000000000000000e+00 1.127925786962549992e+01
-3.500000000000000000e+00 1.045454795440721085e+01
-3.500000000000000000e+00 1.045454794885831973e+01
-3.000000000000000000e+00 2.711806605008687399e+01
-3.000000000000000000e+00 2.647242695243077648e+01
-3.000000000000000000e+00 2.647235724901876708e+01
-3.000000000000000000e+00 2.621316672946551662e+01
-3.000000000000000000e+00 2.562695306432253872e+01
-3.000000000000000000e+00 2.562689320917198543e+01
-3.000000000000000000e+00 2.545661454969452819e+01
-3.000000000000000000e+00 2.521680019103490977e+01
-3.000000000000000000e+00 2.512043443076636606e+01
-3.000000000000000000e+00 2.512041639633864420e+01
-3.000000000000000000e+00 2.511473374545442994e+01
-3.000000000000000000e+00 2.511471581354190263e+01
-3.000000000000000000e+00 2.494179871477592769e+01
-3.000000000000000000e+00 2.477305429487791244e+01
-3.000000000000000000e+00 2.467373261856393185e+01
-3.000000000000000000e+00 2.429807770473975381e+01
-3.000000000000000000e+00 2.391177641189359093e+01
-3.000000000000000000e+00 2.391175487177511982e+01
-3.000000000000000000e+00 2.372624511452631424e+01
-3.000000000000000000e+00 2.350331093052096776e+01
-3.000000000000000000e+00 2.346260577127685210e+01
-3.000000000000000000e+00 2.334289669694718938e+01
-3.000000000000000000e+00 2.334288450175087704e+01
-3.000000000000000000e+00 2.293059113334791022e+01
-3.000000000000000000e+00 2.253806505926078430e+01
-3.000000000000000000e+00 2.253806505926078430e+01
-3.000000000000000000e+00 2.216324406241227152e+01
-3.000000000000000000e+00 2.170588184113097086e+01
-3.000000000000000000e+00 2.137988386135076269e+01
-3.000000000000000000e+00 2.113541616214729757e+01
-3.000000000000000000e+00 2.088496789328943137e+01
-3.000000000000000000e+00 2.088272697656668697e+01
-3.000000000000000000e+00 2.083647567935685885e+01
-3.000000000000000000e+00 2.083647567935685885e+01
-3.000000000000000000e+00 2.067336302563871442e+01
-3.000000000000000000e+00 2.037658041092074868e+01
-3.000000000000000000e+00 2.033562441727423931e+01
-3.000000000000000000e+00 2.033562366381539022e+01
-3.000000000000000000e+00 2.025590850923974884e+01
-3.000000000000000000e+00 2.025590850923974884e+01
-3.000000000000000000e+00 2.021153300137190456e+01
-3.000000000000000000e+00 2.021153286826596229e+01
-3.000000000000000000e+00 2.020621242727748523e+01
-3.000000000000000000e+00 2.011627608956852598e+01
-3.000000000000000000e+00 2.005993691862536465e+01
-3.000000000000000000e+00 2.005993691862536465e+01
-3.000000000000000000e+00 2.004793126903457079e+01
-3.000000000000000000e+00 1.982329532667351657e+01
-3.000000000000000000e+00 1.967993084215868649e+01
-3.000000000000000000e+00 1.943369868807926437e+01
-3.000000000000000000e+00 1.931893519851828955e+01
-3.000000000000000000e+00 1.931893514399937928e+01
-3.000000000000000000e+00 1.926004720586258401e+01
-3.000000000000000000e+00 1.923908840487214889e+01
-3.000000000000000000e+00 1.917317909401217335e+01
-3.000000000000000000e+00 1.915462689194814416e+01
-3.000000000000000000e+00 1.915462679943169277e+01
-3.000000000000000000e+00 1.904533921558221721e+01
-3.000000000000000000e+00 1.904533900823609827e+01
-3.000000000000000000e+00 1.903863015486765065e+01
-3.000000000000000000e+00 1.896765181602735595e+01
-3.000000000000000000e+00 1.896765177765780308e+01
-3.000000000000000000e+00 1.896765173928825021e+01
-3.000000000000000000e+00 1.896765150907097564e+01
-3.000000000000000000e+00 1.895285121033937870e+01
-3.000000000000000000e+00 1.792453812769559462e+01
-3.000000000000000000e+00 1.784473281004940404e+01
-3.000000000000000000e+00 1.780026567621294475e+01
-3.000000000000000000e+00 1.780026560457409346e+01
-3.000000000000000000e+00 1.750209194112979816e+01
-3.000000000000000000e+00 1.714549290679593341e+01
-3.000000000000000000e+00 1.709093553113393682e+01
-3.000000000000000000e+00 1.709093551351172380e+01
-3.000000000000000000e+00 1.646088492054648000e+01
-3.000000000000000000e+00 1.604485272948792485e+01
-3.000000000000000000e+00 1.596597253172332032e+01
-3.000000000000000000e+00 1.596597252028070635e+01
-3.000000000000000000e+00 1.586929415789709985e+01
-3.000000000000000000e+00 1.566750586226390141e+01
-3.000000000000000000e+00 1.566750585943393403e+01
-3.000000000000000000e+00 1.558771792325850392e+01
-3.000000000000000000e+00 1.534602476500548818e+01
-3.000000000000000000e+00 1.497459463656301182e+01
-3.000000000000000000e+00 1.436523267185879860e+01
-3.000000000000000000e+00 1.419723581906467125e+01
-3.000000000000000000e+00 1.415399471949888088e+01
-3.000000000000000000e+00 1.415399471264613318e+01
-3.000000000000000000e+00 1.404853447038111192e+01
-3.000000000000000000e+00 1.404853446841892861e+01
-3.000000000000000000e+00 1.393032095949605598e+01
-3.000000000000000000e+00 1.387958340562128079e+01
-3.000000000000000000e+00 1.278145126405554066e+01
-3.000000000000000000e+00 1.261361049717520899e+01
-3.000000000000000000e+00 1.261361049437164183e+01
-3.000000000000000000e+00 1.245934732253647859e+01
-3.000000000000000000e+00 1.174636951267147644e+01
-3.000000000000000000e+00 1.163453463125394016e+01
-3.000000000000000000e+00 1.163453462335507105e+01
-3.000000000000000000e+00 1.140510483624635718e+01
-3.000000000000000000e+00 7.099951312806719095e+00
-2.500000000000000000e+00 2.086858985492479235e+01
-2.500000000000000000e+00 2.086858831427276328e+01
-2.500000000000000000e+00 2.069216439350007875e+01
-2.500000000000000000e+00 2.069216374776533485e+01
-2.500000000000000000e+00 2.044620409450954668e+01
-2.500000000000000000e+00 2.044620409450954668e+01
-2.500000000000000000e+00 2.033707240802195315e+01
-2.500000000000000000e+00 2.033707225711177813e+01
-2.500000000000000000e+00 2.029598234843680160e+01
-2.500000000000000000e+00 2.029598205876694905e+01
-2.500000000000000000e+00 2.012866449841886762e+01
-2.500000000000000000e+00 2.012866437589854840e+01
-2.500000000000000000e+00 2.003568727420518059e+01
-2.500000000000000000e+00 2.003568682763620856e+01
-2.500000000000000000e+00 1.987453311986147497e+01
-2.500000000000000000e+00 1.987453283478493304e+01
-2.500000000000000000e+00 1.951505427722690200e+01
-2.500000000000000000e+00 1.951505401190044964e+01
-2.500000000000000000e+00 1.918001694128759738e+01
-2.500000000000000000e+00 1.918001684639207483e+01
-2.500000000000000000e+00 1.903896798583294014e+01
-2.500000000000000000e+00 1.903896790342122713e+01
-2.500000000000000000e+00 1.890279380189462444e+01
-2.500000000000000000e+00 1.890279372997469665e+01
-2.500000000000000000e+00 1.883428223130716006e+01
-2.500000000000000000e+00 1.883428202983442645e+01
-2.500000000000000000e+00 1.878184847772081767e+01
-2.500000000000000000e+00 1.878184835026685562e+01
-2.500000000000000000e+00 1.853379188548644052e+01
-2.500000000000000000e+00 1.853379178603210065e+01
-2.500000000000000000e+00 1.847276819718841168e+01
-2.500000000000000000e+00 1.847276815040504161e+01
-2.500000000000000000e+00 1.787369176282109251e+01
-2.500000000000000000e+00 1.787369172427261788e+01
-2.500000000000000000e+00 1.778499418661580478e+01
-2.500000000000000000e+00 1.778499418661580478e+01
-2.500000000000000000e+00 1.729837780928949442e+01
-2.500000000000000000e+00 1.729837778760488831e+01
-2.500000000000000000e+00 1.725514629442871239e+01
-2.500000000000000000e+00 1.725514628750633861e+01
-2.500000000000000000e+00 1.714097439609869866e+01
-2.500000000000000000e+00 1.714097439609869866e+01
-2.500000000000000000e+00 1.713848178322848526e+01
-2.500000000000000000e+00 1.713848175858805689e+01
-2.500000000000000000e+00 1.699882424593068819e+01
-2.500000000000000000e+00 1.699882424057351216e+01
-2.500000000000000000e+00 1.689745579858374924e+01
-2.500000000000000000e+00 1.689745577922077757e+01
-2.500000000000000000e+00 1.687925379777784229e+01
-2.500000000000000000e+00 1.687925378351755512e+01
-2.500000000000000000e+00 1.677263957853702436e+01
-2.500000000000000000e+00 1.677263956999157202e+01
-2.500000000000000000e+00 1.668937150861075125e+01
-2.500000000000000000e+00 1.668937150467939645e+01
-2.500000000000000000e+00 1.658082310530884129e+01
-2.500000000000000000e+00 1.658082309120101172e+01
-2.500000000000000000e+00 1.649062859195624142e+01
-2.500000000000000000e+00 1.649062858228793260e+01
-2.500000000000000000e+00 1.648325132637508617e+01
-2.500000000000000000e+00 1.648325131677784228e+01
-2.500000000000000000e+00 1.633879620150012713e+01
-2.500000000000000000e+00 1.633879618765620378e+01
-2.500000000000000000e+00 1.607807705334214532e+01
-2.500000000000000000e+00 1.607807704694212347e+01
-2.500000000000000000e+00 1.567263139225251756e+01
-2.500000000000000000e+00 1.567263138798575106e+01
-2.500000000000000000e+00 1.548669926754909909e+01
-2.500000000000000000e+00 1.548669926636815752e+01
-2.500000000000000000e+00 1.536564264377850897e+01
-2.500000000000000000e+00 1.536564263959333054e+01
-2.500000000000000000e+00 1.533013838136569262e+01
-2.500000000000000000e+00 1.533013837126770795e+01
-2.500000000000000000e+00 1.523315574793531901e+01
-2.500000000000000000e+00 1.523315573877067308e+01
-2.500000000000000000e+00 1.520815094063786432e+01
-2.500000000000000000e+00 1.520815093438103460e+01
-2.500000000000000000e+00 1.496466660599320342e+01
-2.500000000000000000e+00 1.496466660389119951e+01
-2.500000000000000000e+00 1.489380104946747352e+01
-2.500000000000000000e+00 1.489380104489834089e+01
-2.500000000000000000e+00 1.372585439499868976e+01
-2.500000000000000000e+00 1.372585439114162753e+01
-2.500000000000000000e+00 1.290932331466599514e+01
-2.500000000000000000e+00 1.290932331134636435e+01
-2.500000000000000000e+00 1.279368698457298592e+01
-2.500000000000000000e+00 1.279368697881858097e+01
-2.500000000000000000e+00 1.230564699957476549e+01
-2.500000000000000000e+00 1.230564699344244417e+01
-2.500000000000000000e+00 1.223300575616850772e+01
-2.500000000000000000e+00 1.223300575562105230e+01
-2.500000000000000000e+00 1.216221196097373358e+01
-2.500000000000000000e+00 1.216221196076121736e+01
-2.500000000000000000e+00 1.166389299095832044e+01
-2.500000000000000000e+00 1.166389299072591434e+01
-2.500000000000000000e+00 1.102987312306846590e+01
-2.500000000000000000e+00 1.102987312205482340e+01
-2.500000000000000000e+00 1.004201453576119540e+01
-2.500000000000000000e+00 1.004201453422077783e+01
-2.500000000000000000e+00 8.356708894554905953e+00
-2.500000000000000000e+00 8.356708891541714479e+00
-2.000000000000000000e+00 1.811205572710050760e+01
-2.000000000000000000e+00 1.811205561294309874e+01
-2.000000000000000000e+00 1.808475961182875125e+01
-2.000000000000000000e+00 1.798604223419206249e+01
-2.000000000000000000e+00 1.798604223419206249e+01
-2.000000000000000000e+00 1.791500223438714912e+01
-2.000000000000000000e+00 1.788437124753404106e+01
-2.000000000000000000e+00 1.788437120857168594e+01
-2.000000000000000000e+00 1.782155034192208731e+01
-2.000000000000000000e+00 1.774341709236211173e+01
-2.000000000000000000e+00 1.761057018956505260e+01
-2.000000000000000000e+00 1.761057018956505260e+01
-2.000000000000000000e+00 1.751695837275248735e+01
-2.000000000000000000e+00 1.740254955495151634e+01
-2.000000000000000000e+00 1.740254951484255130e+01
-2.000000000000000000e+00 1.735374850202091679e+01
-2.000000000000000000e+00 1.704851525498906994e+01
-2.000000000000000000e+00 1.702841629360882791e+01
-2.000000000000000000e+00 1.701012948537600877e+01
-2.000000000000000000e+00 1.695169295741926874e+01
-2.000000000000000000e+00 1.690501532965220477e+01
-2.000000000000000000e+00 1.690501531501977794e+01
-2.000000000000000000e+00 1.671894607360374962e+01
-2.000000000000000000e+00 1.647702106020022583e+01
-2.000000000000000000e+00 1.647702104430416270e+01
-2.000000000000000000e+00 1.643996761778834070e+01
-2.000000000000000000e+00 1.643996760859763739e+01
-2.000000000000000000e+00 1.641049278367754383e+01
-2.000000000000000000e+00 1.624820284871666587e+01
-2.000000000000000000e+00 1.618454945062982020e+01
-2.000000000000000000e+00 1.617499752131814006e+01
-2.000000000000000000e+00 1.617499751426676724e+01
-2.000000000000000000e+00 1.616557839055533208e+01
-2.000000000000000000e+00 1.589276032591186549e+01
-2.000000000000000000e+00 1.589276032059446209e+01
-2.000000000000000000e+00 1.577607567262267629e+01
-2.000000000000000000e+00 1.564224554841755399e+01
-2.000000000000000000e+00 1.550360717250306841e+01
-2.000000000000000000e+00 1.550360716889983337e+01
-2.000000000000000000e+00 1.549237716083765726e+01
-2.000000000000000000e+00 1.549237715846232533e+01
-2.000000000000000000e+00 1.548986076438304060e+01
-2.000000000000000000e+00 1.530919736352633542e+01
-2.000000000000000000e+00 1.530919735957084526e+01
-2.000000000000000000e+00 1.518345884221945852e+01
-2.000000000000000000e+00 1.509559086723519350e+01
-2.000000000000000000e+00 1.494713931939578089e+01
-2.000000000000000000e+00 1.490791881714686262e+01
-2.000000000000000000e+00 1.480639742044586882e+01
-2.000000000000000000e+00 1.480639741984776414e+01
-2.000000000000000000e+00 1.460184266741204695e+01
-2.000000000000000000e+00 1.452911429290103662e+01
-2.000000000000000000e+00 1.431889114291834986e+01
-2.000000000000000000e+00 1.418312002109523995e+01
-2.000000000000000000e+00 1.418312001564344094e+01
-2.000000000000000000e+00 1.410426966810701899e+01
-2.000000000000000000e+00 1.410426966781064095e+01
-2.000000000000000000e+00 1.398824582524648719e+01
-2.000000000000000000e+00 1.387350292805997043e+01
-2.000000000000000000e+00 1.367035489762826295e+01
-2.000000000000000000e+00 1.366928441462725274e+01
-2.000000000000000000e+00 1.359965296953894587e+01
-2.000000000000000000e+00 1.358924420984729053e+01
-2.000000000000000000e+00 1.358924420931604438e+01
-2.000000000000000000e+00 1.347711982550301890e+01
-2.000000000000000000e+00 1.334177109974783448e+01
-2.000000000000000000e+00 1.334177109781218995e+01
-2.000000000000000000e+00 1.327692600567773162e+01
-2.000000000000000000e+00 1.327692600204950857e+01
-2.000000000000000000e+00 1.317740250282838232e+01
-2.000000000000000000e+00 1.317740250059960339e+01
-2.000000000000000000e+00 1.316982688488521624e+01
-2.000000000000000000e+00 1.308629566958646961e+01
-2.000000000000000000e+00 1.285471214482034874e+01
-2.000000000000000000e+00 1.284077358603866337e+01
-2.000000000000000000e+00 1.284077357531539221e+01
-2.000000000000000000e+00 1.262695541447082448e+01
-2.000000000000000000e+00 1.255164092913175189e+01
-2.000000000000000000e+00 1.255164092668486830e+01
-2.000000000000000000e+00 1.236463114118159545e+01
-2.000000000000000000e+00 1.232675211451642028e+01
-2.000000000000000000e+00 1.232675210464574533e+01
-2.000000000000000000e+00 1.232471036130877806e+01
-2.000000000000000000e+00 1.224497759908095951e+01
-2.000000000000000000e+00 1.224497759409452335e+01
-2.000000000000000000e+00 1.210516414725505641e+01
-2.000000000000000000e+00 1.198845523666214774e+01
-2.000000000000000000e+00 1.170292103476396584e+01
-2.000000000000000000e+00 1.143794304921339133e+01
-2.000000000000000000e+00 1.143794304649413718e+01
-2.000000000000000000e+00 1.100299108958092020e+01
-2.000000000000000000e+00 9.543991776756389100e+00
-2.000000000000000000e+00 8.641277932761918024e+00
-2.000000000000000000e+00 8.641277922117261312e+00
-2.000000000000000000e+00 8.628714086820622242e+00
-2.000000000000000000e+00 8.355928095128723143e+00
-2.000000000000000000e+00 7.921561196680696249e+00
-2.000000000000000000e+00 7.788569977730880112e+00
-2.000000000000000000e+00 7.788569963521894124e+00
-2.000000000000000000e+00 7.251394461700946259e+00
-1.500000000000000000e+00 1.616299257317378490e+01
-1.500000000000000000e+00 1.616299256852896704e+01
-1.500000000000000000e+00 1.613983935972979111e+01
-1.500000000000000000e+00 1.613983933930649073e+01
-1.500000000000000000e+00 1.606884466512445186e+01
-1.500000000000000000e+00 1.606884464821456149e+01
-1.500000000000000000e+00 1.596522068760222801e+01
-1.500000000000000000e+00 1.596522068188522070e+01
-1.500000000000000000e+00 1.593791436118685212e+01
-1.500000000000000000e+00 1.593791435376950716e+01
-1.500000000000000000e+00 1.575388853810125767e+01
-1.500000000000000000e+00 1.575388853193066119e+01
-1.500000000000000000e+00 1.575132963477567039e+01
-1.500000000000000000e+00 1.575132962708213746e+01
-1.500000000000000000e+00 1.572630810722912820e+01
-1.500000000000000000e+00 1.572630810572844418e+01
-1.500000000000000000e+00 1.567721698518515794e+01
-1.500000000000000000e+00 1.567721698089878046e+01
-1.500000000000000000e+00 1.551531106774393187e+01
-1.500000000000000000e+00 1.551531106652871372e+01
-1.500000000000000000e+00 1.540573116065971959e+01
-1.500000000000000000e+00 1.540573115412517247e+01
-1.500000000000000000e+00 1.532897078343554398e+01
-1.500000000000000000e+00 1.532897078141830249e+01
-1.500000000000000000e+00 1.518295902269589703e+01
-1.500000000000000000e+00 1.518295901920951074e+01
-1.500000000000000000e+00 1.510597577286219817e+01
-1.500000000000000000e+00 1.510597576075695692e+01
-1.500000000000000000e+00 1.507712894394020076e+01
-1.500000000000000000e+00 1.507712893374730712e+01
-1.500000000000000000e+00 1.482833184714402464e+01
-1.500000000000000000e+00 1.482833184530992021e+01
-1.500000000000000000e+00 1.480474029319271700e+01
-1.500000000000000000e+00 1.480474028602735004e+01
-1.500000000000000000e+00 1.470610467747671990e+01
-1.500000000000000000e+00 1.470610467693569134e+01
-1.500000000000000000e+00 1.467897791150287823e+01
-1.500000000000000000e+00 1.467897790887013088e+01
-1.500000000000000000e+00 1.442513443952546659e+01
-1.500000000000000000e+00 1.442513443625743363e+01
-1.500000000000000000e+00 1.440309635952440637e+01
-1.500000000000000000e+00 1.440309635592800674e+01
-1.500000000000000000e+00 1.425734726166647448e+01
-1.500000000000000000e+00 1.425734725544920067e+01
-1.500000000000000000e+00 1.401779204650291177e+01
-1.500000000000000000e+00 1.401779203644537297e+01
-1.500000000000000000e+00 1.383064161311832585e+01
-1.500000000000000000e+00 1.383064161244203483e+01
-1.500000000000000000e+00 1.368704528681448096e+01
-1.500000000000000000e+00 1.368704528232313677e+01
-1.500000000000000000e+00 1.364771238196888703e+01
-1.500000000000000000e+00 1.364771238027918976e+01
-1.500000000000000000e+00 1.363064338405647291e+01
-1.500000000000000000e+00 1.363064337778120461e+01
-1.500000000000000000e+00 1.343258533312422287e+01
-1.500000000000000000e+00 1.343258533176158487e+01
-1.500000000000000000e+00 1.302313379009954630e+01
-1.500000000000000000e+00 1.302313378668137211e+01
-1.500000000000000000e+00 1.283367855458777917e+01
-1.500000000000000000e+00 1.283367854377395467e+01
-1.500000000000000000e+00 1.282795587583918007e+01
-1.500000000000000000e+00 1.282795587029770346e+01
-1.500000000000000000e+00 1.258067862969967443e+01
-1.500000000000000000e+00 1.258067862614727161e+01
-1.500000000000000000e+00 1.178321316276717567e+01
-1.500000000000000000e+00 1.178321315491141164e+01
-1.500000000000000000e+00 1.173167513542219176e+01
-1.500000000000000000e+00 1.173167513011648566e+01
-1.500000000000000000e+00 1.171780937476823858e+01
-1.500000000000000000e+00 1.171780937373261011e+01
-1.500000000000000000e+00 1.167028532096742666e+01
-1.500000000000000000e+00 1.167028532065556590e+01
-1.500000000000000000e+00 1.136383440094207131e+01
-1.500000000000000000e+00 1.136383438866129580e+01
-1.500000000000000000e+00 1.132701435214120878e+01
-1.500000000000000000e+00 1.132701434227719162e+01
-1.500000000000000000e+00 1.111127770083098554e+01
-1.500000000000000000e+00 1.111127769435220536e+01
-1.500000000000000000e+00 1.046551201542847309e+01
-1.500000000000000000e+00 1.046551201017780919e+01
-1.500000000000000000e+00 1.014822165163292311e+01
-1.500000000000000000e+00 1.014822163837115632e+01
-1.500000000000000000e+00 1.001131400326054965e+01
-1.500000000000000000e+00 1.001131398857684296e+01
-1.500000000000000000e+00 9.991616803200464858e+00
-1.500000000000000000e+00 9.991616795838123011e+00
-1.500000000000000000e+00 9.647688162824852753e+00
-1.500000000000000000e+00 9.647688152868472145e+00
-1.500000000000000000e+00 9.448040865659043774e+00
-1.500000000000000000e+00 9.448040848898092037e+00
-1.500000000000000000e+00 9.182593285235354230e+00
-1.500000000000000000e+00 9.182593274244732484e+00
-1.500000000000000000e+00 8.866870362882213641e+00
-1.500000000000000000e+00 8.866870342502851443e+00
-1.500000000000000000e+00 8.854693693020967871e+00
-1.500000000000000000e+00 8.854693692784469050e+00
-1.500000000000000000e+00 8.452084580932686109e+00
-1.500000000000000000e+00 8.452084576359787604e+00
-1.500000000000000000e+00 4.207183638333342302e+00
-1.500000000000000000e+00 4.207183638310285190e+00
-1.000000000000000000e+00 1.492624872928360524e+01
-1.000000000000000000e+00 1.485843863929424558e+01
-1.000000000000000000e+00 1.485843863803413711e+01
-1.000000000000000000e+00 1.476220005861943640e+01
-1.000000000000000000e+00 1.473055184659814643e+01
-1.000000000000000000e+00 1.473055184327163580e+01
-1.000000000000000000e+00 1.469680394037875537e+01
-1.000000000000000000e+00 1.469680393877069591e+01
-1.000000000000000000e+00 1.466848911655106313e+01
-1.000000000000000000e+00 1.462642541852529199e+01
-1.000000000000000000e+00 1.456685644181718864e+01
-1.000000000000000000e+00 1.452260553459403880e+01
-1.000000000000000000e+00 1.447511056837982046e+01
-1.000000000000000000e+00 1.447511056193824430e+01
-1.000000000000000000e+00 1.442910658260361600e+01
-1.000000000000000000e+00 1.437980460004765604e+01
-1.000000000000000000e+00 1.436925429474238847e+01
-1.000000000000000000e+00 1.436925428469851163e+01
-1.000000000000000000e+00 1.419090255992088956e+01
-1.000000000000000000e+00 1.418392854400672576e+01
-1.000000000000000000e+00 1.418392853726670211e+01
-1.000000000000000000e+00 1.408610262995074436e+01
-1.000000000000000000e+00 1.408610262878657338e+01
-1.000000000000000000e+00 1.408556158588135787e+01
-1.000000000000000000e+00 1.400317576356975202e+01
-1.000000000000000000e+00 1.398787438598750654e+01
-1.000000000000000000e+00 1.398464047614097083e+01
-1.000000000000000000e+00 1.398464047456320003e+01
-1.000000000000000000e+00 1.389879305030281387e+01
-1.000000000000000000e+00 1.389270556089260289e+01
-1.000000000000000000e+00 1.384315740166119468e+01
-1.000000000000000000e+00 1.384315739641100684e+01
-1.000000000000000000e+00 1.381315250203336475e+01
-1.000000000000000000e+00 1.381315249295097836e+01
-1.000000000000000000e+00 1.377553006969904459e+01
-1.000000000000000000e+00 1.377553006820564896e+01
-1.000000000000000000e+00 1.363893946560907366e+01
-1.000000000000000000e+00 1.355581279841223186e+01
-1.000000000000000000e+00 1.352048067869561798e+01
-1.000000000000000000e+00 1.352048067836498824e+01
-1.000000000000000000e+00 1.348846804939026001e+01
-1.000000000000000000e+00 1.343915825834392308e+01
-1.000000000000000000e+00 1.337118530957823914e+01
-1.000000000000000000e+00 1.337118529704812886e+01
-1.000000000000000000e+00 1.326258504871041488e+01
-1.000000000000000000e+00 1.313693354677194591e+01
-1.000000000000000000e+00 1.290425181783411723e+01
-1.000000000000000000e+00 1.290425181238889607e+01
-1.000000000000000000e+00 1.288452446729293221e+01
-1.000000000000000000e+00 1.285274013258969639e+01
-1.000000000000000000e+00 1.285274012741786720e+01
-1.000000000000000000e+00 1.283980782176139357e+01
-1.000000000000000000e+00 1.283980781648862823e+01
-1.000000000000000000e+00 1.282133003999746101e+01
-1.000000000000000000e+00 1.275420064790163011e+01
-1.000000000000000000e+00 1.271924257836449179e+01
-1.000000000000000000e+00 1.271924257658396584e+01
-1.000000000000000000e+00 1.267309876645953359e+01
-1.000000000000000000e+00 1.267309876050872042e+01
-1.000000000000000000e+00 1.262644151910613921e+01
-1.000000000000000000e+00 1.254796082117583644e+01
-1.000000000000000000e+00 1.249983356137057378e+01
-1.000000000000000000e+00 1.249983355320908274e+01
-1.000000000000000000e+00 1.235358000798449751e+01
-1.000000000000000000e+00 1.235358000391857658e+01
-1.000000000000000000e+00 1.225866803497051905e+01
-1.000000000000000000e+00 1.213770242852430137e+01
-1.000000000000000000e+00 1.207932712582734247e+01
-1.000000000000000000e+00 1.194500526257965589e+01
-1.000000000000000000e+00 1.194500524811092390e+01
-1.000000000000000000e+00 1.177245557060649084e+01
-1.000000000000000000e+00 1.177245556933998927e+01
-1.000000000000000000e+00 1.173241098732123788e+01
-1.000000000000000000e+00 1.167533101337818557e+01
-1.000000000000000000e+00 1.106152924181813191e+01
-1.000000000000000000e+00 1.101193341358194999e+01
-1.000000000000000000e+00 1.096614502053809481e+01
-1.000000000000000000e+00 1.096614501740216596e+01
-1.000000000000000000e+00 1.087098869244486288e+01
-1.000000000000000000e+00 1.087098868016330755e+01
-1.000000000000000000e+00 1.066124326905619135e+01
-1.000000000000000000e+00 1.046972642165307121e+01
-1.000000000000000000e+00 1.020511890028587665e+01
-1.000000000000000000e+00 1.020511889158555263e+01
-1.000000000000000000e+00 1.008013423313035339e+01
-1.000000000000000000e+00 9.423581608678963661e+00
-1.000000000000000000e+00 9.105283177044210419e+00
-1.000000000000000000e+00 9.015191139569585843e+00
-1.000000000000000000e+00 8.928582293680236148e+00
-1.000000000000000000e+00 8.923461147348215050e+00
-1.000000000000000000e+00 8.923461146144044065e+00
-1.000000000000000000e+00 8.224317679681959703e+00
-1.000000000000000000e+00 8.099297331121938726e+00
-1.000000000000000000e+00 7.951380951923669116e+00
-1.000000000000000000e+00 7.951380947694313583e+00
-1.000000000000000000e+00 6.535840254490142165e+00
-1.000000000000000000e+00 6.029625755139737642e+00
-1.000000000000000000e+00 5.627609038176318634e+00
-1.000000000000000000e+00 5.317719263972126242e+00
-1.000000000000000000e+00 5.317719257029595248e+00
-5.000000000000000000e-01 1.502733649454889786e+01
-5.000000000000000000e-01 1.502733649380291325e+01
-5.000000000000000000e-01 1.483227950054967437e+01
-5.000000000000000000e-01 1.483227949993588801e+01
-5.000000000000000000e-01 1.480314018719323954e+01
-5.000000000000000000e-01 1.480314018361628392e+01
-5.000000000000000000e-01 1.467315947130803622e+01
-5.000000000000000000e-01 1.467315947026104617e+01
-5.000000000000000000e-01 1.456141809374786789e+01
-5.000000000000000000e-01 1.456141808859823428e+01
-5.000000000000000000e-01 1.451526605259748237e+01
-5.000000000000000000e-01 1.451526604410384458e+01
-5.000000000000000000e-01 1.439539142325996757e+01
-5.000000000000000000e-01 1.439539141453624183e+01
-5.000000000000000000e-01 1.426020621970272018e+01
-5.000000000000000000e-01 1.426020621900993390e+01
-5.000000000000000000e-01 1.420689592231623166e+01
-5.000000000000000000e-01 1.420689592133100021e+01
-5.000000000000000000e-01 1.416177229243962366e+01
-5.000000000000000000e-01 1.416177228647513253e+01
-5.000000000000000000e-01 1.416025457582217761e+01
-5.000000000000000000e-01 1.416025456704573138e+01
-5.000000000000000000e-01 1.405000207017687863e+01
-5.000000000000000000e-01 1.405000206456240974e+01
-5.000000000000000000e-01 1.394272231407359541e+01
-5.000000000000000000e-01 1.394272231029109754e+01
-5.000000000000000000e-01 1.386428084032874963e+01
-5.000000000000000000e-01 1.386428083799732747e+01
-5.000000000000000000e-01 1.376463531168390020e+01
-5.000000000000000000e-01 1.376463530366473798e+01
-5.000000000000000000e-01 1.375088787780136812e+01
-5.000000000000000000e-01 1.375088787259763556e+01
-5.000000000000000000e-01 1.358486904759141112e+01
-5.000000000000000000e-01 1.358486903895228259e+01
-5.000000000000000000e-01 1.338793374386272994e+01
-5.000000000000000000e-01 1.338793374154604976e+01
-5.000000000000000000e-01 1.316163587779644750e+01
-5.000000000000000000e-01 1.316163587641081811e+01
-5.000000000000000000e-01 1.281926970216806794e+01
-5.000000000000000000e-01 1.281926969372275948e+01
-5.000000000000000000e-01 1.278443963274242989e+01
-5.000000000000000000e-01 1.278443963242568238e+01
-5.000000000000000000e-01 1.254983471083707158e+01
-5.000000000000000000e-01 1.254983471052393362e+01
-5.000000000000000000e-01 1.239301813098243699e+01
-5.000000000000000000e-01 1.239301813039352140e+01
-5.000000000000000000e-01 1.239276860887066434e+01
-5.000000000000000000e-01 1.239276860539158243e+01
-5.000000000000000000e-01 1.230802087263178812e+01
-5.000000000000000000e-01 1.230802086682911956e+01
-5.000000000000000000e-01 1.222439268057763506e+01
-5.000000000000000000e-01 1.222439267239100680e+01
-5.000000000000000000e-01 1.161258534315150293e+01
-5.000000000000000000e-01 1.161258534283259536e+01
-5.000000000000000000e-01 1.152748186205681336e+01
-5.000000000000000000e-01 1.152748185732550468e+01
-5.000000000000000000e-01 1.149051569615972923e+01
-5.000000000000000000e-01 1.149051569531294525e+01
-5.000000000000000000e-01 1.125128793785225234e+01
-5.000000000000000000e-01 1.125128793692924134e+01
-5.000000000000000000e-01 1.097888893541476563e+01
-5.000000000000000000e-01 1.097888892463668498e+01
-5.000000000000000000e-01 1.075434578374970407e+01
-5.000000000000000000e-01 1.075434578086916915e+01
-5.000000000000000000e-01 1.069093697314308855e+01
-5.000000000000000000e-01 1.069093696309992403e+01
-5.000000000000000000e-01 1.068098399963011857e+01
-5.000000000000000000e-01 1.068098399247915786e+01
-5.000000000000000000e-01 1.032659496890563311e+01
-5.000000000000000000e-01 1.032659496620045125e+01
-5.000000000000000000e-01 1.014258032780923457e+01
-5.000000000000000000e-01 1.014258031771862889e+01
-5.000000000000000000e-01 9.994247616954485380e+00
-5.000000000000000000e-01 9.994247613764486005e+00
-5.000000000000000000e-01 9.958927604793320398e+00
-5.000000000000000000e-01 9.958927603169179577e+00
-5.000000000000000000e-01 9.921077929019581632e+00
-5.000000000000000000e-01 9.921077927351813486e+00
-5.000000000000000000e-01 9.800665188636637382e+00
-5.000000000000000000e-01 9.800665184168876110e+00
-5.000000000000000000e-01 9.767246595645625362e+00
-5.000000000000000000e-01 9.767246591404147082e+00
-5.000000000000000000e-01 9.590814469894244354e+00
-5.000000000000000000e-01 9.590814468169309492e+00
-5.000000000000000000e-01 9.332435732251180838e+00
-5.000000000000000000e-01 9.332435725541403215e+00
-5.000000000000000000e-01 9.183665690164032114e+00
-5.000000000000000000e-01 9.183665685274670309e+00
-5.000000000000000000e-01 9.015927812552632759e+00
-5.000000000000000000e-01 9.015927795561045954e+00
-5.000000000000000000e-01 9.005734495760041369e+00
-5.000000000000000000e-01 9.005734494731287398e+00
-5.000000000000000000e-01 8.102993452584270173e+00
-5.000000000000000000e-01 8.102993447628779933e+00
-5.000000000000000000e-01 6.792887595154326164e+00
-5.000000000000000000e-01 6.792887594971817045e+00
-5.000000000000000000e-01 5.354935429528397073e+00
-5.000000000000000000e-01 5.354935407139945980e+00
-5.000000000000000000e-01 4.133470483162289710e+00
-5.000000000000000000e-01 4.133470457199118542e+00
0.000000000000000000e+00 1.362068955358015820e+01
0.000000000000000000e+00 1.352181430777311810e+01
0.000000000000000000e+00 1.352181430711097754e+01
0.000000000000000000e+00 1.346835380664694348e+01
0.000000000000000000e+00 1.342006372606954656e+01
0.000000000000000000e+00 1.339533908559977959e+01
0.000000000000000000e+00 1.339533908414109398e+01
0.000000000000000000e+00 1.337658274830010718e+01
0.000000000000000000e+00 1.337658274758431531e+01
0.000000000000000000e+00 1.336928943115886703e+01
0.000000000000000000e+00 1.333799830994859370e+01
0.000000000000000000e+00 1.333799830815797804e+01
0.000000000000000000e+00 1.329867764063205193e+01
0.000000000000000000e+00 1.329742976229001172e+01
0.000000000000000000e+00 1.329742975898341939e+01
0.000000000000000000e+00 1.329314533427811362e+01
0.000000000000000000e+00 1.329051226345498193e+01
0.000000000000000000e+00 1.329051226095929472e+01
0.000000000000000000e+00 1.328907684566235758e+01
0.000000000000000000e+00 1.325448945821771751e+01
0.000000000000000000e+00 1.325448945200920114e+01
0.000000000000000000e+00 1.320467668469776967e+01
0.000000000000000000e+00 1.320467667903203512e+01
0.000000000000000000e+00 1.311464584384414245e+01
0.000000000000000000e+00 1.310023238181936733e+01
0.000000000000000000e+00 1.303596327018614431e+01
0.000000000000000000e+00 1.303596326570550623e+01
0.000000000000000000e+00 1.300804764406915304e+01
0.000000000000000000e+00 1.295821939319126770e+01
0.000000000000000000e+00 1.295214837597868041e+01
0.000000000000000000e+00 1.283238264232608650e+01
0.000000000000000000e+00 1.277520930208676120e+01
0.000000000000000000e+00 1.277520929557465834e+01
0.000000000000000000e+00 1.267320222646438310e+01
0.000000000000000000e+00 1.249321629644039255e+01
0.000000000000000000e+00 1.249321629537515221e+01
0.000000000000000000e+00 1.224350548566525632e+01
0.000000000000000000e+00 1.222906724078218410e+01
0.000000000000000000e+00 1.219325963580805805e+01
0.000000000000000000e+00 1.218317339076139838e+01
0.000000000000000000e+00 1.218317338950269679e+01
0.000000000000000000e+00 1.212142353940356720e+01
0.000000000000000000e+00 1.212142353422140140e+01
0.000000000000000000e+00 1.208402937800592092e+01
0.000000000000000000e+00 1.196765396943345294e+01
0.000000000000000000e+00 1.196765396638944523e+01
0.000000000000000000e+00 1.196634946352662254e+01
0.000000000000000000e+00 1.196634946057394089e+01
0.000000000000000000e+00 1.196206939552784654e+01
0.000000000000000000e+00 1.180762252453460803e+01
0.000000000000000000e+00 1.179354896696140820e+01
0.000000000000000000e+00 1.177476215775657842e+01
0.000000000000000000e+00 1.177476215769887702e+01
0.000000000000000000e+00 1.152256871317939257e+01
0.000000000000000000e+00 1.151354287754153916e+01
0.000000000000000000e+00 1.151354287491979456e+01
0.000000000000000000e+00 1.147107488146114029e+01
0.000000000000000000e+00 1.118375429258706077e+01
0.000000000000000000e+00 1.116556752910713435e+01
0.000000000000000000e+00 1.116556752355336535e+01
0.000000000000000000e+00 1.116255022590102364e+01
0.000000000000000000e+00 1.103030883184349342e+01
0.000000000000000000e+00 1.103030883121311589e+01
0.000000000000000000e+00 1.095291111246531557e+01
0.000000000000000000e+00 1.094806088085540097e+01
0.000000000000000000e+00 1.094806087439932973e+01
0.000000000000000000e+00 1.093679127906156090e+01
0.000000000000000000e+00 1.093679127144852004e+01
0.000000000000000000e+00 1.091860611837261885e+01
0.000000000000000000e+00 1.087696130633285385e+01
0.000000000000000000e+00 1.085067340551770876e+01
0.000000000000000000e+00 1.065980689061935038e+01
0.000000000000000000e+00 1.065980688461163517e+01
0.000000000000000000e+00 1.021020873879134250e+01
0.000000000000000000e+00 1.021020873687221098e+01
0.000000000000000000e+00 1.017227038831362762e+01
0.000000000000000000e+00 1.002647627437358402e+01
0.000000000000000000e+00 9.848048192553582325e+00
0.000000000000000000e+00 9.738729811288450833e+00
0.000000000000000000e+00 8.771811223333669361e+00
0.000000000000000000e+00 8.690346230759219637e+00
0.000000000000000000e+00 8.690346215692819953e+00
0.000000000000000000e+00 8.395895351861135225e+00
0.000000000000000000e+00 8.395895350900843823e+00
0.000000000000000000e+00 8.127211354055521753e+00
0.000000000000000000e+00 8.057931079250922224e+00
0.000000000000000000e+00 7.543280326856786289e+00
0.000000000000000000e+00 6.876182598195304863e+00
0.000000000000000000e+00 6.842568900835783730e+00
0.000000000000000000e+00 6.648305578043756547e+00
0.000000000000000000e+00 6.627210482689308790e+00
0.000000000000000000e+00 6.627210460574512574e+00
0.000000000000000000e+00 6.560935253660174382e+00
0.000000000000000000e+00 6.560935247225480715e+00
0.000000000000000000e+00 6.355999142247037881e+00
0.000000000000000000e+00 5.662418705356838444e+00
0.000000000000000000e+00 5.514517996195289484e+00
0.000000000000000000e+00 5.514517960457178347e+00
0.000000000000000000e+00 3.513796876806693170e+00
0.000000000000000000e+00 9.301497073163097484e-01
5.000000000000000000e-01 1.454560816363168563e+01
5.000000000000000000e-01 1.454560815856282652e+01
5.000000000000000000e-01 1.449869049123471143e+01
5.000000000000000000e-01 1.449869048727754794e+01
5.000000000000000000e-01 1.444196806236369568e+01
5.000000000000000000e-01 1.444196806028650215e+01
5.000000000000000000e-01 1.444072269668060748e+01
5.000000000000000000e-01 1.444072268921201108e+01
5.000000000000000000e-01 1.441617018068096101e+01
5.000000000000000000e-01 1.441617017582265703e+01
5.000000000000000000e-01 1.424731915037416385e+01
5.000000000000000000e-01 1.424731914456088511e+01
5.000000000000000000e-01 1.408706966305086183e+01
5.000000000000000000e-01 1.408706965809834699e+01
5.000000000000000000e-01 1.400099101876469732e+01
5.000000000000000000e-01 1.400099101422065573e+01
5.000000000000000000e-01 1.397911725974396369e+01
5.000000000000000000e-01 1.397911725791337112e+01
5.000000000000000000e-01 1.392313245412195144e+01
5.000000000000000000e-01 1.392313245189647830e+01
5.000000000000000000e-01 1.378682295539268132e+01
5.000000000000000000e-01 1.378682294956702137e+01
5.000000000000000000e-01 1.346315525293886139e+01
5.000000000000000000e-01 1.346315525122171586e+01
5.000000000000000000e-01 1.339980344424716741e+01
5.000000000000000000e-01 1.339980344248890987e+01
5.000000000000000000e-01 1.311336211516261940e+01
5.000000000000000000e-01 1.311336211329215296e+01
5.000000000000000000e-01 1.310024686373335712e+01
5.000000000000000000e-01 1.310024686058413579e+01
5.000000000000000000e-01 1.304383481069411843e+01
5.000000000000000000e-01 1.304383480956510688e+01
5.000000000000000000e-01 1.257228977303533668e+01
5.000000000000000000e-01 1.257228976893616412e+01
5.000000000000000000e-01 1.238868376149928530e+01
5.000000000000000000e-01 1.238868376128606030e+01
5.000000000000000000e-01 1.234833453621976851e+01
5.000000000000000000e-01 1.234833453565658878e+01
5.000000000000000000e-01 1.227274194179899602e+01
5.000000000000000000e-01 1.227274194151417319e+01
5.000000000000000000e-01 1.224583988103407428e+01
5.000000000000000000e-01 1.224583987525775797e+01
5.000000000000000000e-01 1.221478475557602827e+01
5.000000000000000000e-01 1.221478475221621629e+01
5.000000000000000000e-01 1.198572421218242035e+01
5.000000000000000000e-01 1.198572421038327818e+01
5.000000000000000000e-01 1.182147606183677802e+01
5.000000000000000000e-01 1.182147606138332385e+01
5.000000000000000000e-01 1.169490873819991172e+01
5.000000000000000000e-01 1.169490872000729098e+01
5.000000000000000000e-01 1.148844711072622005e+01
5.000000000000000000e-01 1.148844711053121337e+01
5.000000000000000000e-01 1.125796951011130176e+01
5.000000000000000000e-01 1.125796950933697005e+01
5.000000000000000000e-01 1.109234223495527871e+01
5.000000000000000000e-01 1.109234223332222236e+01
5.000000000000000000e-01 1.104563759621893837e+01
5.000000000000000000e-01 1.104563759534226008e+01
5.000000000000000000e-01 1.086203777890346345e+01
5.000000000000000000e-01 1.086203777090067568e+01
5.000000000000000000e-01 1.066375661747211012e+01
5.000000000000000000e-01 1.066375661736762837e+01
5.000000000000000000e-01 1.058727812541231650e+01
5.000000000000000000e-01 1.058727812391647483e+01
5.000000000000000000e-01 1.010497798322482055e+01
5.000000000000000000e-01 1.010497797978080037e+01
5.000000000000000000e-01 9.941738423271807790e+00
5.000000000000000000e-01 9.941738418187124893e+00
5.000000000000000000e-01 9.913815098290198691e+00
5.000000000000000000e-01 9.913815094094859504e+00
5.000000000000000000e-01 9.909007626065539753e+00
5.000000000000000000e-01 9.909007614508892559e+00
5.000000000000000000e-01 9.683104793916722741e+00
5.000000000000000000e-01 9.683104772062348431e+00
5.000000000000000000e-01 9.636224039356855897e+00
5.000000000000000000e-01 9.636224032986426380e+00
5.000000000000000000e-01 9.546956077536531637e+00
5.000000000000000000e-01 9.546956071991504089e+00
5.000000000000000000e-01 9.447851533845490479e+00
5.000000000000000000e-01 9.447851526897691699e+00
5.000000000000000000e-01 9.176383896346781199e+00
5.000000000000000000e-01 9.176383895913225786e+00
5.000000000000000000e-01 9.075942166779713105e+00
5.000000000000000000e-01 9.075942159318683977e+00
5.000000000000000000e-01 8.509401384901476462e+00
5.000000000000000000e-01 8.509401374256658102e+00
5.000000000000000000e-01 7.803691441834446074e+00
5.000000000000000000e-01 7.803691439436544641e+00
5.000000000000000000e-01 7.674182824234052624e+00
5.000000000000000000e-01 7.674182821580767033e+00
5.000000000000000000e-01 7.542774134609208758e+00
5.000000000000000000e-01 7.542774132084039351e+00
5.000000000000000000e-01 7.130210654325173536e+00
5.000000000000000000e-01 7.130210632683784411e+00
5.000000000000000000e-01 7.050656120613138178e+00
5.000000000000000000e-01 7.050656105217381509e+00
5.000000000000000000e-01 4.684640130461636076e+00
5.000000000000000000e-01 4.684640121166581572e+00
5.000000000000000000e-01 2.020269281083261870e+00
5.000000000000000000e-01 2.020269267542118996e+00
1.000000000000000000e+00 1.450676755000756124e+01
1.000000000000000000e+00 1.450676754823455994e+01
1.000000000000000000e+00 1.450401749144100449e+01
1.000000000000000000e+00 1.449878024505290064e+01
1.000000000000000000e+00 1.448410647999955003e+01
1.000000000000000000e+00 1.444646777091351986e+01
1.000000000000000000e+00 1.444646776381920716e+01
1.000000000000000000e+00 1.432305049272572006e+01
1.000000000000000000e+00 1.432305049051255885e+01
1.000000000000000000e+00 1.426745315766264177e+01
1.000000000000000000e+00 1.383290935013071810e+01
1.000000000000000000e+00 1.383290934628970881e+01
1.000000000000000000e+00 1.370386558054002535e+01
1.000000000000000000e+00 1.361819776843281282e+01
1.000000000000000000e+00 1.358737556889510145e+01
1.000000000000000000e+00 1.342930232403029578e+01
1.000000000000000000e+00 1.342930231814488451e+01
1.000000000000000000e+00 1.340886813244855347e+01
1.000000000000000000e+00 1.332966643163306131e+01
1.000000000000000000e+00 1.332966642685217096e+01
1.000000000000000000e+00 1.331772291081699677e+01
1.000000000000000000e+00 1.331001202105870718e+01
1.000000000000000000e+00 1.322434100072937824e+01
1.000000000000000000e+00 1.318509270999307859e+01
1.000000000000000000e+00 1.318509269852673427e+01
1.000000000000000000e+00 1.310117159911740181e+01
1.000000000000000000e+00 1.310117158313934027e+01
1.000000000000000000e+00 1.306258749503599681e+01
1.000000000000000000e+00 1.306258749430393529e+01
1.000000000000000000e+00 1.300700458590592845e+01
1.000000000000000000e+00 1.291589527638996238e+01
1.000000000000000000e+00 1.284437234183434562e+01
1.000000000000000000e+00 1.277991217767000975e+01
1.000000000000000000e+00 1.268952981307640826e+01
1.000000000000000000e+00 1.268952981062784069e+01
1.000000000000000000e+00 1.268855964835110939e+01
1.000000000000000000e+00 1.268561813940237393e+01
1.000000000000000000e+00 1.266864273685215458e+01
1.000000000000000000e+00 1.266864273657004247e+01
1.000000000000000000e+00 1.266398465386405370e+01
1.000000000000000000e+00 1.261695805385862634e+01
1.000000000000000000e+00 1.261695805191633823e+01
1.000000000000000000e+00 1.259644704264004389e+01
1.000000000000000000e+00 1.256165795874196611e+01
1.000000000000000000e+00 1.243063985473758848e+01
1.000000000000000000e+00 1.240045397804081340e+01
1.000000000000000000e+00 1.233265310624652500e+01
1.000000000000000000e+00 1.233265310276882154e+01
1.000000000000000000e+00 1.229567925244260707e+01
1.000000000000000000e+00 1.229567925040258380e+01
1.000000000000000000e+00 1.227607480485939107e+01
1.000000000000000000e+00 1.217781685860976282e+01
1.000000000000000000e+00 1.217781685826438931e+01
1.000000000000000000e+00 1.216631147831233406e+01
1.000000000000000000e+00 1.211570225009611868e+01
1.000000000000000000e+00 1.211570224311779320e+01
1.000000000000000000e+00 1.204701671897356974e+01
1.000000000000000000e+00 1.171934035491705650e+01
1.000000000000000000e+00 1.152259452180121535e+01
1.000000000000000000e+00 1.152259451731717554e+01
1.000000000000000000e+00 1.150092325671015026e+01
1.000000000000000000e+00 1.138298488611647308e+01
1.000000000000000000e+00 1.134286040692109587e+01
1.000000000000000000e+00 1.134286040461707223e+01
1.000000000000000000e+00 1.132885860790368149e+01
1.000000000000000000e+00 1.124988357642533288e+01
1.000000000000000000e+00 1.124988357582792631e+01
1.000000000000000000e+00 1.124488938934698012e+01
1.000000000000000000e+00 1.112664638829926744e+01
1.000000000000000000e+00 1.112664637081027408e+01
1.000000000000000000e+00 1.104826481196475285e+01
1.000000000000000000e+00 1.104826481133690663e+01
1.000000000000000000e+00 1.096231024130214138e+01
1.000000000000000000e+00 1.085804258285616086e+01
1.000000000000000000e+00 1.076008024730227497e+01
1.000000000000000000e+00 1.071031508615204153e+01
1.000000000000000000e+00 1.065231427223990934e+01
1.000000000000000000e+00 1.065231426929134173e+01
1.000000000000000000e+00 1.025850027004670117e+01
1.000000000000000000e+00 1.025850026907766122e+01
1.000000000000000000e+00 1.019108514887889783e+01
1.000000000000000000e+00 9.893471028937351974e+00
1.000000000000000000e+00 9.266342900021115270e+00
1.000000000000000000e+00 8.908057072626784034e+00
1.000000000000000000e+00 8.879721835047192258e+00
1.000000000000000000e+00 8.879721834530300839e+00
1.000000000000000000e+00 8.156431836370529709e+00
1.000000000000000000e+00 8.071126577635096666e+00
1.000000000000000000e+00 7.823683848793792528e+00
1.000000000000000000e+00 7.781621449127603896e+00
1.000000000000000000e+00 7.781621436618222809e+00
1.000000000000000000e+00 7.514015825963781481e+00
1.000000000000000000e+00 7.051040718812736863e+00
1.000000000000000000e+00 7.051040707962104470e+00
1.000000000000000000e+00 6.717151012376349151e+00
1.000000000000000000e+00 6.122669355791408030e+00
1.000000000000000000e+00 6.013287322648600330e+00
1.000000000000000000e+00 6.013287320211635922e+00
1.000000000000000000e+00 5.774511797629454435e+00
1.000000000000000000e+00 3.529590068466324393e+00
1.500000000000000000e+00 1.501097970102623158e+01
1.500000000000000000e+00 1.501097969662294318e+01
1.500000000000000000e+00 1.493095358149611940e+01
1.500000000000000000e+00 1.493095357404427759e+01
1.500000000000000000e+00 1.492296189098792247e+01
1.500000000000000000e+00 1.492296188829972969e+01
1.500000000000000000e+00 1.486913963714472509e+01
1.500000000000000000e+00 1.486913963332372646e+01
1.500000000000000000e+00 1.476770083978580850e+01
1.500000000000000000e+00 1.476770083690879964e+01
1.500000000000000000e+00 1.466426157070958602e+01
1.500000000000000000e+00 1.466426156344557974e+01
1.500000000000000000e+00 1.449222509969865769e+01
1.500000000000000000e+00 1.449222508921422659e+01
1.500000000000000000e+00 1.444612398866385838e+01
1.500000000000000000e+00 1.444612398532650666e+01
1.500000000000000000e+00 1.436501863941593449e+01
1.500000000000000000e+00 1.436501863903126441e+01
1.500000000000000000e+00 1.416598495743808250e+01
1.500000000000000000e+00 1.416598495523136236e+01
1.500000000000000000e+00 1.411624333723644753e+01
1.500000000000000000e+00 1.411624333363706363e+01
1.500000000000000000e+00 1.404189965741426604e+01
1.500000000000000000e+00 1.404189965685734975e+01
1.500000000000000000e+00 1.397002172277534271e+01
1.500000000000000000e+00 1.397002171966559736e+01
1.500000000000000000e+00 1.385928474077137196e+01
1.500000000000000000e+00 1.385928473891552848e+01
1.500000000000000000e+00 1.384689535214424438e+01
1.500000000000000000e+00 1.384689535145687245e+01
1.500000000000000000e+00 1.377615302579458856e+01
1.500000000000000000e+00 1.377615301874990550e+01
1.500000000000000000e+00 1.370254363242062290e+01
1.500000000000000000e+00 1.370254362944573501e+01
1.500000000000000000e+00 1.362262733737694376e+01
1.500000000000000000e+00 1.362262733133487025e+01
1.500000000000000000e+00 1.360347308290392299e+01
1.500000000000000000e+00 1.360347308182620552e+01
1.500000000000000000e+00 1.359023669955658598e+01
1.500000000000000000e+00 1.359023669477062946e+01
1.500000000000000000e+00 1.336430504570972033e+01
1.500000000000000000e+00 1.336430503920479929e+01
1.500000000000000000e+00 1.319287802417199451e+01
1.500000000000000000e+00 1.319287802071712079e+01
1.500000000000000000e+00 1.302076278376692642e+01
1.500000000000000000e+00 1.302076278075803195e+01
1.500000000000000000e+00 1.295951031688867694e+01
1.500000000000000000e+00 1.295951031264349140e+01
1.500000000000000000e+00 1.287102447432405938e+01
1.500000000000000000e+00 1.287102447371961844e+01
1.500000000000000000e+00 1.276912149284259002e+01
1.500000000000000000e+00 1.276912148925537771e+01
1.500000000000000000e+00 1.238321098414067301e+01
1.500000000000000000e+00 1.238321098117182117e+01
1.500000000000000000e+00 1.235153665156267344e+01
1.500000000000000000e+00 1.235153664889183389e+01
1.500000000000000000e+00 1.220978572086278824e+01
1.500000000000000000e+00 1.220978571823291503e+01
1.500000000000000000e+00 1.202283084024591808e+01
1.500000000000000000e+00 1.202283083495872340e+01
1.500000000000000000e+00 1.132157162837665076e+01
1.500000000000000000e+00 1.132157162221530378e+01
1.500000000000000000e+00 1.109333083498163042e+01
1.500000000000000000e+00 1.109333083398914965e+01
1.500000000000000000e+00 1.091088755960636547e+01
1.500000000000000000e+00 1.091088755407299438e+01
1.500000000000000000e+00 1.088417211720511624e+01
1.500000000000000000e+00 1.088417211677885277e+01
1.500000000000000000e+00 1.081301479631012974e+01
1.500000000000000000e+00 1.081301478914232383e+01
1.500000000000000000e+00 1.057494925583212186e+01
1.500000000000000000e+00 1.057494925261635821e+01
1.500000000000000000e+00 1.052796427593447248e+01
1.500000000000000000e+00 1.052796427178830463e+01
1.500000000000000000e+00 9.890464304594187794e+00
1.500000000000000000e+00 9.890464300337875159e+00
1.500000000000000000e+00 9.550420718076233939e+00
1.500000000000000000e+00 9.550420701082350305e+00
1.500000000000000000e+00 9.407432949289944446e+00
1.500000000000000000e+00 9.407432936063774065e+00
1.500000000000000000e+00 9.383712749652589835e+00
1.500000000000000000e+00 9.383712747761780548e+00
1.500000000000000000e+00 9.330092854317147300e+00
1.500000000000000000e+00 9.330092847790767863e+00
1.500000000000000000e+00 8.939541891145889707e+00
1.500000000000000000e+00 8.939541884276282602e+00
1.500000000000000000e+00 8.763591501000226103e+00
1.500000000000000000e+00 8.763591483751952183e+00
1.500000000000000000e+00 8.482666351082153611e+00
1.500000000000000000e+00 8.482666329033316188e+00
1.500000000000000000e+00 8.322726145753566840e+00
1.500000000000000000e+00 8.322726145443715140e+00
1.500000000000000000e+00 8.181885155018472133e+00
1.500000000000000000e+00 8.181885150076592339e+00
1.500000000000000000e+00 7.830459744528881494e+00
1.500000000000000000e+00 7.830459732403219242e+00
1.500000000000000000e+00 7.206467111564282213e+00
1.500000000000000000e+00 7.206467107540812655e+00
1.500000000000000000e+00 3.529406065833140982e+00
1.500000000000000000e+00 3.529406065804963522e+00
2.000000000000000000e+00 1.634852541879013543e+01
2.000000000000000000e+00 1.630562374147734417e+01
2.000000000000000000e+00 1.630562373612045590e+01
2.000000000000000000e+00 1.625601488184969412e+01
2.000000000000000000e+00 1.625601487420325952e+01
2.000000000000000000e+00 1.623511601377484936e+01
2.000000000000000000e+00 1.619567660846825419e+01
2.000000000000000000e+00 1.619567660366911355e+01
2.000000000000000000e+00 1.607027425090791439e+01
2.000000000000000000e+00 1.591573916678612655e+01
2.000000000000000000e+00 1.589339038671881710e+01
2.000000000000000000e+00 1.583291982894084171e+01
2.000000000000000000e+00 1.570011110192698922e+01
2.000000000000000000e+00 1.570011108877006656e+01
2.000000000000000000e+00 1.561613785342145277e+01
2.000000000000000000e+00 1.561613785207731731e+01
2.000000000000000000e+00 1.539663902097287718e+01
2.000000000000000000e+00 1.533624784124431883e+01
2.000000000000000000e+00 1.520883524592334624e+01
2.000000000000000000e+00 1.520883524413445720e+01
2.000000000000000000e+00 1.518288079647071065e+01
2.000000000000000000e+00 1.504852926543654235e+01
2.000000000000000000e+00 1.493863843444537309e+01
2.000000000000000000e+00 1.493863842557071209e+01
2.000000000000000000e+00 1.471303977061527490e+01
2.000000000000000000e+00 1.445674126244172264e+01
2.000000000000000000e+00 1.445674126117685709e+01
2.000000000000000000e+00 1.443694791430995572e+01
2.000000000000000000e+00 1.434072506838207595e+01
2.000000000000000000e+00 1.427487102170340449e+01
2.000000000000000000e+00 1.425123102512304740e+01
2.000000000000000000e+00 1.407486983293447835e+01
2.000000000000000000e+00 1.407486983264668723e+01
2.000000000000000000e+00 1.404125615472590916e+01
2.000000000000000000e+00 1.392660544296123248e+01
2.000000000000000000e+00 1.392660543948734109e+01
2.000000000000000000e+00 1.377363849528080664e+01
2.000000000000000000e+00 1.366890274515286841e+01
2.000000000000000000e+00 1.366890273403050138e+01
2.000000000000000000e+00 1.363122986158384897e+01
2.000000000000000000e+00 1.351373194658561872e+01
2.000000000000000000e+00 1.349669758092363381e+01
2.000000000000000000e+00 1.330296590576442028e+01
2.000000000000000000e+00 1.328899538746718889e+01
2.000000000000000000e+00 1.323127420982218716e+01
2.000000000000000000e+00 1.323127420759384343e+01
2.000000000000000000e+00 1.311896686848207061e+01
2.000000000000000000e+00 1.266808034505265290e+01
2.000000000000000000e+00 1.266808034321995358e+01
2.000000000000000000e+00 1.266126310047923020e+01
2.000000000000000000e+00 1.260767128381187163e+01
2.000000000000000000e+00 1.260767128281652738e+01
2.000000000000000000e+00 1.257032922859624868e+01
2.000000000000000000e+00 1.242743333195271127e+01
2.000000000000000000e+00 1.242743332602359807e+01
2.000000000000000000e+00 1.231048507985928175e+01
2.000000000000000000e+00 1.231048506852108915e+01
2.000000000000000000e+00 1.230448153220359764e+01
2.000000000000000000e+00 1.222313482371114013e+01
2.000000000000000000e+00 1.211074305754181424e+01
2.000000000000000000e+00 1.211074305112283156e+01
2.000000000000000000e+00 1.210869231992202621e+01
2.000000000000000000e+00 1.210869231440253380e+01
2.000000000000000000e+00 1.209159271056342000e+01
2.000000000000000000e+00 1.207547100746600499e+01
2.000000000000000000e+00 1.203062999225807594e+01
2.000000000000000000e+00 1.187990834415865571e+01
2.000000000000000000e+00 1.187990833502459864e+01
2.000000000000000000e+00 1.186737527371256284e+01
2.000000000000000000e+00 1.186737527254150848e+01
2.000000000000000000e+00 1.183862910371405164e+01
2.000000000000000000e+00 1.168670526756640804e+01
2.000000000000000000e+00 1.168670526724938341e+01
2.000000000000000000e+00 1.159605398283271960e+01
2.000000000000000000e+00 1.145574584395782125e+01
2.000000000000000000e+00 1.145477097202340566e+01
2.000000000000000000e+00 1.145477096865045574e+01
2.000000000000000000e+00 1.123238327151370974e+01
2.000000000000000000e+00 1.090454302325390934e+01
2.000000000000000000e+00 1.072971002536269047e+01
2.000000000000000000e+00 1.049201398845407951e+01
2.000000000000000000e+00 1.043253264281178616e+01
2.000000000000000000e+00 1.043253262760850042e+01
2.000000000000000000e+00 1.026071529897730450e+01
2.000000000000000000e+00 1.012775500296064024e+01
2.000000000000000000e+00 9.927744217379816050e+00
2.000000000000000000e+00 9.633766946951054067e+00
2.000000000000000000e+00 9.633766941523704830e+00
2.000000000000000000e+00 9.494245917615472763e+00
2.000000000000000000e+00 9.367632321839565179e+00
2.000000000000000000e+00 9.131732604329444669e+00
2.000000000000000000e+00 9.131732601642609026e+00
2.000000000000000000e+00 7.555794529952248872e+00
2.000000000000000000e+00 7.053313685137080569e+00
2.000000000000000000e+00 7.053313677279962057e+00
2.000000000000000000e+00 6.960712887966934659e+00
2.000000000000000000e+00 5.281704892791688088e+00
2.000000000000000000e+00 5.281704885458536225e+00
2.000000000000000000e+00 4.730371128083032950e+00
2.000000000000000000e+00 4.523866163636557580e+00
2.500000000000000000e+00 1.868444041775516595e+01
2.500000000000000000e+00 1.868444038884905822e+01
2.500000000000000000e+00 1.822299407550495687e+01
2.500000000000000000e+00 1.822299403906180260e+01
2.500000000000000000e+00 1.813010074653306702e+01
2.500000000000000000e+00 1.813010069671760505e+01
2.500000000000000000e+00 1.786610889396237312e+01
2.500000000000000000e+00 1.786610888120995000e+01
2.500000000000000000e+00 1.782459320549466142e+01
2.500000000000000000e+00 1.782459316879315381e+01
2.500000000000000000e+00 1.780949333197781925e+01
2.500000000000000000e+00 1.780949327172534424e+01
2.500000000000000000e+00 1.734999257444463083e+01
2.500000000000000000e+00 1.734999257444463083e+01
2.500000000000000000e+00 1.732668874969786899e+01
2.500000000000000000e+00 1.732668870508329206e+01
2.500000000000000000e+00 1.691268781167104862e+01
2.500000000000000000e+00 1.691268775760559251e+01
2.500000000000000000e+00 1.681333706218008572e+01
2.500000000000000000e+00 1.681333705772988552e+01
2.500000000000000000e+00 1.662037691689571162e+01
2.500000000000000000e+00 1.662037689488016667e+01
2.500000000000000000e+00 1.645477696651121491e+01
2.500000000000000000e+00 1.645477695718339106e+01
2.500000000000000000e+00 1.645179004856191796e+01
2.500000000000000000e+00 1.645179001446190625e+01
2.500000000000000000e+00 1.604738576637208425e+01
2.500000000000000000e+00 1.604738576016550056e+01
2.500000000000000000e+00 1.600445348932562695e+01
2.500000000000000000e+00 1.600445348734370654e+01
2.500000000000000000e+00 1.561915445632515009e+01
2.500000000000000000e+00 1.561915445362875943e+01
2.500000000000000000e+00 1.558216314418986670e+01
2.500000000000000000e+00 1.558216313639445616e+01
2.500000000000000000e+00 1.538143093881318180e+01
2.500000000000000000e+00 1.538143092924667599e+01
2.500000000000000000e+00 1.535719920563990115e+01
2.500000000000000000e+00 1.535719919422742841e+01
2.500000000000000000e+00 1.527769125317704457e+01
2.500000000000000000e+00 1.527769125030243735e+01
2.500000000000000000e+00 1.513388992937453637e+01
2.500000000000000000e+00 1.513388991775648940e+01
2.500000000000000000e+00 1.512028460425582743e+01
2.500000000000000000e+00 1.512028460261853446e+01
2.500000000000000000e+00 1.498431004916088050e+01
2.500000000000000000e+00 1.498431004487347273e+01
2.500000000000000000e+00 1.481467580953380647e+01
2.500000000000000000e+00 1.481467580470919643e+01
2.500000000000000000e+00 1.480670487896018450e+01
2.500000000000000000e+00 1.480670487776360744e+01
2.500000000000000000e+00 1.455513910060715332e+01
2.500000000000000000e+00 1.455513910060715332e+01
2.500000000000000000e+00 1.454898845221108949e+01
2.500000000000000000e+00 1.454898844989926054e+01
2.500000000000000000e+00 1.443744195838523225e+01
2.500000000000000000e+00 1.443744195466316604e+01
2.500000000000000000e+00 1.435627474476426002e+01
2.500000000000000000e+00 1.435627474171369045e+01
2.500000000000000000e+00 1.424429774018805972e+01
2.500000000000000000e+00 1.424429773473324445e+01
2.500000000000000000e+00 1.374589333484140674e+01
2.500000000000000000e+00 1.374589333401295654e+01
2.500000000000000000e+00 1.357523202551204733e+01
2.500000000000000000e+00 1.357523202254354544e+01
2.500000000000000000e+00 1.336815092859571408e+01
2.500000000000000000e+00 1.336815092575658959e+01
2.500000000000000000e+00 1.336182274413728699e+01
2.500000000000000000e+00 1.336182273567364298e+01
2.500000000000000000e+00 1.335496004794805458e+01
2.500000000000000000e+00 1.335496003926210307e+01
2.500000000000000000e+00 1.327192177572427134e+01
2.500000000000000000e+00 1.327192177069590251e+01
2.500000000000000000e+00 1.314484896035026296e+01
2.500000000000000000e+00 1.314484895864705827e+01
2.500000000000000000e+00 1.293982924342513208e+01
2.500000000000000000e+00 1.293982924203764817e+01
2.500000000000000000e+00 1.285521639275765793e+01
2.500000000000000000e+00 1.285521638706303982e+01
2.500000000000000000e+00 1.284213573985829271e+01
2.500000000000000000e+00 1.284213573390212026e+01
2.500000000000000000e+00 1.197098190267456097e+01
2.500000000000000000e+00 1.197098189990124872e+01
2.500000000000000000e+00 1.098824104757556519e+01
2.500000000000000000e+00 1.098824104708941007e+01
2.500000000000000000e+00 1.036201291876085406e+01
2.500000000000000000e+00 1.036201291715930672e+01
2.500000000000000000e+00 9.907442496420191702e+00
2.500000000000000000e+00 9.907442491007584451e+00
2.500000000000000000e+00 9.412871388493027069e+00
2.500000000000000000e+00 9.412871384149532616e+00
2.500000000000000000e+00 8.799216728352327266e+00
2.500000000000000000e+00 8.799216721557094445e+00
2.500000000000000000e+00 8.771385659001980528e+00
2.500000000000000000e+00 8.771385658361364079e+00
2.500000000000000000e+00 8.187443674914334224e+00
2.500000000000000000e+00 8.187443673519588572e+00
2.500000000000000000e+00 8.136322878419115057e+00
2.500000000000000000e+00 8.136322873428429858e+00
2.500000000000000000e+00 6.195125871903700343e+00
2.500000000000000000e+00 6.195125870873147811e+00
3.000000000000000000e+00 2.431079752949605677e+01
3.000000000000000000e+00 2.431078950378166681e+01
3.000000000000000000e+00 2.413764583681742337e+01
3.000000000000000000e+00 2.390318650068497774e+01
3.000000000000000000e+00 2.379444941762637811e+01
3.000000000000000000e+00 2.379444941762637811e+01
3.000000000000000000e+00 2.362479060435226330e+01
3.000000000000000000e+00 2.312295097510623521e+01
3.000000000000000000e+00 2.264927096653653393e+01
3.000000000000000000e+00 2.264926791918217219e+01
3.000000000000000000e+00 2.248720375765389079e+01
3.000000000000000000e+00 2.231032515951645223e+01
3.000000000000000000e+00 2.228556539752509735e+01
3.000000000000000000e+00 2.221333008360576855e+01
3.000000000000000000e+00 2.221332909830983127e+01
3.000000000000000000e+00 2.106099035121983221e+01
3.000000000000000000e+00 2.101587601741216815e+01
3.000000000000000000e+00 2.080464156207109028e+01
3.000000000000000000e+00 2.080464108033282145e+01
3.000000000000000000e+00 2.064812796217596613e+01
3.000000000000000000e+00 2.064812796217596613e+01
3.000000000000000000e+00 2.050995060850210550e+01
3.000000000000000000e+00 2.032168374177857473e+01
3.000000000000000000e+00 2.027568530587803153e+01
3.000000000000000000e+00 1.968222975009401310e+01
3.000000000000000000e+00 1.952478140519682626e+01
3.000000000000000000e+00 1.948497371521784771e+01
3.000000000000000000e+00 1.947256160747375375e+01
3.000000000000000000e+00 1.947256154390169769e+01
3.000000000000000000e+00 1.912802892088676998e+01
3.000000000000000000e+00 1.896342881394756574e+01
3.000000000000000000e+00 1.896342877573970398e+01
3.000000000000000000e+00 1.840359149408673289e+01
3.000000000000000000e+00 1.824308326232444699e+01
3.000000000000000000e+00 1.815331252281057317e+01
3.000000000000000000e+00 1.815331250581547451e+01
3.000000000000000000e+00 1.811926213234246674e+01
3.000000000000000000e+00 1.792648223454317602e+01
3.000000000000000000e+00 1.787208261861412950e+01
3.000000000000000000e+00 1.787208261861412950e+01
3.000000000000000000e+00 1.783223123402521892e+01
3.000000000000000000e+00 1.776979116195035147e+01
3.000000000000000000e+00 1.776979113878747540e+01
3.000000000000000000e+00 1.769365396270343638e+01
3.000000000000000000e+00 1.761321641730680554e+01
3.000000000000000000e+00 1.761321641730680554e+01
3.000000000000000000e+00 1.761321640740389327e+01
3.000000000000000000e+00 1.761321636779224775e+01
3.000000000000000000e+00 1.759939941494672411e+01
3.000000000000000000e+00 1.740271664682184038e+01
3.000000000000000000e+00 1.703313275623716905e+01
3.000000000000000000e+00 1.682353864909522301e+01
3.000000000000000000e+00 1.682353864909522301e+01
3.000000000000000000e+00 1.681443178786100390e+01
3.000000000000000000e+00 1.655541939332758261e+01
3.000000000000000000e+00 1.655541938645060895e+01
3.000000000000000000e+00 1.648252481019361326e+01
3.000000000000000000e+00 1.641039562351089387e+01
3.000000000000000000e+00 1.637621720004229076e+01
3.000000000000000000e+00 1.631188781442193303e+01
3.000000000000000000e+00 1.631188779825028590e+01
3.000000000000000000e+00 1.615757235385656543e+01
3.000000000000000000e+00 1.607748732848940065e+01
3.000000000000000000e+00 1.580141282681820769e+01
3.000000000000000000e+00 1.575429757101800199e+01
3.000000000000000000e+00 1.575429756638816237e+01
3.000000000000000000e+00 1.572957982804723187e+01
3.000000000000000000e+00 1.554874481818059451e+01
3.000000000000000000e+00 1.554874481566752742e+01
3.000000000000000000e+00 1.528290849953955188e+01
3.000000000000000000e+00 1.451531461280227298e+01
3.000000000000000000e+00 1.445800275412993940e+01
3.000000000000000000e+00 1.445800275159701442e+01
3.000000000000000000e+00 1.379164812614439306e+01
3.000000000000000000e+00 1.356707246975526004e+01
3.000000000000000000e+00 1.313678441963753585e+01
3.000000000000000000e+00 1.298145400181131848e+01
3.000000000000000000e+00 1.290318035270852626e+01
3.000000000000000000e+00 1.290318034593158458e+01
3.000000000000000000e+00 1.278235635808229276e+01
3.000000000000000000e+00 1.278235635642283441e+01
3.000000000000000000e+00 1.264608074166613250e+01
3.000000000000000000e+00 1.262749876436837582e+01
3.000000000000000000e+00 1.195735481053944760e+01
3.000000000000000000e+00 1.195735480749200086e+01
3.000000000000000000e+00 1.150072110463281128e+01
3.000000000000000000e+00 1.146646131968848437e+01
3.000000000000000000e+00 1.134965168349260622e+01
3.000000000000000000e+00 1.130089145502779857e+01
3.000000000000000000e+00 1.130089145204610368e+01
3.000000000000000000e+00 1.114844022951148439e+01
3.000000000000000000e+00 1.079892991155447390e+01
3.000000000000000000e+00 1.041421257771184194e+01
3.000000000000000000e+00 1.030292586545774114e+01
3.000000000000000000e+00 1.030292585743270983e+01
3.000000000000000000e+00 9.688577117762189772e+00
3.000000000000000000e+00 9.688577115023687014e+00
3.000000000000000000e+00 9.671514905625778979e+00
3.000000000000000000e+00 9.473560151712799637e+00
3.000000000000000000e+00 5.745128851354344590e+00
3.500000000000000000e+00 2.529287787814549304e+01
3.500000000000000000e+00 2.529287786880372124e+01
3.500000000000000000e+00 2.505144264718780889e+01
3.500000000000000000e+00 2.505144263911151370e+01
3.500000000000000000e+00 2.199460873572423836e+01
3.500000000000000000e+00 2.199460872382499943e+01
3.500000000000000000e+00 2.085963677740112132e+01
3.500000000000000000e+00 2.085963677403137595e+01
3.500000000000000000e+00 2.073008490088047395e+01
3.500000000000000000e+00 2.073008489699444468e+01
3.500000000000000000e+00 2.067046451699860299e+01
3.500000000000000000e+00 2.067046451441198229e+01
3.500000000000000000e+00 2.065509417923759017e+01
3.500000000000000000e+00 2.065509417832900141e+01
3.500000000000000000e+00 2.000444383853286467e+01
3.500000000000000000e+00 2.000444383492267875e+01
3.500000000000000000e+00 1.929297805480590355e+01
3.500000000000000000e+00 1.929297804981156617e+01
3.500000000000000000e+00 1.911586293062410746e+01
3.500000000000000000e+00 1.911586292828948075e+01
3.500000000000000000e+00 1.906885683361778661e+01
3.500000000000000000e+00 1.906885682796379200e+01
3.500000000000000000e+00 1.880442350893306269e+01
3.500000000000000000e+00 1.880442350573306243e+01
3.500000000000000000e+00 1.873323181892931899e+01
3.500000000000000000e+00 1.873323181145751093e+01
3.500000000000000000e+00 1.805278883764877662e+01
3.500000000000000000e+00 1.805278883499821063e+01
3.500000000000000000e+00 1.693449479504245758e+01
3.500000000000000000e+00 1.693449479262581647e+01
3.500000000000000000e+00 1.598599232617427113e+01
3.500000000000000000e+00 1.598599232332376907e+01
3.500000000000000000e+00 1.579615825240203009e+01
3.500000000000000000e+00 1.579615824971805083e+01
3.500000000000000000e+00 1.524716053913280334e+01
3.500000000000000000e+00 1.524716053792707982e+01
3.500000000000000000e+00 1.430590106212462942e+01
3.500000000000000000e+00 1.430590106081641011e+01
3.500000000000000000e+00 1.426207561057102247e+01
3.500000000000000000e+00 1.426207560921896622e+01
3.500000000000000000e+00 1.424270212460862872e+01
3.500000000000000000e+00 1.424270211924040908e+01
3.500000000000000000e+00 1.416061286008581988e+01
3.500000000000000000e+00 1.416061284926668407e+01
3.500000000000000000e+00 1.394186712565102582e+01
3.500000000000000000e+00 1.394186712449586629e+01
3.500000000000000000e+00 1.393962923307653412e+01
3.500000000000000000e+00 1.393962922711103758e+01
3.500000000000000000e+00 1.361539617205206554e+01
3.500000000000000000e+00 1.361539616189569912e+01
3.500000000000000000e+00 1.287967700948237315e+01
3.500000000000000000e+00 1.287967700937529791e+01
3.500000000000000000e+00 1.242353340711551546e+01
3.500000000000000000e+00 1.242353340334791412e+01
3.500000000000000000e+00 1.161505526828564605e+01
3.500000000000000000e+00 1.161505526493741591e+01
3.500000000000000000e+00 9.178371003389688809e+00
3.500000000000000000e+00 9.178371000871365482e+00
3.500000000000000000e+00 7.057471405676660758e+00
3.500000000000000000e+00 7.057471402593570531e+00
4.000000000000000000e+00 2.289688124892376209e+01
4.000000000000000000e+00 2.191350472918082559e+01
4.000000000000000000e+00 2.186804718474916953e+01
4.000000000000000000e+00 2.186804718423969618e+01
4.000000000000000000e+00 2.178757665637551355e+01
4.000000000000000000e+00 2.041900200702121637e+01
4.000000000000000000e+00 1.741233840709712055e+01
4.000000000000000000e+00 1.727739469942834205e+01
4.000000000000000000e+00 1.727739469666443384e+01
4.000000000000000000e+00 1.721732474658650602e+01
4.000000000000000000e+00 1.713801442098147376e+01
4.000000000000000000e+00 1.713019433164872396e+01
4.000000000000000000e+00 1.701341774651207217e+01
4.000000000000000000e+00 1.701341773795811818e+01
4.000000000000000000e+00 1.640159822699539660e+01
4.000000000000000000e+00 1.555649280307206261e+01
4.000000000000000000e+00 1.545016114045089495e+01
4.000000000000000000e+00 1.545016113188175844e+01
4.000000000000000000e+00 1.510786100392680531e+01
4.000000000000000000e+00 1.510786100115233488e+01
4.000000000000000000e+00 1.497576165943083026e+01
4.000000000000000000e+00 1.493402542550483325e+01
4.000000000000000000e+00 1.229382730254757128e+01
4.000000000000000000e+00 1.062012798957854542e+01
4.000000000000000000e+00 1.057547793674530645e+01
4.000000000000000000e+00 1.057547793614559417e+01
4.000000000000000000e+00 1.045702593575948036e+01
4.000000000000000000e+00 8.292596642501848692e+00
4.500000000000000000e+00 1.849115733954445062e+01
4.500000000000000000e+00 1.849115733357878355e+01
4.500000000000000000e+00 1.818808444741490860e+01
4.500000000000000000e+00 1.818808444204684704e+01
4.500000000000000000e+00 1.362636306092226413e+01
4.500000000000000000e+00 1.362636305772663015e+01
4.500000000000000000e+00 1.176032205225493321e+01
4.500000000000000000e+00 1.176032204965664185e+01
5.000000000000000000e+00 1.481757016245864378e+01
