-5.000000000000000000e+00 1.376675569412354960e+01
-4.500000000000000000e+00 1.752920159770766162e+01
-4.500000000000000000e+00 1.752920159770762965e+01
-4.500000000000000000e+00 1.717881680229495700e+01
-4.500000000000000000e+00 1.717881680229485397e+01
-4.500000000000000000e+00 1.254314858555910739e+01
-4.500000000000000000e+00 1.254314858555910739e+01
-4.500000000000000000e+00 1.061150203267044034e+01
-4.500000000000000000e+00 1.061150203267043857e+01
-4.000000000000000000e+00 2.129164729830012348e+01
-4.000000000000000000e+00 2.094126828674537322e+01
-4.000000000000000000e+00 2.094126091656597666e+01
-4.000000000000000000e+00 2.094126091655993349e+01
-4.000000000000000000e+00 2.094126091655943966e+01
-4.000000000000000000e+00 2.059086524967698040e+01
-4.000000000000000000e+00 1.630560059227780556e+01
-4.000000000000000000e+00 1.630560059227776293e+01
-4.000000000000000000e+00 1.630560059227769187e+01
-4.000000000000000000e+00 1.630558583120300753e+01
-4.000000000000000000e+00 1.595523100907429992e+01
-4.000000000000000000e+00 1.595520537994036303e+01
-4.000000000000000000e+00 1.595520537994033639e+01
-4.000000000000000000e+00 1.595520537994028309e+01
-4.000000000000000000e+00 1.437395141937375875e+01
-4.000000000000000000e+00 1.437394362244479495e+01
-4.000000000000000000e+00 1.437394362244475587e+01
-4.000000000000000000e+00 1.437394362244473101e+01
-4.000000000000000000e+00 1.402356924394793580e+01
-4.000000000000000000e+00 1.402356924394791982e+01
-4.000000000000000000e+00 1.402356924394791093e+01
-4.000000000000000000e+00 1.402356156618993310e+01
-4.000000000000000000e+00 1.131953576960473740e+01
-4.000000000000000000e+00 9.387893681486509934e+00
-4.000000000000000000e+00 9.387893134785400662e+00
-4.000000000000000000e+00 9.387893134785400662e+00
-4.000000000000000000e+00 9.387893134785398885e+00
-4.000000000000000000e+00 7.456248038267354161e+00
-3.500000000000000000e+00 2.470371236700245632e+01
-3.500000000000000000e+00 2.470371236431481066e+01
-3.500000000000000000e+00 2.435330545965493698e+01
-3.500000000000000000e+00 2.435330545862157337e+01
-3.500000000000000000e+00 2.006803187929589427e+01
-3.500000000000000000e+00 2.006803187926969656e+01
-3.500000000000000000e+00 1.971771019259595192e+01
-3.500000000000000000e+00 1.971771019257719360e+01
-3.500000000000000000e+00 1.971765559732347128e+01
-3.500000000000000000e+00 1.971765559731563755e+01
-3.500000000000000000e+00 1.971765559731526452e+01
-3.500000000000000000e+00 1.971765559731291262e+01
-3.500000000000000000e+00 1.971765203957206225e+01
-3.500000000000000000e+00 1.971765203956725543e+01
-3.500000000000000000e+00 1.936724834228486714e+01
-3.500000000000000000e+00 1.936724834228092007e+01
-3.500000000000000000e+00 1.813639819285818788e+01
-3.500000000000000000e+00 1.813639819285426569e+01
-3.500000000000000000e+00 1.778600935650262826e+01
-3.500000000000000000e+00 1.778600935650045756e+01
-3.500000000000000000e+00 1.778600904442750874e+01
-3.500000000000000000e+00 1.778600904442674135e+01
-3.500000000000000000e+00 1.778600904442639674e+01
-3.500000000000000000e+00 1.778600904442471631e+01
-3.500000000000000000e+00 1.778598732206839728e+01
-3.500000000000000000e+00 1.778598732206318545e+01
-3.500000000000000000e+00 1.743563974202842104e+01
-3.500000000000000000e+00 1.743563974202520228e+01
-3.500000000000000000e+00 1.638986905874519451e+01
-3.500000000000000000e+00 1.638986905874518385e+01
-3.500000000000000000e+00 1.508197378759857443e+01
-3.500000000000000000e+00 1.508197378759793317e+01
-3.500000000000000000e+00 1.473161004924657291e+01
-3.500000000000000000e+00 1.473161004924618567e+01
-3.500000000000000000e+00 1.315035627000521501e+01
-3.500000000000000000e+00 1.315035627000509422e+01
-3.500000000000000000e+00 1.315034082769016699e+01
-3.500000000000000000e+00 1.315034082769015455e+01
-3.500000000000000000e+00 1.315034082769015100e+01
-3.500000000000000000e+00 1.315034082769014567e+01
-3.500000000000000000e+00 1.315033786483698819e+01
-3.500000000000000000e+00 1.315033786483697220e+01
-3.500000000000000000e+00 1.279996380858630722e+01
-3.500000000000000000e+00 1.279996380858630545e+01
-3.500000000000000000e+00 1.279995603227744105e+01
-3.500000000000000000e+00 1.279995603227743928e+01
-3.500000000000000000e+00 1.279995603227743395e+01
-3.500000000000000000e+00 1.279995603227742862e+01
-3.500000000000000000e+00 1.279994395775089089e+01
-3.500000000000000000e+00 1.279994395775072391e+01
-3.500000000000000000e+00 1.182085996955098928e+01
-3.500000000000000000e+00 1.182085996955098750e+01
-3.500000000000000000e+00 1.121868492867388767e+01
-3.500000000000000000e+00 1.121868492867387523e+01
-3.500000000000000000e+00 1.086832357465541676e+01
-3.500000000000000000e+00 1.086832357465540255e+01
-3.500000000000000000e+00 8.164282529553933188e+00
-3.500000000000000000e+00 8.164282529553933188e+00
-3.500000000000000000e+00 6.232635847456684530e+00
-3.500000000000000000e+00 6.232635847456684530e+00
-3.000000000000000000e+00 2.348010561987749156e+01
-3.000000000000000000e+00 2.348010561987749156e+01
-3.000000000000000000e+00 2.348009512833105461e+01
-3.000000000000000000e+00 2.312971491571546423e+01
-3.000000000000000000e+00 2.312971245224564498e+01
-3.000000000000000000e+00 2.312970752532420704e+01
-3.000000000000000000e+00 2.312969028129033333e+01
-3.000000000000000000e+00 2.154845684732946154e+01
-3.000000000000000000e+00 2.154845634055348924e+01
-3.000000000000000000e+00 2.154845532700230848e+01
-3.000000000000000000e+00 2.154844417800713785e+01
-3.000000000000000000e+00 2.119806351973928926e+01
-3.000000000000000000e+00 2.119806137786970268e+01
-3.000000000000000000e+00 2.119806137786970268e+01
-3.000000000000000000e+00 2.119806102089188471e+01
-3.000000000000000000e+00 2.015231619036141453e+01
-3.000000000000000000e+00 2.015231556309820959e+01
-3.000000000000000000e+00 2.015231556309820959e+01
-3.000000000000000000e+00 2.015231556309820959e+01
-3.000000000000000000e+00 1.980192694512410156e+01
-3.000000000000000000e+00 1.980192676838290566e+01
-3.000000000000000000e+00 1.980192676838290566e+01
-3.000000000000000000e+00 1.980192641490060979e+01
-3.000000000000000000e+00 1.884439182293459325e+01
-3.000000000000000000e+00 1.849409905209664018e+01
-3.000000000000000000e+00 1.849405004258109031e+01
-3.000000000000000000e+00 1.849405001868625220e+01
-3.000000000000000000e+00 1.849404997089657599e+01
-3.000000000000000000e+00 1.814364690795473933e+01
-3.000000000000000000e+00 1.691279869133104796e+01
-3.000000000000000000e+00 1.691278482947230444e+01
-3.000000000000000000e+00 1.691278482947230444e+01
-3.000000000000000000e+00 1.691278480981022980e+01
-3.000000000000000000e+00 1.656245286937396344e+01
-3.000000000000000000e+00 1.656242738033881068e+01
-3.000000000000000000e+00 1.656242738033881068e+01
-3.000000000000000000e+00 1.656242737687614053e+01
-3.000000000000000000e+00 1.656240363363322032e+01
-3.000000000000000000e+00 1.656240363017063189e+01
-3.000000000000000000e+00 1.656240362670804700e+01
-3.000000000000000000e+00 1.656240194735462978e+01
-3.000000000000000000e+00 1.656240194042946712e+01
-3.000000000000000000e+00 1.656240193696688578e+01
-3.000000000000000000e+00 1.656240193696688578e+01
-3.000000000000000000e+00 1.656240193350430445e+01
-3.000000000000000000e+00 1.656239370298218105e+01
-3.000000000000000000e+00 1.656239370298218105e+01
-3.000000000000000000e+00 1.656239370298218105e+01
-3.000000000000000000e+00 1.656239025774797469e+01
-3.000000000000000000e+00 1.621201524628210322e+01
-3.000000000000000000e+00 1.621201524384300541e+01
-3.000000000000000000e+00 1.621201523896481334e+01
-3.000000000000000000e+00 1.621198432389446253e+01
-3.000000000000000000e+00 1.558330527346721617e+01
-3.000000000000000000e+00 1.558330527086577533e+01
-3.000000000000000000e+00 1.558330526696361673e+01
-3.000000000000000000e+00 1.558330526566289720e+01
-3.000000000000000000e+00 1.523292460927734560e+01
-3.000000000000000000e+00 1.523292460836109363e+01
-3.000000000000000000e+00 1.523292460469608223e+01
-3.000000000000000000e+00 1.523292460469608223e+01
-3.000000000000000000e+00 1.516626431557719101e+01
-3.000000000000000000e+00 1.516626431386285923e+01
-3.000000000000000000e+00 1.516626431129135888e+01
-3.000000000000000000e+00 1.516626431043419387e+01
-3.000000000000000000e+00 1.498114339480257406e+01
-3.000000000000000000e+00 1.463075690085858760e+01
-3.000000000000000000e+00 1.463075689885154240e+01
-3.000000000000000000e+00 1.463075689734625939e+01
-3.000000000000000000e+00 1.463070450028215674e+01
-3.000000000000000000e+00 1.428043243992632583e+01
-3.000000000000000000e+00 1.323461595649843758e+01
-3.000000000000000000e+00 1.323461595649843758e+01
-3.000000000000000000e+00 1.323461595637422583e+01
-3.000000000000000000e+00 1.323461595637422583e+01
-3.000000000000000000e+00 1.192673110585933749e+01
-3.000000000000000000e+00 1.192672521843012490e+01
-3.000000000000000000e+00 1.192672521843012490e+01
-3.000000000000000000e+00 1.192672521822861320e+01
-3.000000000000000000e+00 1.157635043650769191e+01
-3.000000000000000000e+00 1.157635020120128999e+01
-3.000000000000000000e+00 1.157635020120128999e+01
-3.000000000000000000e+00 1.157635020115397317e+01
-3.000000000000000000e+00 1.059725049707356348e+01
-3.000000000000000000e+00 1.059725049706467637e+01
-3.000000000000000000e+00 1.059725049704690214e+01
-3.000000000000000000e+00 1.059725049702912791e+01
-3.000000000000000000e+00 9.995086351865891672e+00
-3.000000000000000000e+00 9.995084901980566983e+00
-3.000000000000000000e+00 9.995084901965967106e+00
-3.000000000000000000e+00 9.995084901961099888e+00
-3.000000000000000000e+00 9.644702786166106989e+00
-3.000000000000000000e+00 9.644702786159250252e+00
-3.000000000000000000e+00 9.644702786159250252e+00
-3.000000000000000000e+00 9.644696193580511334e+00
-3.000000000000000000e+00 8.665605748887855952e+00
-3.000000000000000000e+00 8.665605748882704518e+00
-3.000000000000000000e+00 8.665605748880128800e+00
-3.000000000000000000e+00 8.665605748876265224e+00
-3.000000000000000000e+00 5.009025954538845582e+00
-2.500000000000000000e+00 1.699706532708175999e+01
-2.500000000000000000e+00 1.699706531103847951e+01
-2.500000000000000000e+00 1.699706102214425485e+01
-2.500000000000000000e+00 1.699706102214425485e+01
-2.500000000000000000e+00 1.699706100610104187e+01
-2.500000000000000000e+00 1.699706100075330539e+01
-2.500000000000000000e+00 1.699706099005783244e+01
-2.500000000000000000e+00 1.699706099005783244e+01
-2.500000000000000000e+00 1.664667562660397238e+01
-2.500000000000000000e+00 1.664667562283693769e+01
-2.500000000000000000e+00 1.664667560776879895e+01
-2.500000000000000000e+00 1.664667560400176427e+01
-2.500000000000000000e+00 1.664667560023472959e+01
-2.500000000000000000e+00 1.664667559646769490e+01
-2.500000000000000000e+00 1.664666861994443536e+01
-2.500000000000000000e+00 1.664666861617742910e+01
-2.500000000000000000e+00 1.568915554747806951e+01
-2.500000000000000000e+00 1.568915554169426230e+01
-2.500000000000000000e+00 1.533882957774538980e+01
-2.500000000000000000e+00 1.533882957468954977e+01
-2.500000000000000000e+00 1.533879647132946289e+01
-2.500000000000000000e+00 1.533879646827372412e+01
-2.500000000000000000e+00 1.533879482734364963e+01
-2.500000000000000000e+00 1.533879482734364963e+01
-2.500000000000000000e+00 1.533879482734364963e+01
-2.500000000000000000e+00 1.533879482632507241e+01
-2.500000000000000000e+00 1.498839581479787064e+01
-2.500000000000000000e+00 1.498839581192789794e+01
-2.500000000000000000e+00 1.435970593458741007e+01
-2.500000000000000000e+00 1.435970593382214666e+01
-2.500000000000000000e+00 1.435970593229161807e+01
-2.500000000000000000e+00 1.435970593114372207e+01
-2.500000000000000000e+00 1.435970593076108948e+01
-2.500000000000000000e+00 1.435970592961319525e+01
-2.500000000000000000e+00 1.435969435429733387e+01
-2.500000000000000000e+00 1.435969435391470661e+01
-2.500000000000000000e+00 1.400932142209493136e+01
-2.500000000000000000e+00 1.400932142101680000e+01
-2.500000000000000000e+00 1.400930796927696420e+01
-2.500000000000000000e+00 1.400930796900743580e+01
-2.500000000000000000e+00 1.400930796900743580e+01
-2.500000000000000000e+00 1.400930796846837723e+01
-2.500000000000000000e+00 1.400930796792932043e+01
-2.500000000000000000e+00 1.400930796658167488e+01
-2.500000000000000000e+00 1.394264810305766744e+01
-2.500000000000000000e+00 1.394264810280551892e+01
-2.500000000000000000e+00 1.375753858138497598e+01
-2.500000000000000000e+00 1.375753858054682333e+01
-2.500000000000000000e+00 1.340715392977572229e+01
-2.500000000000000000e+00 1.340715392933291561e+01
-2.500000000000000000e+00 1.340714827485147964e+01
-2.500000000000000000e+00 1.340714827470387682e+01
-2.500000000000000000e+00 1.340714827381826879e+01
-2.500000000000000000e+00 1.340714827367066775e+01
-2.500000000000000000e+00 1.340712805830125909e+01
-2.500000000000000000e+00 1.340712805800606233e+01
-2.500000000000000000e+00 1.305678123820240266e+01
-2.500000000000000000e+00 1.305678123747457775e+01
-2.500000000000000000e+00 1.242805516365088536e+01
-2.500000000000000000e+00 1.242805516315186409e+01
-2.500000000000000000e+00 1.242804388471125598e+01
-2.500000000000000000e+00 1.242804388454491793e+01
-2.500000000000000000e+00 1.242804388454491793e+01
-2.500000000000000000e+00 1.242804388448947073e+01
-2.500000000000000000e+00 1.242804388437857988e+01
-2.500000000000000000e+00 1.242804388432313267e+01
-2.500000000000000000e+00 1.207768052017144633e+01
-2.500000000000000000e+00 1.207768052005427251e+01
-2.500000000000000000e+00 1.207768052001521397e+01
-2.500000000000000000e+00 1.207768052001521397e+01
-2.500000000000000000e+00 1.207768052001521397e+01
-2.500000000000000000e+00 1.207768051993709690e+01
-2.500000000000000000e+00 1.207767215532593141e+01
-2.500000000000000000e+00 1.207767215501347025e+01
-2.500000000000000000e+00 1.201101367629478567e+01
-2.500000000000000000e+00 1.201101367625824778e+01
-2.500000000000000000e+00 1.201101060449856561e+01
-2.500000000000000000e+00 1.201101060449856561e+01
-2.500000000000000000e+00 1.201101060435241052e+01
-2.500000000000000000e+00 1.201101060424279332e+01
-2.500000000000000000e+00 1.201101060424279332e+01
-2.500000000000000000e+00 1.201101060424279332e+01
-2.500000000000000000e+00 1.007936265550864974e+01
-2.500000000000000000e+00 1.007936265550335442e+01
-2.500000000000000000e+00 9.373641076393695926e+00
-2.500000000000000000e+00 9.373641076388466331e+00
-2.500000000000000000e+00 8.771473304472307220e+00
-2.500000000000000000e+00 8.771473304472307220e+00
-2.500000000000000000e+00 8.421091314277514783e+00
-2.500000000000000000e+00 8.421091314272473483e+00
-2.500000000000000000e+00 7.441993304885835769e+00
-2.500000000000000000e+00 7.441993304885456517e+00
-2.500000000000000000e+00 7.441993304885456517e+00
-2.500000000000000000e+00 7.441993304883941285e+00
-2.500000000000000000e+00 7.441993304883941285e+00
-2.500000000000000000e+00 7.441993304883183669e+00
-2.500000000000000000e+00 7.441991325764435672e+00
-2.500000000000000000e+00 7.441991325764435672e+00
-2.500000000000000000e+00 5.510351061066385725e+00
-2.500000000000000000e+00 5.510351061066385725e+00
-2.000000000000000000e+00 1.548976829604386829e+01
-2.000000000000000000e+00 1.542309297570724702e+01
-2.000000000000000000e+00 1.542309296351743342e+01
-2.000000000000000000e+00 1.542309295797660873e+01
-2.000000000000000000e+00 1.542309295354395005e+01
-2.000000000000000000e+00 1.542306880692237314e+01
-2.000000000000000000e+00 1.542306879916540652e+01
-2.000000000000000000e+00 1.542306879584099200e+01
-2.000000000000000000e+00 1.542306879584099200e+01
-2.000000000000000000e+00 1.542306879584099200e+01
-2.000000000000000000e+00 1.542306879584099200e+01
-2.000000000000000000e+00 1.542306879251657747e+01
-2.000000000000000000e+00 1.542306878365147327e+01
-2.000000000000000000e+00 1.542304068831242780e+01
-2.000000000000000000e+00 1.542304068277189266e+01
-2.000000000000000000e+00 1.542304067612325014e+01
-2.000000000000000000e+00 1.542304067612325014e+01
-2.000000000000000000e+00 1.444397515208161131e+01
-2.000000000000000000e+00 1.444397334004401401e+01
-2.000000000000000000e+00 1.444397333421619400e+01
-2.000000000000000000e+00 1.444397332963719194e+01
-2.000000000000000000e+00 1.384179166293064789e+01
-2.000000000000000000e+00 1.384179166110698667e+01
-2.000000000000000000e+00 1.384179166065107225e+01
-2.000000000000000000e+00 1.384179165996719973e+01
-2.000000000000000000e+00 1.349144455586445268e+01
-2.000000000000000000e+00 1.349144455393745368e+01
-2.000000000000000000e+00 1.349144455201045645e+01
-2.000000000000000000e+00 1.349144455184987201e+01
-2.000000000000000000e+00 1.313608960076688170e+01
-2.000000000000000000e+00 1.313608960076688170e+01
-2.000000000000000000e+00 1.313608959986642688e+01
-2.000000000000000000e+00 1.313608959907852913e+01
-2.000000000000000000e+00 1.278570606764466255e+01
-2.000000000000000000e+00 1.278570606732751358e+01
-2.000000000000000000e+00 1.278570606724822767e+01
-2.000000000000000000e+00 1.278570606701036638e+01
-2.000000000000000000e+00 1.253391330056011910e+01
-2.000000000000000000e+00 1.218354674703906504e+01
-2.000000000000000000e+00 1.218353937701907341e+01
-2.000000000000000000e+00 1.218353937688881494e+01
-2.000000000000000000e+00 1.218353937636778284e+01
-2.000000000000000000e+00 1.183315616723613672e+01
-2.000000000000000000e+00 1.120444467304987946e+01
-2.000000000000000000e+00 1.120444467298463564e+01
-2.000000000000000000e+00 1.120444467296832514e+01
-2.000000000000000000e+00 1.120444467283784107e+01
-2.000000000000000000e+00 1.120444157613711234e+01
-2.000000000000000000e+00 1.120444157600662827e+01
-2.000000000000000000e+00 1.120444157597400725e+01
-2.000000000000000000e+00 1.120444157597400725e+01
-2.000000000000000000e+00 1.120444157597400725e+01
-2.000000000000000000e+00 1.120444157594138623e+01
-2.000000000000000000e+00 1.120444157587614420e+01
-2.000000000000000000e+00 1.120444157587614420e+01
-2.000000000000000000e+00 1.120443060992789874e+01
-2.000000000000000000e+00 1.120443060986265849e+01
-2.000000000000000000e+00 1.120443060976479543e+01
-2.000000000000000000e+00 1.120443060974848493e+01
-2.000000000000000000e+00 1.085406599802113092e+01
-2.000000000000000000e+00 1.085406599800964145e+01
-2.000000000000000000e+00 1.085406599796368354e+01
-2.000000000000000000e+00 1.085406599792921511e+01
-2.000000000000000000e+00 1.085406091171207876e+01
-2.000000000000000000e+00 1.085406091168909981e+01
-2.000000000000000000e+00 1.085406091166612086e+01
-2.000000000000000000e+00 1.085406091165463138e+01
-2.000000000000000000e+00 1.085406091165463138e+01
-2.000000000000000000e+00 1.085406091165463138e+01
-2.000000000000000000e+00 1.085406091157420505e+01
-2.000000000000000000e+00 1.085406091153973662e+01
-2.000000000000000000e+00 1.085405115216699912e+01
-2.000000000000000000e+00 1.085405115215551142e+01
-2.000000000000000000e+00 1.085405115214402194e+01
-2.000000000000000000e+00 1.085405115213253247e+01
-2.000000000000000000e+00 1.078739947549896350e+01
-2.000000000000000000e+00 1.078739947547746603e+01
-2.000000000000000000e+00 1.078739947540222666e+01
-2.000000000000000000e+00 1.078739947540222666e+01
-2.000000000000000000e+00 9.874963333556168621e+00
-2.000000000000000000e+00 9.272795835453939262e+00
-2.000000000000000000e+00 9.272795835439758605e+00
-2.000000000000000000e+00 9.272795835435031719e+00
-2.000000000000000000e+00 9.272795835404304299e+00
-2.000000000000000000e+00 8.922420235252600307e+00
-2.000000000000000000e+00 8.922420235250934084e+00
-2.000000000000000000e+00 8.922420235249269638e+00
-2.000000000000000000e+00 8.922420235230955399e+00
-2.000000000000000000e+00 8.855751292933629060e+00
-2.000000000000000000e+00 8.855751292930513330e+00
-2.000000000000000000e+00 8.855751292928955465e+00
-2.000000000000000000e+00 8.855751292918053963e+00
-2.000000000000000000e+00 6.218383223534152293e+00
-2.000000000000000000e+00 6.218383223533595405e+00
-2.000000000000000000e+00 6.218383223533483495e+00
-2.000000000000000000e+00 6.218383223533483495e+00
-2.000000000000000000e+00 4.286738042009038629e+00
-2.000000000000000000e+00 4.286738042008990668e+00
-2.000000000000000000e+00 4.286738042008958693e+00
-2.000000000000000000e+00 4.286738042008885863e+00
-1.500000000000000000e+00 1.426613226442713156e+01
-1.500000000000000000e+00 1.426613226373022769e+01
-1.500000000000000000e+00 1.426613226338177576e+01
-1.500000000000000000e+00 1.426613226198796980e+01
-1.500000000000000000e+00 1.419947171562680843e+01
-1.500000000000000000e+00 1.419947171530082741e+01
-1.500000000000000000e+00 1.419947094957148614e+01
-1.500000000000000000e+00 1.419947094794158282e+01
-1.500000000000000000e+00 1.419947094794158282e+01
-1.500000000000000000e+00 1.419947094761560180e+01
-1.500000000000000000e+00 1.419947094696363976e+01
-1.500000000000000000e+00 1.419947094631167772e+01
-1.500000000000000000e+00 1.363740779415233284e+01
-1.500000000000000000e+00 1.363740779322323604e+01
-1.500000000000000000e+00 1.328703376794973501e+01
-1.500000000000000000e+00 1.328703376729525587e+01
-1.500000000000000000e+00 1.322037110843644392e+01
-1.500000000000000000e+00 1.322037110819153582e+01
-1.500000000000000000e+00 1.322036622594594490e+01
-1.500000000000000000e+00 1.322036622570103681e+01
-1.500000000000000000e+00 1.322036622557858188e+01
-1.500000000000000000e+00 1.322036622545612872e+01
-1.500000000000000000e+00 1.322036622545612872e+01
-1.500000000000000000e+00 1.322036622533367556e+01
-1.500000000000000000e+00 1.303520905365148685e+01
-1.500000000000000000e+00 1.303520905354973181e+01
-1.500000000000000000e+00 1.268491523855290737e+01
-1.500000000000000000e+00 1.268491523812279631e+01
-1.500000000000000000e+00 1.268486542513414328e+01
-1.500000000000000000e+00 1.268486542484741797e+01
-1.500000000000000000e+00 1.268486542484741797e+01
-1.500000000000000000e+00 1.268486542477573664e+01
-1.500000000000000000e+00 1.268486542470405354e+01
-1.500000000000000000e+00 1.268486542470405354e+01
-1.500000000000000000e+00 1.261820690283428448e+01
-1.500000000000000000e+00 1.261820690270016598e+01
-1.500000000000000000e+00 1.261820604085671782e+01
-1.500000000000000000e+00 1.261820604078965857e+01
-1.500000000000000000e+00 1.261820604078965857e+01
-1.500000000000000000e+00 1.261820604072260110e+01
-1.500000000000000000e+00 1.261820604058848261e+01
-1.500000000000000000e+00 1.261820604058848261e+01
-1.500000000000000000e+00 1.233447092360322017e+01
-1.500000000000000000e+00 1.233447092340124840e+01
-1.500000000000000000e+00 1.226781499702689260e+01
-1.500000000000000000e+00 1.226781499702689260e+01
-1.500000000000000000e+00 1.226781499693241884e+01
-1.500000000000000000e+00 1.226781499688518018e+01
-1.500000000000000000e+00 1.226781499674346954e+01
-1.500000000000000000e+00 1.226781499674346954e+01
-1.500000000000000000e+00 1.226780626868448110e+01
-1.500000000000000000e+00 1.226780626816487541e+01
-1.500000000000000000e+00 1.128872250586767123e+01
-1.500000000000000000e+00 1.128872250577894754e+01
-1.500000000000000000e+00 1.128871967283210687e+01
-1.500000000000000000e+00 1.128871967279661703e+01
-1.500000000000000000e+00 1.128871967274338317e+01
-1.500000000000000000e+00 1.128871967270789334e+01
-1.500000000000000000e+00 1.128871967267240350e+01
-1.500000000000000000e+00 1.128871967265465948e+01
-1.500000000000000000e+00 9.980832540556310306e+00
-1.500000000000000000e+00 9.980832540537118547e+00
-1.500000000000000000e+00 9.980832540537118547e+00
-1.500000000000000000e+00 9.980832540532320607e+00
-1.500000000000000000e+00 9.980832540522724727e+00
-1.500000000000000000e+00 9.980832540498735028e+00
-1.500000000000000000e+00 9.980831110250365512e+00
-1.500000000000000000e+00 9.980831110250365512e+00
-1.500000000000000000e+00 9.630447092935503051e+00
-1.500000000000000000e+00 9.630447092932124420e+00
-1.500000000000000000e+00 9.630447092928744013e+00
-1.500000000000000000e+00 9.630447092921984975e+00
-1.500000000000000000e+00 9.630447092921984975e+00
-1.500000000000000000e+00 9.630447092894945271e+00
-1.500000000000000000e+00 9.630446775383610714e+00
-1.500000000000000000e+00 9.630446775359951417e+00
-1.500000000000000000e+00 8.651349966698024474e+00
-1.500000000000000000e+00 8.651349966691677551e+00
-1.500000000000000000e+00 8.049183424842251355e+00
-1.500000000000000000e+00 8.049183424839469581e+00
-1.500000000000000000e+00 8.049181402616078174e+00
-1.500000000000000000e+00 8.049181402614687286e+00
-1.500000000000000000e+00 8.049181402613296399e+00
-1.500000000000000000e+00 8.049181402611905511e+00
-1.500000000000000000e+00 8.049181402611905511e+00
-1.500000000000000000e+00 8.049181402611210956e+00
-1.500000000000000000e+00 7.698808215512257469e+00
-1.500000000000000000e+00 7.698808215510299036e+00
-1.500000000000000000e+00 7.698808215509319375e+00
-1.500000000000000000e+00 7.698808215508829100e+00
-1.500000000000000000e+00 7.698808215507850328e+00
-1.500000000000000000e+00 7.698808215506380392e+00
-1.500000000000000000e+00 7.698803750177026117e+00
-1.500000000000000000e+00 7.698803750176536731e+00
-1.500000000000000000e+00 7.632142315075703287e+00
-1.500000000000000000e+00 7.632142315072496075e+00
-1.500000000000000000e+00 6.719708048524981159e+00
-1.500000000000000000e+00 6.719708048524797306e+00
-1.500000000000000000e+00 3.063127234037504643e+00
-1.500000000000000000e+00 3.063127234037502422e+00
-1.000000000000000000e+00 1.339289673868520403e+01
-1.000000000000000000e+00 1.339289673853969020e+01
-1.000000000000000000e+00 1.339289673853969020e+01
-1.000000000000000000e+00 1.339289673824866433e+01
-1.000000000000000000e+00 1.339289673824866433e+01
-1.000000000000000000e+00 1.339288772573204689e+01
-1.000000000000000000e+00 1.339288772515000048e+01
-1.000000000000000000e+00 1.339288772456795407e+01
-1.000000000000000000e+00 1.339288772413141970e+01
-1.000000000000000000e+00 1.304251609714435212e+01
-1.000000000000000000e+00 1.304251609683684521e+01
-1.000000000000000000e+00 1.304251609673434409e+01
-1.000000000000000000e+00 1.304251609642683718e+01
-1.000000000000000000e+00 1.270247841748546591e+01
-1.000000000000000000e+00 1.241380103107511346e+01
-1.000000000000000000e+00 1.241379146846867521e+01
-1.000000000000000000e+00 1.241379146808604617e+01
-1.000000000000000000e+00 1.241379146737544659e+01
-1.000000000000000000e+00 1.206342249123964550e+01
-1.000000000000000000e+00 1.206342249108562470e+01
-1.000000000000000000e+00 1.206342249108562470e+01
-1.000000000000000000e+00 1.206340707527154166e+01
-1.000000000000000000e+00 1.199676554480269708e+01
-1.000000000000000000e+00 1.199675340963553616e+01
-1.000000000000000000e+00 1.199675340959951519e+01
-1.000000000000000000e+00 1.199675340959951519e+01
-1.000000000000000000e+00 1.181163755788189640e+01
-1.000000000000000000e+00 1.181163755782202784e+01
-1.000000000000000000e+00 1.181163755767235557e+01
-1.000000000000000000e+00 1.181163755764242218e+01
-1.000000000000000000e+00 1.146125199072220013e+01
-1.000000000000000000e+00 1.146125199072220013e+01
-1.000000000000000000e+00 1.146125199068002765e+01
-1.000000000000000000e+00 1.146125199068002765e+01
-1.000000000000000000e+00 1.146125199065894229e+01
-1.000000000000000000e+00 1.146125199061676980e+01
-1.000000000000000000e+00 1.146125199057459731e+01
-1.000000000000000000e+00 1.146125199055351018e+01
-1.000000000000000000e+00 1.146125163277314662e+01
-1.000000000000000000e+00 1.146125163273097414e+01
-1.000000000000000000e+00 1.146125163273097414e+01
-1.000000000000000000e+00 1.146125163262554381e+01
-1.000000000000000000e+00 1.146123225925512656e+01
-1.000000000000000000e+00 1.146123225921295408e+01
-1.000000000000000000e+00 1.146123225921295408e+01
-1.000000000000000000e+00 1.146123225912861088e+01
-1.000000000000000000e+00 1.139459016466469343e+01
-1.000000000000000000e+00 1.139459016466469343e+01
-1.000000000000000000e+00 1.139459016464496699e+01
-1.000000000000000000e+00 1.139459016454633478e+01
-1.000000000000000000e+00 1.111088288764304544e+01
-1.000000000000000000e+00 1.111088288764304544e+01
-1.000000000000000000e+00 1.111088288759848552e+01
-1.000000000000000000e+00 1.111088288759848552e+01
-1.000000000000000000e+00 1.104420684542733255e+01
-1.000000000000000000e+00 1.104420684542733255e+01
-1.000000000000000000e+00 1.104420684539954145e+01
-1.000000000000000000e+00 1.104420684538564679e+01
-1.000000000000000000e+00 1.048215460072909799e+01
-1.000000000000000000e+00 1.048215460071325644e+01
-1.000000000000000000e+00 1.048215460068157157e+01
-1.000000000000000000e+00 1.048214512156421740e+01
-1.000000000000000000e+00 1.013178164964349470e+01
-1.000000000000000000e+00 1.013177552236897760e+01
-1.000000000000000000e+00 1.013177552233549861e+01
-1.000000000000000000e+00 1.013177552231875822e+01
-1.000000000000000000e+00 1.006511132152306232e+01
-1.000000000000000000e+00 1.006511132151784338e+01
-1.000000000000000000e+00 1.006511132151262267e+01
-1.000000000000000000e+00 1.006511077487396477e+01
-1.000000000000000000e+00 1.006511077487396477e+01
-1.000000000000000000e+00 1.006511077484786654e+01
-1.000000000000000000e+00 1.006511077484786654e+01
-1.000000000000000000e+00 1.006511077484786654e+01
-1.000000000000000000e+00 1.006511077484264582e+01
-1.000000000000000000e+00 1.006511077483220618e+01
-1.000000000000000000e+00 1.006511077480610616e+01
-1.000000000000000000e+00 1.006511077479044758e+01
-1.000000000000000000e+00 1.006510662620155294e+01
-1.000000000000000000e+00 1.006510662619633223e+01
-1.000000000000000000e+00 1.006510662618589258e+01
-1.000000000000000000e+00 1.006510131966767396e+01
-1.000000000000000000e+00 8.133465678317319814e+00
-1.000000000000000000e+00 8.133465678316563086e+00
-1.000000000000000000e+00 8.133465678315049630e+00
-1.000000000000000000e+00 8.133463388862388399e+00
-1.000000000000000000e+00 7.427740315486278000e+00
-1.000000000000000000e+00 6.825574084175957346e+00
-1.000000000000000000e+00 6.825574084175957346e+00
-1.000000000000000000e+00 6.825574084175753065e+00
-1.000000000000000000e+00 6.825574084175547895e+00
-1.000000000000000000e+00 6.475193423103363877e+00
-1.000000000000000000e+00 6.475193423103219992e+00
-1.000000000000000000e+00 6.475193423103076107e+00
-1.000000000000000000e+00 6.475193423102787449e+00
-1.000000000000000000e+00 5.496095549272670411e+00
-1.000000000000000000e+00 5.496095549272616232e+00
-1.000000000000000000e+00 5.496095549272616232e+00
-1.000000000000000000e+00 5.496093970929508465e+00
-1.000000000000000000e+00 3.564455228584689994e+00
-5.000000000000000000e-01 1.347718144872895785e+01
-5.000000000000000000e-01 1.347718144857064893e+01
-5.000000000000000000e-01 1.347718144841234000e+01
-5.000000000000000000e-01 1.347717502504300846e+01
-5.000000000000000000e-01 1.347717502504300846e+01
-5.000000000000000000e-01 1.347717502504300846e+01
-5.000000000000000000e-01 1.347717502314331206e+01
-5.000000000000000000e-01 1.347717367309326519e+01
-5.000000000000000000e-01 1.347717367277665090e+01
-5.000000000000000000e-01 1.347717367198511162e+01
-5.000000000000000000e-01 1.347717367182680270e+01
-5.000000000000000000e-01 1.347717367135187949e+01
-5.000000000000000000e-01 1.347717136132676252e+01
-5.000000000000000000e-01 1.347717135926876608e+01
-5.000000000000000000e-01 1.347716159894915755e+01
-5.000000000000000000e-01 1.347716159799932356e+01
-5.000000000000000000e-01 1.347716159784101642e+01
-5.000000000000000000e-01 1.347716159736609853e+01
-5.000000000000000000e-01 1.347716159736609853e+01
-5.000000000000000000e-01 1.347716159673287528e+01
-5.000000000000000000e-01 1.347713404452223784e+01
-5.000000000000000000e-01 1.347713404278092142e+01
-5.000000000000000000e-01 1.341051538111365282e+01
-5.000000000000000000e-01 1.341051538081745420e+01
-5.000000000000000000e-01 1.249807760998327311e+01
-5.000000000000000000e-01 1.249807760944805679e+01
-5.000000000000000000e-01 1.189590256889053954e+01
-5.000000000000000000e-01 1.189590256882540764e+01
-5.000000000000000000e-01 1.189590256866257612e+01
-5.000000000000000000e-01 1.189590256856487827e+01
-5.000000000000000000e-01 1.189590256846718042e+01
-5.000000000000000000e-01 1.189590256846718042e+01
-5.000000000000000000e-01 1.189589710689519642e+01
-5.000000000000000000e-01 1.189589710676493262e+01
-5.000000000000000000e-01 1.154555865399862569e+01
-5.000000000000000000e-01 1.154555865392980252e+01
-5.000000000000000000e-01 1.154554121495271524e+01
-5.000000000000000000e-01 1.154554121476919093e+01
-5.000000000000000000e-01 1.154554121476919093e+01
-5.000000000000000000e-01 1.154554121474624928e+01
-5.000000000000000000e-01 1.154554121470036954e+01
-5.000000000000000000e-01 1.154554121467742789e+01
-5.000000000000000000e-01 1.147887359630041537e+01
-5.000000000000000000e-01 1.147887359617164904e+01
-5.000000000000000000e-01 1.119019420521740749e+01
-5.000000000000000000e-01 1.119019420502445072e+01
-5.000000000000000000e-01 1.083979975498167114e+01
-5.000000000000000000e-01 1.083979975483442360e+01
-5.000000000000000000e-01 1.058802438290354786e+01
-5.000000000000000000e-01 1.058802438272743629e+01
-5.000000000000000000e-01 1.023763954667004050e+01
-5.000000000000000000e-01 1.023763954664523013e+01
-5.000000000000000000e-01 1.023763954661421494e+01
-5.000000000000000000e-01 1.023763954657079545e+01
-5.000000000000000000e-01 1.023763954657079545e+01
-5.000000000000000000e-01 1.023763954654598329e+01
-5.000000000000000000e-01 1.023763205759670036e+01
-5.000000000000000000e-01 1.023763205753467176e+01
-5.000000000000000000e-01 9.887265748049498981e+00
-5.000000000000000000e-01 9.887265748014543831e+00
-5.000000000000000000e-01 9.258539703290509237e+00
-5.000000000000000000e-01 9.258539703250896480e+00
-5.000000000000000000e-01 9.258539142351489559e+00
-5.000000000000000000e-01 9.258539142337507855e+00
-5.000000000000000000e-01 9.258539142318866766e+00
-5.000000000000000000e-01 9.258539142309546222e+00
-5.000000000000000000e-01 9.258508721048075429e+00
-5.000000000000000000e-01 9.258508721041085465e+00
-5.000000000000000000e-01 8.908184125403563414e+00
-5.000000000000000000e-01 8.908184125398639353e+00
-5.000000000000000000e-01 8.908165114658320505e+00
-5.000000000000000000e-01 8.908165114643546545e+00
-5.000000000000000000e-01 8.908165114640263837e+00
-5.000000000000000000e-01 8.908165114638622484e+00
-5.000000000000000000e-01 8.908161220990335138e+00
-5.000000000000000000e-01 8.908161220982128370e+00
-5.000000000000000000e-01 8.841502246644610707e+00
-5.000000000000000000e-01 8.841502246638469842e+00
-5.000000000000000000e-01 8.841500169616887561e+00
-5.000000000000000000e-01 8.841500169613816240e+00
-5.000000000000000000e-01 8.841500169607673598e+00
-5.000000000000000000e-01 8.841500169603067505e+00
-5.000000000000000000e-01 8.841500169596924863e+00
-5.000000000000000000e-01 8.841500169593855318e+00
-5.000000000000000000e-01 7.326909472871175666e+00
-5.000000000000000000e-01 7.326909472869149731e+00
-5.000000000000000000e-01 6.976508180370472267e+00
-5.000000000000000000e-01 6.976508180369282996e+00
-5.000000000000000000e-01 6.909853487508736514e+00
-5.000000000000000000e-01 6.909853487506511627e+00
-5.000000000000000000e-01 6.909853487506288694e+00
-5.000000000000000000e-01 6.909853487506288694e+00
-5.000000000000000000e-01 6.909853487505843717e+00
-5.000000000000000000e-01 6.909853487505176695e+00
-5.000000000000000000e-01 6.909839763813608648e+00
-5.000000000000000000e-01 6.909839763812941626e+00
-5.000000000000000000e-01 4.272482878564710873e+00
-5.000000000000000000e-01 4.272482878564575870e+00
-5.000000000000000000e-01 2.340847096783345460e+00
-5.000000000000000000e-01 2.340847096783343240e+00
0.000000000000000000e+00 1.260394874676545385e+01
0.000000000000000000e+00 1.260394874617046490e+01
0.000000000000000000e+00 1.260394874583991687e+01
0.000000000000000000e+00 1.260394285914623858e+01
0.000000000000000000e+00 1.260394285881569054e+01
0.000000000000000000e+00 1.260394285855125318e+01
0.000000000000000000e+00 1.260394285841903539e+01
0.000000000000000000e+00 1.260394285835292472e+01
0.000000000000000000e+00 1.260394285822070692e+01
0.000000000000000000e+00 1.260394285808848736e+01
0.000000000000000000e+00 1.260394285802237846e+01
0.000000000000000000e+00 1.260394285795626956e+01
0.000000000000000000e+00 1.232030842822484296e+01
0.000000000000000000e+00 1.232023854543355768e+01
0.000000000000000000e+00 1.232023854528421758e+01
0.000000000000000000e+00 1.232023854518465811e+01
0.000000000000000000e+00 1.225356807648206825e+01
0.000000000000000000e+00 1.225356807620265442e+01
0.000000000000000000e+00 1.225356807610951648e+01
0.000000000000000000e+00 1.225356784165774471e+01
0.000000000000000000e+00 1.225356784123862397e+01
0.000000000000000000e+00 1.225356784105234631e+01
0.000000000000000000e+00 1.225356784100577734e+01
0.000000000000000000e+00 1.225356784100577734e+01
0.000000000000000000e+00 1.225356784095920837e+01
0.000000000000000000e+00 1.225356784091263940e+01
0.000000000000000000e+00 1.225356784077293248e+01
0.000000000000000000e+00 1.225356784063322557e+01
0.000000000000000000e+00 1.225355595950252052e+01
0.000000000000000000e+00 1.225355595950252052e+01
0.000000000000000000e+00 1.225355595940938436e+01
0.000000000000000000e+00 1.225354613090284062e+01
0.000000000000000000e+00 1.127446813716862017e+01
0.000000000000000000e+00 1.127446813709864415e+01
0.000000000000000000e+00 1.127446813706365703e+01
0.000000000000000000e+00 1.127446813699368278e+01
0.000000000000000000e+00 1.108932325522421536e+01
0.000000000000000000e+00 1.073905831954609624e+01
0.000000000000000000e+00 1.073896757873309404e+01
0.000000000000000000e+00 1.073896757871261443e+01
0.000000000000000000e+00 1.073896757855900930e+01
0.000000000000000000e+00 1.067230399202296454e+01
0.000000000000000000e+00 1.067230399197506507e+01
0.000000000000000000e+00 1.067230399189842416e+01
0.000000000000000000e+00 1.067230254208995177e+01
0.000000000000000000e+00 1.067230254208995177e+01
0.000000000000000000e+00 1.067230254208037010e+01
0.000000000000000000e+00 1.067230254208037010e+01
0.000000000000000000e+00 1.067230254206121032e+01
0.000000000000000000e+00 1.067230254206121032e+01
0.000000000000000000e+00 1.067230254204205053e+01
0.000000000000000000e+00 1.067230254196541139e+01
0.000000000000000000e+00 1.067230254193667172e+01
0.000000000000000000e+00 1.067229810172089621e+01
0.000000000000000000e+00 1.067229084274091377e+01
0.000000000000000000e+00 1.067229084273133566e+01
0.000000000000000000e+00 1.067229084269301609e+01
0.000000000000000000e+00 1.038850690304152558e+01
0.000000000000000000e+00 1.032192276067172365e+01
0.000000000000000000e+00 1.032192276066497705e+01
0.000000000000000000e+00 1.032192276065822867e+01
0.000000000000000000e+00 1.032192042627245776e+01
0.000000000000000000e+00 1.032192042626570938e+01
0.000000000000000000e+00 1.032192042625221262e+01
0.000000000000000000e+00 1.032192042624546602e+01
0.000000000000000000e+00 1.032192042623196926e+01
0.000000000000000000e+00 1.032192042623196926e+01
0.000000000000000000e+00 1.032192042621172412e+01
0.000000000000000000e+00 1.032192042619822736e+01
0.000000000000000000e+00 1.032192042615098870e+01
0.000000000000000000e+00 1.032191383367012349e+01
0.000000000000000000e+00 1.032191383366337512e+01
0.000000000000000000e+00 1.032191383360264147e+01
0.000000000000000000e+00 1.032188803180468817e+01
0.000000000000000000e+00 1.025526422603853760e+01
0.000000000000000000e+00 9.342823388953695130e+00
0.000000000000000000e+00 9.342823388948625407e+00
0.000000000000000000e+00 9.342823388938485962e+00
0.000000000000000000e+00 9.342823388923275019e+00
0.000000000000000000e+00 8.034931391910228982e+00
0.000000000000000000e+00 8.034931391899263531e+00
0.000000000000000000e+00 8.034931391896520836e+00
0.000000000000000000e+00 8.034911563457264094e+00
0.000000000000000000e+00 7.684554085248468169e+00
0.000000000000000000e+00 7.684549925426611416e+00
0.000000000000000000e+00 7.684549925424679628e+00
0.000000000000000000e+00 7.684549925417437422e+00
0.000000000000000000e+00 6.103283752815438667e+00
0.000000000000000000e+00 6.103283752814444796e+00
0.000000000000000000e+00 6.103283752813750240e+00
0.000000000000000000e+00 6.103283432646618323e+00
0.000000000000000000e+00 5.752924176034579062e+00
0.000000000000000000e+00 5.752912477606281882e+00
0.000000000000000000e+00 5.752912477606281882e+00
0.000000000000000000e+00 5.752912477606211716e+00
0.000000000000000000e+00 5.686243594588260564e+00
0.000000000000000000e+00 5.686243594588129113e+00
0.000000000000000000e+00 5.686243594587605976e+00
0.000000000000000000e+00 5.686232491739258599e+00
0.000000000000000000e+00 1.117234064842675956e+00
5.000000000000000000e-01 1.408434569886204635e+01
5.000000000000000000e-01 1.408434569857151430e+01
5.000000000000000000e-01 1.408434569682832205e+01
5.000000000000000000e-01 1.408434569653779000e+01
5.000000000000000000e-01 1.408427163499686863e+01
5.000000000000000000e-01 1.408427163180125419e+01
5.000000000000000000e-01 1.401770394838913347e+01
5.000000000000000000e-01 1.401770394594292135e+01
5.000000000000000000e-01 1.373404481754312023e+01
5.000000000000000000e-01 1.373404481549639300e+01
5.000000000000000000e-01 1.373399887887018345e+01
5.000000000000000000e-01 1.373399887846085576e+01
5.000000000000000000e-01 1.373399887825619281e+01
5.000000000000000000e-01 1.373399887743753922e+01
5.000000000000000000e-01 1.373399887723287627e+01
5.000000000000000000e-01 1.373399887661888563e+01
5.000000000000000000e-01 1.366733126031570933e+01
5.000000000000000000e-01 1.366733125820960737e+01
5.000000000000000000e-01 1.310527280376675563e+01
5.000000000000000000e-01 1.310527280234792258e+01
5.000000000000000000e-01 1.310526152514590592e+01
5.000000000000000000e-01 1.310526152470934669e+01
5.000000000000000000e-01 1.310526152460020732e+01
5.000000000000000000e-01 1.310526152427278745e+01
5.000000000000000000e-01 1.310526152427278745e+01
5.000000000000000000e-01 1.310526152361794949e+01
5.000000000000000000e-01 1.275489816063078585e+01
5.000000000000000000e-01 1.275489816047702440e+01
5.000000000000000000e-01 1.275489816009261546e+01
5.000000000000000000e-01 1.275489816001573473e+01
5.000000000000000000e-01 1.275489815993885223e+01
5.000000000000000000e-01 1.275489815924691861e+01
5.000000000000000000e-01 1.275488979503088061e+01
5.000000000000000000e-01 1.275488979418519087e+01
5.000000000000000000e-01 1.268823131645654811e+01
5.000000000000000000e-01 1.268823131616885469e+01
5.000000000000000000e-01 1.268822824440513308e+01
5.000000000000000000e-01 1.268822824426128726e+01
5.000000000000000000e-01 1.268822824411744143e+01
5.000000000000000000e-01 1.268822824411744143e+01
5.000000000000000000e-01 1.268822824390167092e+01
5.000000000000000000e-01 1.268822824382974801e+01
5.000000000000000000e-01 1.179739320728579699e+01
5.000000000000000000e-01 1.179739320710873152e+01
5.000000000000000000e-01 1.144699620857507938e+01
5.000000000000000000e-01 1.144699620840877685e+01
5.000000000000000000e-01 1.144699620834641429e+01
5.000000000000000000e-01 1.144699620834641429e+01
5.000000000000000000e-01 1.144699309141504884e+01
5.000000000000000000e-01 1.144699309141504884e+01
5.000000000000000000e-01 1.144695033392883765e+01
5.000000000000000000e-01 1.144695033392883765e+01
5.000000000000000000e-01 1.109664055829903084e+01
5.000000000000000000e-01 1.109664055818188189e+01
5.000000000000000000e-01 1.075658029560681683e+01
5.000000000000000000e-01 1.075658029558597306e+01
5.000000000000000000e-01 1.005085871646257800e+01
5.000000000000000000e-01 1.005085871635965766e+01
5.000000000000000000e-01 9.865721063115289624e+00
5.000000000000000000e-01 9.865721063102460775e+00
5.000000000000000000e-01 9.515379195273737878e+00
5.000000000000000000e-01 9.515379195255663447e+00
5.000000000000000000e-01 9.515354290265094050e+00
5.000000000000000000e-01 9.515354290256057723e+00
5.000000000000000000e-01 9.515354290250032321e+00
5.000000000000000000e-01 9.515354290244008695e+00
5.000000000000000000e-01 9.515351328856851865e+00
5.000000000000000000e-01 9.515351328832753808e+00
5.000000000000000000e-01 9.448697083251360596e+00
5.000000000000000000e-01 9.448697083228815075e+00
5.000000000000000000e-01 9.448690944541922931e+00
5.000000000000000000e-01 9.448690944519379187e+00
5.000000000000000000e-01 9.448690944516560108e+00
5.000000000000000000e-01 9.448690944513742807e+00
5.000000000000000000e-01 9.448690944508106426e+00
5.000000000000000000e-01 9.448690944502470046e+00
5.000000000000000000e-01 9.164961574377768372e+00
5.000000000000000000e-01 9.164961574354427043e+00
5.000000000000000000e-01 9.098308954340280863e+00
5.000000000000000000e-01 9.098308954332340548e+00
5.000000000000000000e-01 9.098308954330354581e+00
5.000000000000000000e-01 9.098308954326384423e+00
5.000000000000000000e-01 9.098308954320430075e+00
5.000000000000000000e-01 9.098308954304549445e+00
5.000000000000000000e-01 9.098291164513248930e+00
5.000000000000000000e-01 9.098291164509278772e+00
5.000000000000000000e-01 8.119210944939379004e+00
5.000000000000000000e-01 8.119210944934904362e+00
5.000000000000000000e-01 8.119210944932666152e+00
5.000000000000000000e-01 8.119210944930429719e+00
5.000000000000000000e-01 8.119210944929683649e+00
5.000000000000000000e-01 8.119210944900601135e+00
5.000000000000000000e-01 8.119208965810607026e+00
5.000000000000000000e-01 8.119208965809860956e+00
5.000000000000000000e-01 6.187568701115462311e+00
5.000000000000000000e-01 6.187568701114219749e+00
5.000000000000000000e-01 4.879671793078913744e+00
5.000000000000000000e-01 4.879671793078592223e+00
5.000000000000000000e-01 4.529304423988106620e+00
5.000000000000000000e-01 4.529304423987962736e+00
1.000000000000000000e+00 1.381330723921932879e+01
1.000000000000000000e+00 1.381330723921932879e+01
1.000000000000000000e+00 1.346292370808300376e+01
1.000000000000000000e+00 1.346292370683446116e+01
1.000000000000000000e+00 1.346292370667839222e+01
1.000000000000000000e+00 1.346292370652232506e+01
1.000000000000000000e+00 1.327780084281866380e+01
1.000000000000000000e+00 1.327780084281866380e+01
1.000000000000000000e+00 1.327780084204050759e+01
1.000000000000000000e+00 1.327778542771623016e+01
1.000000000000000000e+00 1.321115494742060115e+01
1.000000000000000000e+00 1.321113094133125543e+01
1.000000000000000000e+00 1.321113094120992670e+01
1.000000000000000000e+00 1.321113094096727103e+01
1.000000000000000000e+00 1.292743132745992085e+01
1.000000000000000000e+00 1.292742176416101074e+01
1.000000000000000000e+00 1.292742176397829290e+01
1.000000000000000000e+00 1.292742176388693487e+01
1.000000000000000000e+00 1.286076438685352841e+01
1.000000000000000000e+00 1.286076438676806255e+01
1.000000000000000000e+00 1.286076438625525853e+01
1.000000000000000000e+00 1.286075701691997963e+01
1.000000000000000000e+00 1.286075701683451200e+01
1.000000000000000000e+00 1.286075701683451200e+01
1.000000000000000000e+00 1.286075701657811265e+01
1.000000000000000000e+00 1.286075701649264680e+01
1.000000000000000000e+00 1.286075701632171331e+01
1.000000000000000000e+00 1.286075701632171331e+01
1.000000000000000000e+00 1.286075701623624745e+01
1.000000000000000000e+00 1.286075701615077982e+01
1.000000000000000000e+00 1.286075286838360654e+01
1.000000000000000000e+00 1.286075286812720719e+01
1.000000000000000000e+00 1.286075286769987613e+01
1.000000000000000000e+00 1.286073100300110994e+01
1.000000000000000000e+00 1.251038302622773912e+01
1.000000000000000000e+00 1.251037380772351781e+01
1.000000000000000000e+00 1.251037380748270067e+01
1.000000000000000000e+00 1.251037380742249638e+01
1.000000000000000000e+00 1.188166231308119691e+01
1.000000000000000000e+00 1.188166231304909282e+01
1.000000000000000000e+00 1.188166231301698694e+01
1.000000000000000000e+00 1.188166231292066932e+01
1.000000000000000000e+00 1.188165921616509557e+01
1.000000000000000000e+00 1.188165921610088382e+01
1.000000000000000000e+00 1.188165921606877973e+01
1.000000000000000000e+00 1.188165921606877973e+01
1.000000000000000000e+00 1.188165921603667385e+01
1.000000000000000000e+00 1.188165921603667385e+01
1.000000000000000000e+00 1.188165921594035801e+01
1.000000000000000000e+00 1.188165921584404039e+01
1.000000000000000000e+00 1.188164824990595037e+01
1.000000000000000000e+00 1.188164824990595037e+01
1.000000000000000000e+00 1.188164824980963452e+01
1.000000000000000000e+00 1.188164824980963452e+01
1.000000000000000000e+00 1.153128363807492285e+01
1.000000000000000000e+00 1.153128363802969147e+01
1.000000000000000000e+00 1.153128363796184352e+01
1.000000000000000000e+00 1.153128363789399558e+01
1.000000000000000000e+00 1.153127855192827766e+01
1.000000000000000000e+00 1.153127855183781492e+01
1.000000000000000000e+00 1.153127855181519834e+01
1.000000000000000000e+00 1.153127855174735217e+01
1.000000000000000000e+00 1.153127855172473559e+01
1.000000000000000000e+00 1.153127855167950422e+01
1.000000000000000000e+00 1.153127855156642667e+01
1.000000000000000000e+00 1.153127855154381010e+01
1.000000000000000000e+00 1.153126879229879798e+01
1.000000000000000000e+00 1.153126879225356838e+01
1.000000000000000000e+00 1.153126879223095180e+01
1.000000000000000000e+00 1.153126879211787426e+01
1.000000000000000000e+00 1.146461711554407437e+01
1.000000000000000000e+00 1.146461711545944517e+01
1.000000000000000000e+00 1.146461711545944517e+01
1.000000000000000000e+00 1.146461711543828876e+01
1.000000000000000000e+00 9.950013475486827019e+00
1.000000000000000000e+00 9.950013475482174741e+00
1.000000000000000000e+00 9.950013475477522462e+00
1.000000000000000000e+00 9.950013475472870184e+00
1.000000000000000000e+00 9.599637875293357325e+00
1.000000000000000000e+00 9.599637875293357325e+00
1.000000000000000000e+00 9.599637875286804345e+00
1.000000000000000000e+00 9.599637875273694831e+00
1.000000000000000000e+00 9.532968932989557942e+00
1.000000000000000000e+00 9.532968932986491950e+00
1.000000000000000000e+00 9.532968932974227982e+00
1.000000000000000000e+00 9.532968932971161991e+00
1.000000000000000000e+00 8.642123460909214572e+00
1.000000000000000000e+00 8.291741791013079066e+00
1.000000000000000000e+00 8.291741791010421636e+00
1.000000000000000000e+00 8.291741791010421636e+00
1.000000000000000000e+00 8.291734060105580895e+00
1.000000000000000000e+00 7.941370719183328042e+00
1.000000000000000000e+00 6.895600863583229767e+00
1.000000000000000000e+00 6.895600863583229767e+00
1.000000000000000000e+00 6.895600863583229767e+00
1.000000000000000000e+00 6.895600863583010387e+00
1.000000000000000000e+00 4.963955682057994423e+00
1.000000000000000000e+00 4.963955682057994423e+00
1.000000000000000000e+00 4.963955682057994423e+00
1.000000000000000000e+00 4.963955682057930474e+00
1.500000000000000000e+00 1.529370863651391410e+01
1.500000000000000000e+00 1.529370863554023963e+01
1.500000000000000000e+00 1.529356083158038437e+01
1.500000000000000000e+00 1.529356082379214499e+01
1.500000000000000000e+00 1.522706637411960173e+01
1.500000000000000000e+00 1.522706636865419583e+01
1.500000000000000000e+00 1.522705318709433797e+01
1.500000000000000000e+00 1.522705317889633747e+01
1.500000000000000000e+00 1.522705317434189354e+01
1.500000000000000000e+00 1.522705317434189354e+01
1.500000000000000000e+00 1.522705317252011525e+01
1.500000000000000000e+00 1.522705316978744960e+01
1.500000000000000000e+00 1.494342417415513680e+01
1.500000000000000000e+00 1.494342416592384204e+01
1.500000000000000000e+00 1.494334990800204110e+01
1.500000000000000000e+00 1.494334990800204110e+01
1.500000000000000000e+00 1.494334990731615065e+01
1.500000000000000000e+00 1.494334990320080969e+01
1.500000000000000000e+00 1.494334990114314010e+01
1.500000000000000000e+00 1.494334989977135919e+01
1.500000000000000000e+00 1.487668935851703012e+01
1.500000000000000000e+00 1.487668935723371177e+01
1.500000000000000000e+00 1.487668859109310304e+01
1.500000000000000000e+00 1.487668858916812731e+01
1.500000000000000000e+00 1.487668858788481074e+01
1.500000000000000000e+00 1.487668858531817584e+01
1.500000000000000000e+00 1.487668858467651845e+01
1.500000000000000000e+00 1.487668858339320010e+01
1.500000000000000000e+00 1.389758386649747557e+01
1.500000000000000000e+00 1.389758386264087875e+01
1.500000000000000000e+00 1.371242669634787781e+01
1.500000000000000000e+00 1.371242669374403533e+01
1.500000000000000000e+00 1.336213287896270430e+01
1.500000000000000000e+00 1.336213287628171820e+01
1.500000000000000000e+00 1.336208306658280698e+01
1.500000000000000000e+00 1.336208306587731975e+01
1.500000000000000000e+00 1.336208306503073651e+01
1.500000000000000000e+00 1.336208306460744311e+01
1.500000000000000000e+00 1.336208306418415148e+01
1.500000000000000000e+00 1.336208306347866426e+01
1.500000000000000000e+00 1.329542454342156255e+01
1.500000000000000000e+00 1.329542454249757100e+01
1.500000000000000000e+00 1.329542368107425787e+01
1.500000000000000000e+00 1.329542368067826175e+01
1.500000000000000000e+00 1.329542368067826175e+01
1.500000000000000000e+00 1.329542368041426492e+01
1.500000000000000000e+00 1.329542368041426492e+01
1.500000000000000000e+00 1.329542367949027515e+01
1.500000000000000000e+00 1.301168856472692248e+01
1.500000000000000000e+00 1.301168856462753176e+01
1.500000000000000000e+00 1.294503263718239161e+01
1.500000000000000000e+00 1.294503263718239161e+01
1.500000000000000000e+00 1.294503263708940999e+01
1.500000000000000000e+00 1.294503263643853863e+01
1.500000000000000000e+00 1.294503263634555701e+01
1.500000000000000000e+00 1.294503263615959376e+01
1.500000000000000000e+00 1.294502390881623555e+01
1.500000000000000000e+00 1.294502390797940983e+01
1.500000000000000000e+00 1.205418538428242314e+01
1.500000000000000000e+00 1.205418538397721484e+01
1.500000000000000000e+00 1.196593731263951454e+01
1.500000000000000000e+00 1.196593731249980053e+01
1.500000000000000000e+00 1.170381135635974701e+01
1.500000000000000000e+00 1.170381135619849999e+01
1.500000000000000000e+00 1.065805018063312026e+01
1.500000000000000000e+00 1.065805018059534426e+01
1.500000000000000000e+00 1.065805018056700959e+01
1.500000000000000000e+00 1.065805018053867670e+01
1.500000000000000000e+00 1.065805018051034381e+01
1.500000000000000000e+00 1.065805018049145581e+01
1.500000000000000000e+00 1.065804875030446830e+01
1.500000000000000000e+00 1.065804875028558030e+01
1.500000000000000000e+00 1.030766473308506015e+01
1.500000000000000000e+00 1.030766473297861552e+01
1.500000000000000000e+00 1.030766473297861552e+01
1.500000000000000000e+00 1.030766473291874163e+01
1.500000000000000000e+00 1.030766473291874163e+01
1.500000000000000000e+00 1.030766473290543672e+01
1.500000000000000000e+00 1.030766441541228673e+01
1.500000000000000000e+00 1.030766441539898182e+01
1.500000000000000000e+00 8.726401064888371195e+00
1.500000000000000000e+00 8.726401064882898240e+00
1.500000000000000000e+00 8.726399042670808015e+00
1.500000000000000000e+00 8.726399042661228123e+00
1.500000000000000000e+00 8.726399042659858551e+00
1.500000000000000000e+00 8.726399042658490757e+00
1.500000000000000000e+00 8.726399042658490757e+00
1.500000000000000000e+00 8.726399042650278659e+00
1.500000000000000000e+00 8.376025855568382639e+00
1.500000000000000000e+00 8.376025855560669697e+00
1.500000000000000000e+00 8.376025855559705136e+00
1.500000000000000000e+00 8.376025855555848665e+00
1.500000000000000000e+00 8.376025855554885879e+00
1.500000000000000000e+00 8.376025855552956756e+00
1.500000000000000000e+00 8.376021390231398911e+00
1.500000000000000000e+00 8.376021390220795837e+00
1.500000000000000000e+00 8.309359955124145714e+00
1.500000000000000000e+00 8.309359955116029539e+00
1.500000000000000000e+00 3.740344874086590998e+00
1.500000000000000000e+00 3.740344874086563021e+00
2.000000000000000000e+00 1.677416951683346724e+01
2.000000000000000000e+00 1.670750267802587885e+01
2.000000000000000000e+00 1.670750267802587885e+01
2.000000000000000000e+00 1.670750265800945655e+01
2.000000000000000000e+00 1.670750265800945655e+01
2.000000000000000000e+00 1.670747985956510462e+01
2.000000000000000000e+00 1.670747984355233129e+01
2.000000000000000000e+00 1.670747983954913707e+01
2.000000000000000000e+00 1.670747983954913707e+01
2.000000000000000000e+00 1.670747983954913707e+01
2.000000000000000000e+00 1.670747983554594640e+01
2.000000000000000000e+00 1.670747982753955796e+01
2.000000000000000000e+00 1.670747982753955796e+01
2.000000000000000000e+00 1.670744797464071851e+01
2.000000000000000000e+00 1.670744797063765219e+01
2.000000000000000000e+00 1.670744796263152310e+01
2.000000000000000000e+00 1.670744795062232768e+01
2.000000000000000000e+00 1.635711488040643147e+01
2.000000000000000000e+00 1.635711487476648784e+01
2.000000000000000000e+00 1.635711486912654067e+01
2.000000000000000000e+00 1.635711485784664987e+01
2.000000000000000000e+00 1.572838670074917999e+01
2.000000000000000000e+00 1.572837890354608703e+01
2.000000000000000000e+00 1.572837890053849819e+01
2.000000000000000000e+00 1.572837890053849819e+01
2.000000000000000000e+00 1.546625580849100245e+01
2.000000000000000000e+00 1.537800452842848742e+01
2.000000000000000000e+00 1.537800452101332382e+01
2.000000000000000000e+00 1.537800452101332382e+01
2.000000000000000000e+00 1.537799684634783937e+01
2.000000000000000000e+00 1.442049634033650385e+01
2.000000000000000000e+00 1.442049634033650385e+01
2.000000000000000000e+00 1.442049634033650385e+01
2.000000000000000000e+00 1.442049633911666184e+01
2.000000000000000000e+00 1.407011992001051226e+01
2.000000000000000000e+00 1.407011992001051226e+01
2.000000000000000000e+00 1.407011991972408538e+01
2.000000000000000000e+00 1.407011991943765672e+01
2.000000000000000000e+00 1.407011438021940997e+01
2.000000000000000000e+00 1.407011437964655798e+01
2.000000000000000000e+00 1.407011437907370421e+01
2.000000000000000000e+00 1.407011437907370421e+01
2.000000000000000000e+00 1.407011437878727733e+01
2.000000000000000000e+00 1.407011437878727733e+01
2.000000000000000000e+00 1.407011437878727733e+01
2.000000000000000000e+00 1.407011437764157158e+01
2.000000000000000000e+00 1.407010536613031881e+01
2.000000000000000000e+00 1.407010536527104705e+01
2.000000000000000000e+00 1.407010536498462372e+01
2.000000000000000000e+00 1.407010536412535195e+01
2.000000000000000000e+00 1.371973373690176246e+01
2.000000000000000000e+00 1.371973373669999852e+01
2.000000000000000000e+00 1.371973373609470492e+01
2.000000000000000000e+00 1.371973373508588168e+01
2.000000000000000000e+00 1.267397104953160536e+01
2.000000000000000000e+00 1.248885519812808020e+01
2.000000000000000000e+00 1.248885519806915845e+01
2.000000000000000000e+00 1.248885519789239140e+01
2.000000000000000000e+00 1.248885519753885553e+01
2.000000000000000000e+00 1.213846963085999775e+01
2.000000000000000000e+00 1.213846963085999775e+01
2.000000000000000000e+00 1.213846963069397411e+01
2.000000000000000000e+00 1.213846963061096318e+01
2.000000000000000000e+00 1.213846963061096318e+01
2.000000000000000000e+00 1.213846963052795047e+01
2.000000000000000000e+00 1.213846963052795047e+01
2.000000000000000000e+00 1.213846963044493954e+01
2.000000000000000000e+00 1.213846927291254651e+01
2.000000000000000000e+00 1.213846927274652288e+01
2.000000000000000000e+00 1.213846927266351194e+01
2.000000000000000000e+00 1.213846927258049924e+01
2.000000000000000000e+00 1.213844989952990083e+01
2.000000000000000000e+00 1.213844989928086981e+01
2.000000000000000000e+00 1.213844989919785888e+01
2.000000000000000000e+00 1.213844989915635431e+01
2.000000000000000000e+00 1.207180780487299643e+01
2.000000000000000000e+00 1.207180780483416704e+01
2.000000000000000000e+00 1.207180780475650828e+01
2.000000000000000000e+00 1.207180780456236313e+01
2.000000000000000000e+00 1.178810052767606109e+01
2.000000000000000000e+00 1.178810052767606109e+01
2.000000000000000000e+00 1.178810052761758520e+01
2.000000000000000000e+00 1.178810052755910931e+01
2.000000000000000000e+00 1.172142448547444005e+01
2.000000000000000000e+00 1.172142448544708948e+01
2.000000000000000000e+00 1.172142448544708948e+01
2.000000000000000000e+00 1.172142448533768011e+01
2.000000000000000000e+00 1.074232896161133333e+01
2.000000000000000000e+00 1.074232841487779133e+01
2.000000000000000000e+00 1.074232841486751688e+01
2.000000000000000000e+00 1.074232841485724244e+01
2.000000000000000000e+00 8.810683318365539307e+00
2.000000000000000000e+00 7.502791724225986947e+00
2.000000000000000000e+00 7.502791724225986947e+00
2.000000000000000000e+00 7.502791724225986947e+00
2.000000000000000000e+00 7.502791724224779024e+00
2.000000000000000000e+00 7.152411063152226411e+00
2.000000000000000000e+00 7.152411063151658865e+00
2.000000000000000000e+00 7.152411063151658865e+00
2.000000000000000000e+00 7.152411063151375537e+00
2.500000000000000000e+00 2.011953941065537776e+01
2.500000000000000000e+00 2.011953928924798163e+01
2.500000000000000000e+00 2.011952180673686641e+01
2.500000000000000000e+00 2.011952156392636226e+01
2.500000000000000000e+00 1.949083348435215157e+01
2.500000000000000000e+00 1.949083316063061844e+01
2.500000000000000000e+00 1.914044473666086432e+01
2.500000000000000000e+00 1.914044464544723922e+01
2.500000000000000000e+00 1.914044437180640301e+01
2.500000000000000000e+00 1.914044437180640301e+01
2.500000000000000000e+00 1.914044423498601333e+01
2.500000000000000000e+00 1.914044409816564141e+01
2.500000000000000000e+00 1.914042280002286134e+01
2.500000000000000000e+00 1.914042266320542041e+01
2.500000000000000000e+00 1.879007506028874275e+01
2.500000000000000000e+00 1.879007493178194821e+01
2.500000000000000000e+00 1.783256984525242572e+01
2.500000000000000000e+00 1.783256983292061548e+01
2.500000000000000000e+00 1.783256983292061548e+01
2.500000000000000000e+00 1.783256980825699145e+01
2.500000000000000000e+00 1.783256979592517766e+01
2.500000000000000000e+00 1.783256978359336742e+01
2.500000000000000000e+00 1.783256147198689945e+01
2.500000000000000000e+00 1.783256142266006350e+01
2.500000000000000000e+00 1.748218310920568186e+01
2.500000000000000000e+00 1.748218310051896296e+01
2.500000000000000000e+00 1.748217187733829192e+01
2.500000000000000000e+00 1.748217186865166894e+01
2.500000000000000000e+00 1.748217185127841944e+01
2.500000000000000000e+00 1.748217184259179646e+01
2.500000000000000000e+00 1.748217184259179646e+01
2.500000000000000000e+00 1.748217183390517349e+01
2.500000000000000000e+00 1.643640908412491086e+01
2.500000000000000000e+00 1.643640905970342914e+01
2.500000000000000000e+00 1.608604534134911290e+01
2.500000000000000000e+00 1.608604532844666224e+01
2.500000000000000000e+00 1.590092122363695459e+01
2.500000000000000000e+00 1.590092120576703572e+01
2.500000000000000000e+00 1.590090776946587781e+01
2.500000000000000000e+00 1.590090776410497320e+01
2.500000000000000000e+00 1.590090776231800618e+01
2.500000000000000000e+00 1.590090776231800618e+01
2.500000000000000000e+00 1.590090775874407036e+01
2.500000000000000000e+00 1.590090775338316753e+01
2.500000000000000000e+00 1.583423749876081565e+01
2.500000000000000000e+00 1.583423749040224138e+01
2.500000000000000000e+00 1.555054440554532569e+01
2.500000000000000000e+00 1.555054440554532569e+01
2.500000000000000000e+00 1.555054440428652818e+01
2.500000000000000000e+00 1.555054440176893316e+01
2.500000000000000000e+00 1.555054440051013565e+01
2.500000000000000000e+00 1.555054439925133813e+01
2.500000000000000000e+00 1.555053283222862426e+01
2.500000000000000000e+00 1.555053283096984096e+01
2.500000000000000000e+00 1.548389671767275289e+01
2.500000000000000000e+00 1.548389671413984381e+01
2.500000000000000000e+00 1.548387449121509007e+01
2.500000000000000000e+00 1.548387449003748095e+01
2.500000000000000000e+00 1.548387448885987006e+01
2.500000000000000000e+00 1.548387448768226093e+01
2.500000000000000000e+00 1.548387448650465004e+01
2.500000000000000000e+00 1.548387448179421000e+01
2.500000000000000000e+00 1.513348187063365557e+01
2.500000000000000000e+00 1.513348186731556844e+01
2.500000000000000000e+00 1.450479155078956950e+01
2.500000000000000000e+00 1.450479154857769082e+01
2.500000000000000000e+00 1.450477610846162690e+01
2.500000000000000000e+00 1.450477610713451959e+01
2.500000000000000000e+00 1.450477610624978198e+01
2.500000000000000000e+00 1.450477610624978198e+01
2.500000000000000000e+00 1.450477314548005481e+01
2.500000000000000000e+00 1.450477314149874708e+01
2.500000000000000000e+00 1.415439908840976635e+01
2.500000000000000000e+00 1.415439908778653688e+01
2.500000000000000000e+00 1.415439131334684930e+01
2.500000000000000000e+00 1.415439131272362516e+01
2.500000000000000000e+00 1.415439131241201309e+01
2.500000000000000000e+00 1.415439131178878895e+01
2.500000000000000000e+00 1.415437923985438040e+01
2.500000000000000000e+00 1.415437923704990553e+01
2.500000000000000000e+00 1.257312020872291036e+01
2.500000000000000000e+00 1.257312020865880875e+01
2.500000000000000000e+00 1.222275885472265244e+01
2.500000000000000000e+00 1.222275885467749745e+01
2.500000000000000000e+00 1.126524202283494347e+01
2.500000000000000000e+00 1.126524202281761156e+01
2.500000000000000000e+00 1.091485718672454297e+01
2.500000000000000000e+00 1.091485718667570559e+01
2.500000000000000000e+00 1.091485718667570559e+01
2.500000000000000000e+00 1.091485718666349491e+01
2.500000000000000000e+00 1.091485718663907534e+01
2.500000000000000000e+00 1.091485718663907534e+01
2.500000000000000000e+00 1.091484969766521296e+01
2.500000000000000000e+00 1.091484969761637558e+01
2.500000000000000000e+00 1.056448338808589327e+01
2.500000000000000000e+00 1.056448338808589327e+01
2.500000000000000000e+00 9.518717809657559314e+00
2.500000000000000000e+00 9.518717809651514372e+00
2.500000000000000000e+00 7.587071127555106820e+00
2.500000000000000000e+00 7.587071127554668948e+00
3.000000000000000000e+00 2.581374393581331717e+01
3.000000000000000000e+00 2.581370786142792895e+01
3.000000000000000000e+00 2.581363571656100575e+01
3.000000000000000000e+00 2.483458002976134793e+01
3.000000000000000000e+00 2.483455292875589748e+01
3.000000000000000000e+00 2.483455292875589748e+01
3.000000000000000000e+00 2.483449872894829369e+01
3.000000000000000000e+00 2.448414972838634895e+01
3.000000000000000000e+00 2.448414972838634895e+01
3.000000000000000000e+00 2.448413063877014650e+01
3.000000000000000000e+00 2.448412109409869686e+01
3.000000000000000000e+00 2.388199773403509951e+01
3.000000000000000000e+00 2.388198727990781123e+01
3.000000000000000000e+00 2.388198205288514941e+01
3.000000000000000000e+00 2.388197159892179045e+01
3.000000000000000000e+00 2.290289229240650570e+01
3.000000000000000000e+00 2.290288836533227723e+01
3.000000000000000000e+00 2.290288640180094148e+01
3.000000000000000000e+00 2.290287854771416676e+01
3.000000000000000000e+00 2.255250410247650450e+01
3.000000000000000000e+00 2.255250133618651276e+01
3.000000000000000000e+00 2.255249718676587634e+01
3.000000000000000000e+00 2.255249718676587634e+01
3.000000000000000000e+00 2.124462494575463012e+01
3.000000000000000000e+00 2.124462494575463012e+01
3.000000000000000000e+00 2.124462419776867250e+01
3.000000000000000000e+00 2.124462307579079123e+01
3.000000000000000000e+00 2.019882671345521885e+01
3.000000000000000000e+00 1.984853410638894999e+01
3.000000000000000000e+00 1.984848549950167751e+01
3.000000000000000000e+00 1.984848531433710050e+01
3.000000000000000000e+00 1.984848512917255903e+01
3.000000000000000000e+00 1.949808198470513787e+01
3.000000000000000000e+00 1.931297965795941707e+01
3.000000000000000000e+00 1.931297960376423362e+01
3.000000000000000000e+00 1.931297960376423362e+01
3.000000000000000000e+00 1.931297938698351757e+01
3.000000000000000000e+00 1.924632172070197811e+01
3.000000000000000000e+00 1.924632156860073451e+01
3.000000000000000000e+00 1.924632156860073451e+01
3.000000000000000000e+00 1.924632146719991610e+01
3.000000000000000000e+00 1.889593292813507830e+01
3.000000000000000000e+00 1.889593274956462565e+01
3.000000000000000000e+00 1.889593267813645738e+01
3.000000000000000000e+00 1.889593260670828911e+01
3.000000000000000000e+00 1.826723394232701025e+01
3.000000000000000000e+00 1.826722013422030955e+01
3.000000000000000000e+00 1.826722011517477640e+01
3.000000000000000000e+00 1.826722009612924325e+01
3.000000000000000000e+00 1.791688811828793959e+01
3.000000000000000000e+00 1.791686270737168485e+01
3.000000000000000000e+00 1.791686264028986741e+01
3.000000000000000000e+00 1.791686260004077980e+01
3.000000000000000000e+00 1.791683893385728865e+01
3.000000000000000000e+00 1.791683892044124349e+01
3.000000000000000000e+00 1.791683889360915316e+01
3.000000000000000000e+00 1.791683721660499629e+01
3.000000000000000000e+00 1.791683720318897599e+01
3.000000000000000000e+00 1.791683720318897599e+01
3.000000000000000000e+00 1.791683718977295214e+01
3.000000000000000000e+00 1.791683718977295214e+01
3.000000000000000000e+00 1.791682901944914974e+01
3.000000000000000000e+00 1.791682897920141571e+01
3.000000000000000000e+00 1.791682897920141571e+01
3.000000000000000000e+00 1.791682551790224309e+01
3.000000000000000000e+00 1.756645054011523754e+01
3.000000000000000000e+00 1.756645052121432471e+01
3.000000000000000000e+00 1.756645049286295901e+01
3.000000000000000000e+00 1.756641961870147384e+01
3.000000000000000000e+00 1.633557866968239836e+01
3.000000000000000000e+00 1.598519218341720105e+01
3.000000000000000000e+00 1.598519217952897975e+01
3.000000000000000000e+00 1.598519217564075845e+01
3.000000000000000000e+00 1.598513978225922649e+01
3.000000000000000000e+00 1.563486772701840621e+01
3.000000000000000000e+00 1.467730545923736862e+01
3.000000000000000000e+00 1.467730545818603005e+01
3.000000000000000000e+00 1.467730545713468970e+01
3.000000000000000000e+00 1.467730545713468970e+01
3.000000000000000000e+00 1.432692479382684070e+01
3.000000000000000000e+00 1.432692479382684070e+01
3.000000000000000000e+00 1.432692479308625622e+01
3.000000000000000000e+00 1.432692479271596397e+01
3.000000000000000000e+00 1.328116638595510146e+01
3.000000000000000000e+00 1.328116049863001891e+01
3.000000000000000000e+00 1.328116049863001891e+01
3.000000000000000000e+00 1.328116049810950194e+01
3.000000000000000000e+00 1.293078571645563102e+01
3.000000000000000000e+00 1.293078548124025495e+01
3.000000000000000000e+00 1.293078548096525715e+01
3.000000000000000000e+00 1.293078548087359003e+01
3.000000000000000000e+00 1.134952163201458042e+01
3.000000000000000000e+00 1.134952018213113334e+01
3.000000000000000000e+00 1.134952018211227553e+01
3.000000000000000000e+00 1.134952018198027623e+01
3.000000000000000000e+00 1.099913806631955993e+01
3.000000000000000000e+00 1.099913806625314372e+01
3.000000000000000000e+00 1.099913806622657653e+01
3.000000000000000000e+00 1.099913147364556920e+01
3.000000000000000000e+00 6.363461234636831776e+00
3.500000000000000000e+00 2.824659603205337532e+01
3.500000000000000000e+00 2.824659602776936040e+01
3.500000000000000000e+00 2.631493859772622201e+01
3.500000000000000000e+00 2.631493859729832607e+01
3.500000000000000000e+00 2.361093164595727245e+01
3.500000000000000000e+00 2.361093164594819171e+01
3.500000000000000000e+00 2.326054409905325215e+01
3.500000000000000000e+00 2.326054409900214992e+01
3.500000000000000000e+00 2.265837918227185099e+01
3.500000000000000000e+00 2.265837918227013503e+01
3.500000000000000000e+00 2.167932554053687610e+01
3.500000000000000000e+00 2.167932554053255600e+01
3.500000000000000000e+00 2.167928311954783283e+01
3.500000000000000000e+00 2.167928311954729637e+01
3.500000000000000000e+00 2.167928311954614173e+01
3.500000000000000000e+00 2.167928311953761877e+01
3.500000000000000000e+00 2.167928199329287509e+01
3.500000000000000000e+00 2.167928199328662942e+01
3.500000000000000000e+00 2.132889832413511755e+01
3.500000000000000000e+00 2.132889832413431463e+01
3.500000000000000000e+00 2.132889832413119535e+01
3.500000000000000000e+00 2.132889832412992703e+01
3.500000000000000000e+00 2.132889807789575443e+01
3.500000000000000000e+00 2.132889807789118564e+01
3.500000000000000000e+00 2.132887325624350083e+01
3.500000000000000000e+00 2.132887325623575236e+01
3.500000000000000000e+00 1.974762606160951606e+01
3.500000000000000000e+00 1.974762606160872380e+01
3.500000000000000000e+00 1.939726360060287647e+01
3.500000000000000000e+00 1.939726360060167210e+01
3.500000000000000000e+00 1.808937009307613764e+01
3.500000000000000000e+00 1.808937009307611632e+01
3.500000000000000000e+00 1.704359082294239158e+01
3.500000000000000000e+00 1.704359082294224592e+01
3.500000000000000000e+00 1.669326485376824110e+01
3.500000000000000000e+00 1.669326485376819846e+01
3.500000000000000000e+00 1.669323174987137648e+01
3.500000000000000000e+00 1.669323174987134806e+01
3.500000000000000000e+00 1.669323010739531910e+01
3.500000000000000000e+00 1.669323010739529778e+01
3.500000000000000000e+00 1.669323010739529067e+01
3.500000000000000000e+00 1.669323010739524449e+01
3.500000000000000000e+00 1.634283109445377136e+01
3.500000000000000000e+00 1.634283109445356175e+01
3.500000000000000000e+00 1.511197386177739510e+01
3.500000000000000000e+00 1.511197386177738622e+01
3.500000000000000000e+00 1.476158920954198273e+01
3.500000000000000000e+00 1.476158920954196496e+01
3.500000000000000000e+00 1.476158355450662540e+01
3.500000000000000000e+00 1.476158355450662540e+01
3.500000000000000000e+00 1.476158355450661830e+01
3.500000000000000000e+00 1.476158355450661297e+01
3.500000000000000000e+00 1.476156333860387804e+01
3.500000000000000000e+00 1.476156333860387448e+01
3.500000000000000000e+00 1.441121651806140846e+01
3.500000000000000000e+00 1.441121651806140669e+01
3.500000000000000000e+00 1.012590858456949405e+01
3.500000000000000000e+00 1.012590858456949405e+01
3.500000000000000000e+00 9.775526594374898792e+00
3.500000000000000000e+00 9.775526594374898792e+00
4.000000000000000000e+00 2.702299044766391489e+01
4.000000000000000000e+00 2.509134298509360406e+01
4.000000000000000000e+00 2.509134243843989864e+01
4.000000000000000000e+00 2.509134243839500655e+01
4.000000000000000000e+00 2.509134243839099199e+01
4.000000000000000000e+00 2.315969196744840630e+01
4.000000000000000000e+00 2.045568211411395154e+01
4.000000000000000000e+00 2.045568211411387693e+01
4.000000000000000000e+00 2.045568211411350035e+01
4.000000000000000000e+00 2.045567443637884253e+01
4.000000000000000000e+00 2.010529469873385366e+01
4.000000000000000000e+00 2.010528690177652322e+01
4.000000000000000000e+00 2.010528690177649835e+01
4.000000000000000000e+00 2.010528690177645927e+01
4.000000000000000000e+00 1.852405077343285100e+01
4.000000000000000000e+00 1.852402514428096225e+01
4.000000000000000000e+00 1.852402514428095870e+01
4.000000000000000000e+00 1.852402514428092672e+01
4.000000000000000000e+00 1.817365076578413152e+01
4.000000000000000000e+00 1.817365076578412442e+01
4.000000000000000000e+00 1.817365076578409600e+01
4.000000000000000000e+00 1.817363600469911589e+01
4.000000000000000000e+00 1.388834858059978039e+01
4.000000000000000000e+00 1.353798202672966866e+01
4.000000000000000000e+00 1.353797465662158572e+01
4.000000000000000000e+00 1.353797465662158395e+01
4.000000000000000000e+00 1.353797465662158395e+01
4.000000000000000000e+00 1.318759144750838885e+01
4.500000000000000000e+00 2.386773711915092377e+01
4.500000000000000000e+00 2.386773711915089180e+01
4.500000000000000000e+00 2.193609056626221943e+01
4.500000000000000000e+00 2.193609056626220877e+01
4.500000000000000000e+00 1.730042234952633962e+01
4.500000000000000000e+00 1.730042234952633962e+01
4.500000000000000000e+00 1.695003755411361368e+01
4.500000000000000000e+00 1.695003755411361368e+01
5.000000000000000000e+00 2.071248345769776833e+01
