-5.000000000000000000e+00 4.699391103670093628e+01
-4.500000000000000000e+00 4.849016148411526927e+01
-4.500000000000000000e+00 4.849016148386904490e+01
-4.500000000000000000e+00 4.811924829327673336e+01
-4.500000000000000000e+00 4.811924829300274808e+01
-4.500000000000000000e+00 4.380214449810870292e+01
-4.500000000000000000e+00 4.380214449754284090e+01
-4.500000000000000000e+00 4.359684314205956213e+01
-4.500000000000000000e+00 4.359684314152150364e+01
-4.000000000000000000e+00 5.276584961612542202e+01
-4.000000000000000000e+00 4.960398574411775030e+01
-4.000000000000000000e+00 4.960398574410952222e+01
-4.000000000000000000e+00 4.960398574409749983e+01
-4.000000000000000000e+00 4.954604925120926850e+01
-4.000000000000000000e+00 4.801506240309813478e+01
-4.000000000000000000e+00 4.783956860609634276e+01
-4.000000000000000000e+00 4.773500995123951185e+01
-4.000000000000000000e+00 4.773500995115926315e+01
-4.000000000000000000e+00 4.773500995108420142e+01
-4.000000000000000000e+00 4.503313716075983564e+01
-4.000000000000000000e+00 4.503313716069671813e+01
-4.000000000000000000e+00 4.503313716063136951e+01
-4.000000000000000000e+00 4.501834446312363980e+01
-4.000000000000000000e+00 4.500839958770780669e+01
-4.000000000000000000e+00 4.500839958770085758e+01
-4.000000000000000000e+00 4.500839958769459059e+01
-4.000000000000000000e+00 4.499040343745103598e+01
-4.000000000000000000e+00 4.333599237305428886e+01
-4.000000000000000000e+00 4.230066316345815380e+01
-4.000000000000000000e+00 4.230066316338952248e+01
-4.000000000000000000e+00 4.230066316330493947e+01
-4.000000000000000000e+00 4.165132502803745496e+01
-4.000000000000000000e+00 4.038053042300963824e+01
-4.000000000000000000e+00 4.038053042299042517e+01
-4.000000000000000000e+00 4.038053042296623119e+01
-4.000000000000000000e+00 4.032837148837818120e+01
-4.000000000000000000e+00 3.661191005090459072e+01
-3.500000000000000000e+00 5.231168672586353097e+01
-3.500000000000000000e+00 5.231168672510005990e+01
-3.500000000000000000e+00 5.167390796076842463e+01
-3.500000000000000000e+00 5.167390795961432559e+01
-3.500000000000000000e+00 5.031440100478808120e+01
-3.500000000000000000e+00 5.031440100466872423e+01
-3.500000000000000000e+00 5.009193655846369353e+01
-3.500000000000000000e+00 5.009193655843317572e+01
-3.500000000000000000e+00 4.895974910291322857e+01
-3.500000000000000000e+00 4.895974910288202153e+01
-3.500000000000000000e+00 4.678940835359600214e+01
-3.500000000000000000e+00 4.678940835358746853e+01
-3.500000000000000000e+00 4.667245066389638453e+01
-3.500000000000000000e+00 4.667245066346566063e+01
-3.500000000000000000e+00 4.645232137199360523e+01
-3.500000000000000000e+00 4.645232137193686128e+01
-3.500000000000000000e+00 4.642373220181846705e+01
-3.500000000000000000e+00 4.642373220164532199e+01
-3.500000000000000000e+00 4.642373220145785950e+01
-3.500000000000000000e+00 4.642373220128600053e+01
-3.500000000000000000e+00 4.621843084580277861e+01
-3.500000000000000000e+00 4.621843084561053416e+01
-3.500000000000000000e+00 4.621843084542695834e+01
-3.500000000000000000e+00 4.621843084523955980e+01
-3.500000000000000000e+00 4.619902679523616484e+01
-3.500000000000000000e+00 4.619902679505703702e+01
-3.500000000000000000e+00 4.611178984859665064e+01
-3.500000000000000000e+00 4.611178984858669594e+01
-3.500000000000000000e+00 4.593696353148289546e+01
-3.500000000000000000e+00 4.593696353104205343e+01
-3.500000000000000000e+00 4.457079183318629134e+01
-3.500000000000000000e+00 4.457079183311823556e+01
-3.500000000000000000e+00 4.337826270286244323e+01
-3.500000000000000000e+00 4.337826270281960461e+01
-3.500000000000000000e+00 4.211645379742034834e+01
-3.500000000000000000e+00 4.211645379740478035e+01
-3.500000000000000000e+00 4.191279728463585030e+01
-3.500000000000000000e+00 4.191279728449732289e+01
-3.500000000000000000e+00 4.190132705034345406e+01
-3.500000000000000000e+00 4.190132705025220616e+01
-3.500000000000000000e+00 4.190132705016089432e+01
-3.500000000000000000e+00 4.190132705006962510e+01
-3.500000000000000000e+00 4.158265998754831116e+01
-3.500000000000000000e+00 4.158265998750620440e+01
-3.500000000000000000e+00 4.153041385947724962e+01
-3.500000000000000000e+00 4.153041385939513930e+01
-3.500000000000000000e+00 4.153041385931319240e+01
-3.500000000000000000e+00 4.153041385923101814e+01
-3.500000000000000000e+00 4.152799540312731352e+01
-3.500000000000000000e+00 4.152799540300033243e+01
-3.500000000000000000e+00 3.983502396363579123e+01
-3.500000000000000000e+00 3.983502396342569796e+01
-3.500000000000000000e+00 3.855826525535087512e+01
-3.500000000000000000e+00 3.855826525531175264e+01
-3.500000000000000000e+00 3.770005744315701435e+01
-3.500000000000000000e+00 3.770005744271841763e+01
-3.500000000000000000e+00 3.643736069146585521e+01
-3.500000000000000000e+00 3.643736069101831276e+01
-3.500000000000000000e+00 3.413740770685206627e+01
-3.500000000000000000e+00 3.413740770669271285e+01
-3.000000000000000000e+00 nan
-3.000000000000000000e+00 nan
-3.000000000000000000e+00 inf
-3.000000000000000000e+00 inf
-3.000000000000000000e+00 inf
-3.000000000000000000e+00 inf
-3.000000000000000000e+00 inf
-3.000000000000000000e+00 inf
-3.000000000000000000e+00 inf
-3.000000000000000000e+00 inf
-3.000000000000000000e+00 inf
-3.000000000000000000e+00 inf
-3.000000000000000000e+00 inf
-3.000000000000000000e+00 inf
-3.000000000000000000e+00 inf
-3.000000000000000000e+00 inf
-3.000000000000000000e+00 inf
-3.000000000000000000e+00 inf
-3.000000000000000000e+00 inf
-3.000000000000000000e+00 inf
-3.000000000000000000e+00 inf
-3.000000000000000000e+00 inf
-3.000000000000000000e+00 inf
-3.000000000000000000e+00 inf
-3.000000000000000000e+00 inf
-3.000000000000000000e+00 inf
-3.000000000000000000e+00 inf
-3.000000000000000000e+00 inf
-3.000000000000000000e+00 inf
-3.000000000000000000e+00 inf
-3.000000000000000000e+00 inf
-3.000000000000000000e+00 inf
-3.000000000000000000e+00 inf
-3.000000000000000000e+00 inf
-3.000000000000000000e+00 inf
-3.000000000000000000e+00 inf
-3.000000000000000000e+00 inf
-3.000000000000000000e+00 inf
-3.000000000000000000e+00 inf
-3.000000000000000000e+00 inf
-3.000000000000000000e+00 inf
-3.000000000000000000e+00 inf
-3.000000000000000000e+00 inf
-3.000000000000000000e+00 inf
-3.000000000000000000e+00 inf
-3.000000000000000000e+00 inf
-3.000000000000000000e+00 inf
-3.000000000000000000e+00 inf
-3.000000000000000000e+00 inf
-3.000000000000000000e+00 inf
-3.000000000000000000e+00 inf
-3.000000000000000000e+00 inf
-3.000000000000000000e+00 inf
-3.000000000000000000e+00 inf
-3.000000000000000000e+00 inf
-3.000000000000000000e+00 inf
-3.000000000000000000e+00 inf
-3.000000000000000000e+00 inf
-3.000000000000000000e+00 inf
-3.000000000000000000e+00 inf
-3.000000000000000000e+00 inf
-3.000000000000000000e+00 inf
-3.000000000000000000e+00 inf
-3.000000000000000000e+00 inf
-3.000000000000000000e+00 inf
-3.000000000000000000e+00 inf
-3.000000000000000000e+00 inf
-3.000000000000000000e+00 inf
-3.000000000000000000e+00 inf
-3.000000000000000000e+00 inf
-3.000000000000000000e+00 inf
-3.000000000000000000e+00 inf
-3.000000000000000000e+00 inf
-3.000000000000000000e+00 inf
-3.000000000000000000e+00 inf
-3.000000000000000000e+00 inf
-3.000000000000000000e+00 inf
-3.000000000000000000e+00 inf
-3.000000000000000000e+00 inf
-3.000000000000000000e+00 inf
-3.000000000000000000e+00 inf
-3.000000000000000000e+00 inf
-3.000000000000000000e+00 inf
-3.000000000000000000e+00 inf
-3.000000000000000000e+00 inf
-3.000000000000000000e+00 inf
-3.000000000000000000e+00 inf
-3.000000000000000000e+00 inf
-3.000000000000000000e+00 inf
-3.000000000000000000e+00 inf
-3.000000000000000000e+00 inf
-3.000000000000000000e+00 3.604365338911715355e+01
-3.000000000000000000e+00 3.604365338911715355e+01
-3.000000000000000000e+00 3.604365338911715355e+01
-3.000000000000000000e+00 3.604365338911715355e+01
-3.000000000000000000e+00 3.494504110044904621e+01
-3.000000000000000000e+00 3.465735902799726631e+01
-3.000000000000000000e+00 3.465735902799726631e+01
-3.000000000000000000e+00 3.396421184743731914e+01
-3.000000000000000000e+00 3.148977649751661545e+01
-2.500000000000000000e+00 inf
-2.500000000000000000e+00 inf
-2.500000000000000000e+00 inf
-2.500000000000000000e+00 inf
-2.500000000000000000e+00 inf
-2.500000000000000000e+00 inf
-2.500000000000000000e+00 inf
-2.500000000000000000e+00 inf
-2.500000000000000000e+00 inf
-2.500000000000000000e+00 inf
-2.500000000000000000e+00 inf
-2.500000000000000000e+00 inf
-2.500000000000000000e+00 inf
-2.500000000000000000e+00 inf
-2.500000000000000000e+00 inf
-2.500000000000000000e+00 inf
-2.500000000000000000e+00 inf
-2.500000000000000000e+00 inf
-2.500000000000000000e+00 inf
-2.500000000000000000e+00 inf
-2.500000000000000000e+00 inf
-2.500000000000000000e+00 inf
-2.500000000000000000e+00 inf
-2.500000000000000000e+00 inf
-2.500000000000000000e+00 inf
-2.500000000000000000e+00 inf
-2.500000000000000000e+00 inf
-2.500000000000000000e+00 inf
-2.500000000000000000e+00 inf
-2.500000000000000000e+00 inf
-2.500000000000000000e+00 inf
-2.500000000000000000e+00 inf
-2.500000000000000000e+00 inf
-2.500000000000000000e+00 inf
-2.500000000000000000e+00 inf
-2.500000000000000000e+00 inf
-2.500000000000000000e+00 inf
-2.500000000000000000e+00 inf
-2.500000000000000000e+00 inf
-2.500000000000000000e+00 inf
-2.500000000000000000e+00 inf
-2.500000000000000000e+00 inf
-2.500000000000000000e+00 inf
-2.500000000000000000e+00 inf
-2.500000000000000000e+00 inf
-2.500000000000000000e+00 inf
-2.500000000000000000e+00 inf
-2.500000000000000000e+00 inf
-2.500000000000000000e+00 inf
-2.500000000000000000e+00 inf
-2.500000000000000000e+00 inf
-2.500000000000000000e+00 inf
-2.500000000000000000e+00 inf
-2.500000000000000000e+00 inf
-2.500000000000000000e+00 inf
-2.500000000000000000e+00 inf
-2.500000000000000000e+00 inf
-2.500000000000000000e+00 inf
-2.500000000000000000e+00 inf
-2.500000000000000000e+00 inf
-2.500000000000000000e+00 inf
-2.500000000000000000e+00 inf
-2.500000000000000000e+00 inf
-2.500000000000000000e+00 inf
-2.500000000000000000e+00 inf
-2.500000000000000000e+00 3.604365338911715355e+01
-2.500000000000000000e+00 3.604365338911715355e+01
-2.500000000000000000e+00 3.604365338911715355e+01
-2.500000000000000000e+00 3.604365338911715355e+01
-2.500000000000000000e+00 3.604365338911715355e+01
-2.500000000000000000e+00 3.604365338911715355e+01
-2.500000000000000000e+00 3.604365338911715355e+01
-2.500000000000000000e+00 3.604365338911715355e+01
-2.500000000000000000e+00 3.604365338911715355e+01
-2.500000000000000000e+00 3.604365338911715355e+01
-2.500000000000000000e+00 3.604365338911715355e+01
-2.500000000000000000e+00 3.604365338911715355e+01
-2.500000000000000000e+00 3.604365338911715355e+01
-2.500000000000000000e+00 3.604365338911715355e+01
-2.500000000000000000e+00 3.604365338911715355e+01
-2.500000000000000000e+00 3.604365338911715355e+01
-2.500000000000000000e+00 3.604365338911715355e+01
-2.500000000000000000e+00 3.604365338911715355e+01
-2.500000000000000000e+00 3.604365338911715355e+01
-2.500000000000000000e+00 3.604365338911715355e+01
-2.500000000000000000e+00 3.604365338911715355e+01
-2.500000000000000000e+00 3.604365338911715355e+01
-2.500000000000000000e+00 3.604365338911715355e+01
-2.500000000000000000e+00 3.604365338911715355e+01
-2.500000000000000000e+00 3.535050620855721348e+01
-2.500000000000000000e+00 3.535050620855721348e+01
-2.500000000000000000e+00 3.494504110044904621e+01
-2.500000000000000000e+00 3.465735902799726631e+01
-2.500000000000000000e+00 3.443421547668305749e+01
-2.500000000000000000e+00 3.425189391988909904e+01
-2.500000000000000000e+00 3.425189391988909904e+01
-2.500000000000000000e+00 3.409774324006184543e+01
-2.500000000000000000e+00 3.409774324006184543e+01
-2.500000000000000000e+00 3.409774324006184543e+01
-2.500000000000000000e+00 3.396421184743731914e+01
-2.000000000000000000e+00 inf
-2.000000000000000000e+00 inf
-2.000000000000000000e+00 inf
-2.000000000000000000e+00 inf
-2.000000000000000000e+00 inf
-2.000000000000000000e+00 inf
-2.000000000000000000e+00 inf
-2.000000000000000000e+00 inf
-2.000000000000000000e+00 inf
-2.000000000000000000e+00 inf
-2.000000000000000000e+00 inf
-2.000000000000000000e+00 inf
-2.000000000000000000e+00 inf
-2.000000000000000000e+00 inf
-2.000000000000000000e+00 inf
-2.000000000000000000e+00 inf
-2.000000000000000000e+00 inf
-2.000000000000000000e+00 inf
-2.000000000000000000e+00 inf
-2.000000000000000000e+00 inf
-2.000000000000000000e+00 inf
-2.000000000000000000e+00 inf
-2.000000000000000000e+00 inf
-2.000000000000000000e+00 inf
-2.000000000000000000e+00 inf
-2.000000000000000000e+00 inf
-2.000000000000000000e+00 inf
-2.000000000000000000e+00 inf
-2.000000000000000000e+00 3.604365338911715355e+01
-2.000000000000000000e+00 3.604365338911715355e+01
-2.000000000000000000e+00 3.604365338911715355e+01
-2.000000000000000000e+00 3.604365338911715355e+01
-2.000000000000000000e+00 3.604365338911715355e+01
-2.000000000000000000e+00 3.604365338911715355e+01
-2.000000000000000000e+00 3.604365338911715355e+01
-2.000000000000000000e+00 3.604365338911715355e+01
-2.000000000000000000e+00 3.604365338911715355e+01
-2.000000000000000000e+00 3.604365338911715355e+01
-2.000000000000000000e+00 3.604365338911715355e+01
-2.000000000000000000e+00 3.604365338911715355e+01
-2.000000000000000000e+00 3.604365338911715355e+01
-2.000000000000000000e+00 3.604365338911715355e+01
-2.000000000000000000e+00 3.604365338911715355e+01
-2.000000000000000000e+00 3.604365338911715355e+01
-2.000000000000000000e+00 3.604365338911715355e+01
-2.000000000000000000e+00 3.604365338911715355e+01
-2.000000000000000000e+00 3.604365338911715355e+01
-2.000000000000000000e+00 3.604365338911715355e+01
-2.000000000000000000e+00 3.604365338911715355e+01
-2.000000000000000000e+00 3.604365338911715355e+01
-2.000000000000000000e+00 3.604365338911715355e+01
-2.000000000000000000e+00 3.604365338911715355e+01
-2.000000000000000000e+00 3.604365338911715355e+01
-2.000000000000000000e+00 3.604365338911715355e+01
-2.000000000000000000e+00 3.604365338911715355e+01
-2.000000000000000000e+00 3.604365338911715355e+01
-2.000000000000000000e+00 3.604365338911715355e+01
-2.000000000000000000e+00 3.604365338911715355e+01
-2.000000000000000000e+00 3.604365338911715355e+01
-2.000000000000000000e+00 3.604365338911715355e+01
-2.000000000000000000e+00 3.604365338911715355e+01
-2.000000000000000000e+00 3.604365338911715355e+01
-2.000000000000000000e+00 3.604365338911715355e+01
-2.000000000000000000e+00 3.604365338911715355e+01
-2.000000000000000000e+00 3.604365338911715355e+01
-2.000000000000000000e+00 3.604365338911715355e+01
-2.000000000000000000e+00 3.604365338911715355e+01
-2.000000000000000000e+00 3.604365338911715355e+01
-2.000000000000000000e+00 3.604365338911715355e+01
-2.000000000000000000e+00 3.604365338911715355e+01
-2.000000000000000000e+00 3.604365338911715355e+01
-2.000000000000000000e+00 3.604365338911715355e+01
-2.000000000000000000e+00 3.604365338911715355e+01
-2.000000000000000000e+00 3.604365338911715355e+01
-2.000000000000000000e+00 3.604365338911715355e+01
-2.000000000000000000e+00 3.604365338911715355e+01
-2.000000000000000000e+00 3.604365338911715355e+01
-2.000000000000000000e+00 3.604365338911715355e+01
-2.000000000000000000e+00 3.604365338911715355e+01
-2.000000000000000000e+00 3.535050620855721348e+01
-2.000000000000000000e+00 3.535050620855721348e+01
-2.000000000000000000e+00 3.535050620855721348e+01
-2.000000000000000000e+00 3.535050620855721348e+01
-2.000000000000000000e+00 3.535050620855721348e+01
-2.000000000000000000e+00 3.535050620855721348e+01
-2.000000000000000000e+00 3.535050620855721348e+01
-2.000000000000000000e+00 3.535050620855721348e+01
-2.000000000000000000e+00 3.494504110044904621e+01
-2.000000000000000000e+00 3.465735902799726631e+01
-2.000000000000000000e+00 3.465735902799726631e+01
-2.000000000000000000e+00 3.443421547668305749e+01
-2.000000000000000000e+00 3.396421184743731914e+01
-2.000000000000000000e+00 3.384642881178093887e+01
-2.000000000000000000e+00 3.374106829612311031e+01
-2.000000000000000000e+00 3.374106829612311031e+01
-2.000000000000000000e+00 3.340459605950189825e+01
-2.000000000000000000e+00 3.062755298691273609e+01
-2.000000000000000000e+00 3.062311838984486911e+01
-2.000000000000000000e+00 3.061870337163575329e+01
-2.000000000000000000e+00 3.061870337163575329e+01
-1.500000000000000000e+00 inf
-1.500000000000000000e+00 inf
-1.500000000000000000e+00 inf
-1.500000000000000000e+00 inf
-1.500000000000000000e+00 inf
-1.500000000000000000e+00 inf
-1.500000000000000000e+00 inf
-1.500000000000000000e+00 inf
-1.500000000000000000e+00 inf
-1.500000000000000000e+00 inf
-1.500000000000000000e+00 inf
-1.500000000000000000e+00 inf
-1.500000000000000000e+00 inf
-1.500000000000000000e+00 inf
-1.500000000000000000e+00 inf
-1.500000000000000000e+00 inf
-1.500000000000000000e+00 inf
-1.500000000000000000e+00 inf
-1.500000000000000000e+00 inf
-1.500000000000000000e+00 inf
-1.500000000000000000e+00 inf
-1.500000000000000000e+00 inf
-1.500000000000000000e+00 3.604365338911715355e+01
-1.500000000000000000e+00 3.604365338911715355e+01
-1.500000000000000000e+00 3.604365338911715355e+01
-1.500000000000000000e+00 3.604365338911715355e+01
-1.500000000000000000e+00 3.604365338911715355e+01
-1.500000000000000000e+00 3.604365338911715355e+01
-1.500000000000000000e+00 3.604365338911715355e+01
-1.500000000000000000e+00 3.604365338911715355e+01
-1.500000000000000000e+00 3.604365338911715355e+01
-1.500000000000000000e+00 3.604365338911715355e+01
-1.500000000000000000e+00 3.604365338911715355e+01
-1.500000000000000000e+00 3.604365338911715355e+01
-1.500000000000000000e+00 3.604365338911715355e+01
-1.500000000000000000e+00 3.604365338911715355e+01
-1.500000000000000000e+00 3.604365338911715355e+01
-1.500000000000000000e+00 3.604365338911715355e+01
-1.500000000000000000e+00 3.604365338911715355e+01
-1.500000000000000000e+00 3.604365338911715355e+01
-1.500000000000000000e+00 3.604365338911715355e+01
-1.500000000000000000e+00 3.604365338911715355e+01
-1.500000000000000000e+00 3.604365338911715355e+01
-1.500000000000000000e+00 3.604365338911715355e+01
-1.500000000000000000e+00 3.604365338911715355e+01
-1.500000000000000000e+00 3.604365338911715355e+01
-1.500000000000000000e+00 3.604365338911715355e+01
-1.500000000000000000e+00 3.604365338911715355e+01
-1.500000000000000000e+00 3.604365338911715355e+01
-1.500000000000000000e+00 3.604365338911715355e+01
-1.500000000000000000e+00 3.604365338911715355e+01
-1.500000000000000000e+00 3.604365338911715355e+01
-1.500000000000000000e+00 3.604365338911715355e+01
-1.500000000000000000e+00 3.604365338911715355e+01
-1.500000000000000000e+00 3.604365338911715355e+01
-1.500000000000000000e+00 3.604365338911715355e+01
-1.500000000000000000e+00 3.604365338911715355e+01
-1.500000000000000000e+00 3.604365338911715355e+01
-1.500000000000000000e+00 3.604365338911715355e+01
-1.500000000000000000e+00 3.604365338911715355e+01
-1.500000000000000000e+00 3.604365338911715355e+01
-1.500000000000000000e+00 3.535050620855721348e+01
-1.500000000000000000e+00 3.535050620855721348e+01
-1.500000000000000000e+00 3.535050620855721348e+01
-1.500000000000000000e+00 3.535050620855721348e+01
-1.500000000000000000e+00 3.535050620855721348e+01
-1.500000000000000000e+00 3.535050620855721348e+01
-1.500000000000000000e+00 3.494504110044904621e+01
-1.500000000000000000e+00 3.494504110044904621e+01
-1.500000000000000000e+00 3.494504110044904621e+01
-1.500000000000000000e+00 3.494504110044904621e+01
-1.500000000000000000e+00 3.494504110044904621e+01
-1.500000000000000000e+00 3.494504110044904621e+01
-1.500000000000000000e+00 3.494504110044904621e+01
-1.500000000000000000e+00 3.494504110044904621e+01
-1.500000000000000000e+00 3.494504110044904621e+01
-1.500000000000000000e+00 3.494504110044904621e+01
-1.500000000000000000e+00 3.425189391988909904e+01
-1.500000000000000000e+00 3.425189391988909904e+01
-1.500000000000000000e+00 3.425189391988909904e+01
-1.500000000000000000e+00 3.396421184743731914e+01
-1.500000000000000000e+00 3.396421184743731914e+01
-1.500000000000000000e+00 3.384642881178093887e+01
-1.500000000000000000e+00 3.374106829612311031e+01
-1.500000000000000000e+00 3.374106829612311031e+01
-1.500000000000000000e+00 3.374106829612311031e+01
-1.500000000000000000e+00 3.271144887894195108e+01
-1.500000000000000000e+00 3.264245600745500298e+01
-1.500000000000000000e+00 3.219350578740709778e+01
-1.500000000000000000e+00 3.219350578740709778e+01
-1.500000000000000000e+00 3.193277952494384309e+01
-1.500000000000000000e+00 3.193277952494384309e+01
-1.500000000000000000e+00 3.191651900407206455e+01
-1.500000000000000000e+00 3.191651900407206455e+01
-1.500000000000000000e+00 3.191651900407206455e+01
-1.500000000000000000e+00 3.190051866272562364e+01
-1.500000000000000000e+00 3.020592294195121497e+01
-1.500000000000000000e+00 3.020592294195121497e+01
-1.500000000000000000e+00 2.954989954926546858e+01
-1.500000000000000000e+00 2.954838783318014706e+01
-1.000000000000000000e+00 inf
-1.000000000000000000e+00 inf
-1.000000000000000000e+00 inf
-1.000000000000000000e+00 inf
-1.000000000000000000e+00 inf
-1.000000000000000000e+00 inf
-1.000000000000000000e+00 inf
-1.000000000000000000e+00 inf
-1.000000000000000000e+00 inf
-1.000000000000000000e+00 3.604365338911715355e+01
-1.000000000000000000e+00 3.604365338911715355e+01
-1.000000000000000000e+00 3.604365338911715355e+01
-1.000000000000000000e+00 3.604365338911715355e+01
-1.000000000000000000e+00 3.604365338911715355e+01
-1.000000000000000000e+00 3.604365338911715355e+01
-1.000000000000000000e+00 3.604365338911715355e+01
-1.000000000000000000e+00 3.604365338911715355e+01
-1.000000000000000000e+00 3.604365338911715355e+01
-1.000000000000000000e+00 3.604365338911715355e+01
-1.000000000000000000e+00 3.604365338911715355e+01
-1.000000000000000000e+00 3.604365338911715355e+01
-1.000000000000000000e+00 3.604365338911715355e+01
-1.000000000000000000e+00 3.604365338911715355e+01
-1.000000000000000000e+00 3.604365338911715355e+01
-1.000000000000000000e+00 3.604365338911715355e+01
-1.000000000000000000e+00 3.604365338911715355e+01
-1.000000000000000000e+00 3.604365338911715355e+01
-1.000000000000000000e+00 3.604365338911715355e+01
-1.000000000000000000e+00 3.604365338911715355e+01
-1.000000000000000000e+00 3.604365338911715355e+01
-1.000000000000000000e+00 3.604365338911715355e+01
-1.000000000000000000e+00 3.604365338911715355e+01
-1.000000000000000000e+00 3.604365338911715355e+01
-1.000000000000000000e+00 3.604365338911715355e+01
-1.000000000000000000e+00 3.604365338911715355e+01
-1.000000000000000000e+00 3.604365338911715355e+01
-1.000000000000000000e+00 3.604365338911715355e+01
-1.000000000000000000e+00 3.604365338911715355e+01
-1.000000000000000000e+00 3.604365338911715355e+01
-1.000000000000000000e+00 3.604365338911715355e+01
-1.000000000000000000e+00 3.604365338911715355e+01
-1.000000000000000000e+00 3.604365338911715355e+01
-1.000000000000000000e+00 3.604365338911715355e+01
-1.000000000000000000e+00 3.604365338911715355e+01
-1.000000000000000000e+00 3.604365338911715355e+01
-1.000000000000000000e+00 3.604365338911715355e+01
-1.000000000000000000e+00 3.604365338911715355e+01
-1.000000000000000000e+00 3.604365338911715355e+01
-1.000000000000000000e+00 3.604365338911715355e+01
-1.000000000000000000e+00 3.604365338911715355e+01
-1.000000000000000000e+00 3.535050620855721348e+01
-1.000000000000000000e+00 3.535050620855721348e+01
-1.000000000000000000e+00 3.535050620855721348e+01
-1.000000000000000000e+00 3.535050620855721348e+01
-1.000000000000000000e+00 3.535050620855721348e+01
-1.000000000000000000e+00 3.535050620855721348e+01
-1.000000000000000000e+00 3.535050620855721348e+01
-1.000000000000000000e+00 3.535050620855721348e+01
-1.000000000000000000e+00 3.535050620855721348e+01
-1.000000000000000000e+00 3.535050620855721348e+01
-1.000000000000000000e+00 3.535050620855721348e+01
-1.000000000000000000e+00 3.535050620855721348e+01
-1.000000000000000000e+00 3.535050620855721348e+01
-1.000000000000000000e+00 3.535050620855721348e+01
-1.000000000000000000e+00 3.494504110044904621e+01
-1.000000000000000000e+00 3.494504110044904621e+01
-1.000000000000000000e+00 3.494504110044904621e+01
-1.000000000000000000e+00 3.494504110044904621e+01
-1.000000000000000000e+00 3.494504110044904621e+01
-1.000000000000000000e+00 3.494504110044904621e+01
-1.000000000000000000e+00 3.494504110044904621e+01
-1.000000000000000000e+00 3.465735902799726631e+01
-1.000000000000000000e+00 3.465735902799726631e+01
-1.000000000000000000e+00 3.465735902799726631e+01
-1.000000000000000000e+00 3.465735902799726631e+01
-1.000000000000000000e+00 3.465735902799726631e+01
-1.000000000000000000e+00 3.443421547668305749e+01
-1.000000000000000000e+00 3.443421547668305749e+01
-1.000000000000000000e+00 3.425189391988909904e+01
-1.000000000000000000e+00 3.425189391988909904e+01
-1.000000000000000000e+00 3.425189391988909904e+01
-1.000000000000000000e+00 3.409774324006184543e+01
-1.000000000000000000e+00 3.409774324006184543e+01
-1.000000000000000000e+00 3.396421184743731914e+01
-1.000000000000000000e+00 3.384642881178093887e+01
-1.000000000000000000e+00 3.384642881178093887e+01
-1.000000000000000000e+00 3.215183309100653020e+01
-1.000000000000000000e+00 3.203632020388468504e+01
-1.000000000000000000e+00 3.201830169838200391e+01
-1.000000000000000000e+00 3.201830169838200391e+01
-1.000000000000000000e+00 3.201830169838200391e+01
-1.000000000000000000e+00 3.166162675444327590e+01
-1.000000000000000000e+00 3.163693414185290465e+01
-1.000000000000000000e+00 3.163693414185290465e+01
-1.000000000000000000e+00 3.162481278132055706e+01
-1.000000000000000000e+00 3.057982158409154749e+01
-1.000000000000000000e+00 3.046770428597083935e+01
-1.000000000000000000e+00 3.046392356313093330e+01
-1.000000000000000000e+00 3.046015708033545621e+01
-1.000000000000000000e+00 3.046015708033545621e+01
-5.000000000000000000e-01 inf
-5.000000000000000000e-01 inf
-5.000000000000000000e-01 inf
-5.000000000000000000e-01 inf
-5.000000000000000000e-01 3.604365338911715355e+01
-5.000000000000000000e-01 3.604365338911715355e+01
-5.000000000000000000e-01 3.604365338911715355e+01
-5.000000000000000000e-01 3.604365338911715355e+01
-5.000000000000000000e-01 3.604365338911715355e+01
-5.000000000000000000e-01 3.604365338911715355e+01
-5.000000000000000000e-01 3.604365338911715355e+01
-5.000000000000000000e-01 3.604365338911715355e+01
-5.000000000000000000e-01 3.604365338911715355e+01
-5.000000000000000000e-01 3.604365338911715355e+01
-5.000000000000000000e-01 3.604365338911715355e+01
-5.000000000000000000e-01 3.604365338911715355e+01
-5.000000000000000000e-01 3.604365338911715355e+01
-5.000000000000000000e-01 3.604365338911715355e+01
-5.000000000000000000e-01 3.604365338911715355e+01
-5.000000000000000000e-01 3.604365338911715355e+01
-5.000000000000000000e-01 3.604365338911715355e+01
-5.000000000000000000e-01 3.604365338911715355e+01
-5.000000000000000000e-01 3.604365338911715355e+01
-5.000000000000000000e-01 3.604365338911715355e+01
-5.000000000000000000e-01 3.604365338911715355e+01
-5.000000000000000000e-01 3.604365338911715355e+01
-5.000000000000000000e-01 3.604365338911715355e+01
-5.000000000000000000e-01 3.604365338911715355e+01
-5.000000000000000000e-01 3.604365338911715355e+01
-5.000000000000000000e-01 3.604365338911715355e+01
-5.000000000000000000e-01 3.604365338911715355e+01
-5.000000000000000000e-01 3.604365338911715355e+01
-5.000000000000000000e-01 3.604365338911715355e+01
-5.000000000000000000e-01 3.604365338911715355e+01
-5.000000000000000000e-01 3.604365338911715355e+01
-5.000000000000000000e-01 3.535050620855721348e+01
-5.000000000000000000e-01 3.535050620855721348e+01
-5.000000000000000000e-01 3.535050620855721348e+01
-5.000000000000000000e-01 3.535050620855721348e+01
-5.000000000000000000e-01 3.535050620855721348e+01
-5.000000000000000000e-01 3.535050620855721348e+01
-5.000000000000000000e-01 3.535050620855721348e+01
-5.000000000000000000e-01 3.535050620855721348e+01
-5.000000000000000000e-01 3.535050620855721348e+01
-5.000000000000000000e-01 3.535050620855721348e+01
-5.000000000000000000e-01 3.535050620855721348e+01
-5.000000000000000000e-01 3.535050620855721348e+01
-5.000000000000000000e-01 3.494504110044904621e+01
-5.000000000000000000e-01 3.494504110044904621e+01
-5.000000000000000000e-01 3.494504110044904621e+01
-5.000000000000000000e-01 3.494504110044904621e+01
-5.000000000000000000e-01 3.494504110044904621e+01
-5.000000000000000000e-01 3.494504110044904621e+01
-5.000000000000000000e-01 3.494504110044904621e+01
-5.000000000000000000e-01 3.494504110044904621e+01
-5.000000000000000000e-01 3.494504110044904621e+01
-5.000000000000000000e-01 3.494504110044904621e+01
-5.000000000000000000e-01 3.494504110044904621e+01
-5.000000000000000000e-01 3.465735902799726631e+01
-5.000000000000000000e-01 3.465735902799726631e+01
-5.000000000000000000e-01 3.465735902799726631e+01
-5.000000000000000000e-01 3.465735902799726631e+01
-5.000000000000000000e-01 3.465735902799726631e+01
-5.000000000000000000e-01 3.465735902799726631e+01
-5.000000000000000000e-01 3.465735902799726631e+01
-5.000000000000000000e-01 3.465735902799726631e+01
-5.000000000000000000e-01 3.465735902799726631e+01
-5.000000000000000000e-01 3.465735902799726631e+01
-5.000000000000000000e-01 3.443421547668305749e+01
-5.000000000000000000e-01 3.443421547668305749e+01
-5.000000000000000000e-01 3.443421547668305749e+01
-5.000000000000000000e-01 3.443421547668305749e+01
-5.000000000000000000e-01 3.425189391988909904e+01
-5.000000000000000000e-01 3.425189391988909904e+01
-5.000000000000000000e-01 3.425189391988909904e+01
-5.000000000000000000e-01 3.425189391988909904e+01
-5.000000000000000000e-01 3.409774324006184543e+01
-5.000000000000000000e-01 3.409774324006184543e+01
-5.000000000000000000e-01 3.374106829612311031e+01
-5.000000000000000000e-01 3.355874673932915897e+01
-5.000000000000000000e-01 3.315328163122099170e+01
-5.000000000000000000e-01 3.309921440995071862e+01
-5.000000000000000000e-01 3.304792111556316314e+01
-5.000000000000000000e-01 3.304792111556316314e+01
-5.000000000000000000e-01 3.304792111556316314e+01
-5.000000000000000000e-01 3.299913095139373098e+01
-5.000000000000000000e-01 3.271144887894195108e+01
-5.000000000000000000e-01 3.271144887894195108e+01
-5.000000000000000000e-01 3.271144887894195108e+01
-5.000000000000000000e-01 3.267635755913067896e+01
-5.000000000000000000e-01 3.219350578740709778e+01
-5.000000000000000000e-01 3.217245237820926462e+01
-5.000000000000000000e-01 3.169984796726347298e+01
-5.000000000000000000e-01 3.167420553665013472e+01
-5.000000000000000000e-01 3.030708109163796493e+01
-5.000000000000000000e-01 3.030065020130767550e+01
-5.000000000000000000e-01 2.996143447874070986e+01
-5.000000000000000000e-01 2.996143447874070986e+01
-5.000000000000000000e-01 2.832141864440754730e+01
-5.000000000000000000e-01 2.832097587264915362e+01
0.000000000000000000e+00 3.604365338911715355e+01
0.000000000000000000e+00 3.604365338911715355e+01
0.000000000000000000e+00 3.604365338911715355e+01
0.000000000000000000e+00 3.604365338911715355e+01
0.000000000000000000e+00 3.604365338911715355e+01
0.000000000000000000e+00 3.604365338911715355e+01
0.000000000000000000e+00 3.604365338911715355e+01
0.000000000000000000e+00 3.604365338911715355e+01
0.000000000000000000e+00 3.604365338911715355e+01
0.000000000000000000e+00 3.604365338911715355e+01
0.000000000000000000e+00 3.604365338911715355e+01
0.000000000000000000e+00 3.604365338911715355e+01
0.000000000000000000e+00 3.535050620855721348e+01
0.000000000000000000e+00 3.535050620855721348e+01
0.000000000000000000e+00 3.535050620855721348e+01
0.000000000000000000e+00 3.535050620855721348e+01
0.000000000000000000e+00 3.535050620855721348e+01
0.000000000000000000e+00 3.535050620855721348e+01
0.000000000000000000e+00 3.535050620855721348e+01
0.000000000000000000e+00 3.535050620855721348e+01
0.000000000000000000e+00 3.535050620855721348e+01
0.000000000000000000e+00 3.535050620855721348e+01
0.000000000000000000e+00 3.535050620855721348e+01
0.000000000000000000e+00 3.535050620855721348e+01
0.000000000000000000e+00 3.494504110044904621e+01
0.000000000000000000e+00 3.494504110044904621e+01
0.000000000000000000e+00 3.494504110044904621e+01
0.000000000000000000e+00 3.494504110044904621e+01
0.000000000000000000e+00 3.494504110044904621e+01
0.000000000000000000e+00 3.494504110044904621e+01
0.000000000000000000e+00 3.494504110044904621e+01
0.000000000000000000e+00 3.494504110044904621e+01
0.000000000000000000e+00 3.494504110044904621e+01
0.000000000000000000e+00 3.494504110044904621e+01
0.000000000000000000e+00 3.465735902799726631e+01
0.000000000000000000e+00 3.465735902799726631e+01
0.000000000000000000e+00 3.465735902799726631e+01
0.000000000000000000e+00 3.465735902799726631e+01
0.000000000000000000e+00 3.465735902799726631e+01
0.000000000000000000e+00 3.465735902799726631e+01
0.000000000000000000e+00 3.465735902799726631e+01
0.000000000000000000e+00 3.465735902799726631e+01
0.000000000000000000e+00 3.465735902799726631e+01
0.000000000000000000e+00 3.443421547668305749e+01
0.000000000000000000e+00 3.443421547668305749e+01
0.000000000000000000e+00 3.443421547668305749e+01
0.000000000000000000e+00 3.425189391988909904e+01
0.000000000000000000e+00 3.425189391988909904e+01
0.000000000000000000e+00 3.425189391988909904e+01
0.000000000000000000e+00 3.425189391988909904e+01
0.000000000000000000e+00 3.425189391988909904e+01
0.000000000000000000e+00 3.425189391988909904e+01
0.000000000000000000e+00 3.425189391988909904e+01
0.000000000000000000e+00 3.425189391988909904e+01
0.000000000000000000e+00 3.425189391988909904e+01
0.000000000000000000e+00 3.425189391988909904e+01
0.000000000000000000e+00 3.409774324006184543e+01
0.000000000000000000e+00 3.409774324006184543e+01
0.000000000000000000e+00 3.409774324006184543e+01
0.000000000000000000e+00 3.409774324006184543e+01
0.000000000000000000e+00 3.396421184743731914e+01
0.000000000000000000e+00 3.396421184743731914e+01
0.000000000000000000e+00 3.396421184743731914e+01
0.000000000000000000e+00 3.384642881178093887e+01
0.000000000000000000e+00 3.384642881178093887e+01
0.000000000000000000e+00 3.384642881178093887e+01
0.000000000000000000e+00 3.384642881178093887e+01
0.000000000000000000e+00 3.374106829612311031e+01
0.000000000000000000e+00 3.374106829612311031e+01
0.000000000000000000e+00 3.364575811631878821e+01
0.000000000000000000e+00 3.364575811631878821e+01
0.000000000000000000e+00 3.364575811631878821e+01
0.000000000000000000e+00 3.355874673932915897e+01
0.000000000000000000e+00 3.355874673932915897e+01
0.000000000000000000e+00 3.355874673932915897e+01
0.000000000000000000e+00 3.355874673932915897e+01
0.000000000000000000e+00 3.355874673932915897e+01
0.000000000000000000e+00 3.286559955876921180e+01
0.000000000000000000e+00 3.278555685109567719e+01
0.000000000000000000e+00 3.274781652311282443e+01
0.000000000000000000e+00 3.274781652311282443e+01
0.000000000000000000e+00 3.248830532762774226e+01
0.000000000000000000e+00 3.240606722939077144e+01
0.000000000000000000e+00 3.235477393500322307e+01
0.000000000000000000e+00 3.233008132241285182e+01
0.000000000000000000e+00 3.163693414185290465e+01
0.000000000000000000e+00 3.140892440088752124e+01
0.000000000000000000e+00 3.071093459585178564e+01
0.000000000000000000e+00 3.044153456823745429e+01
0.000000000000000000e+00 3.042688229145058543e+01
0.000000000000000000e+00 3.042688229145058543e+01
0.000000000000000000e+00 3.040174631817904327e+01
0.000000000000000000e+00 3.039467915095595174e+01
0.000000000000000000e+00 3.039116420884850456e+01
0.000000000000000000e+00 2.952156059094700424e+01
0.000000000000000000e+00 2.951862373127369565e+01
0.000000000000000000e+00 2.951862373127369565e+01
0.000000000000000000e+00 2.857742583290167460e+01
0.000000000000000000e+00 2.785997680649649766e+01
0.000000000000000000e+00 1.392223191699587318e-05
5.000000000000000000e-01 3.604365338911715355e+01
5.000000000000000000e-01 3.604365338911715355e+01
5.000000000000000000e-01 3.604365338911715355e+01
5.000000000000000000e-01 3.604365338911715355e+01
5.000000000000000000e-01 3.604365338911715355e+01
5.000000000000000000e-01 3.604365338911715355e+01
5.000000000000000000e-01 3.604365338911715355e+01
5.000000000000000000e-01 3.604365338911715355e+01
5.000000000000000000e-01 3.604365338911715355e+01
5.000000000000000000e-01 3.604365338911715355e+01
5.000000000000000000e-01 3.604365338911715355e+01
5.000000000000000000e-01 3.604365338911715355e+01
5.000000000000000000e-01 3.604365338911715355e+01
5.000000000000000000e-01 3.604365338911715355e+01
5.000000000000000000e-01 3.604365338911715355e+01
5.000000000000000000e-01 3.604365338911715355e+01
5.000000000000000000e-01 3.604365338911715355e+01
5.000000000000000000e-01 3.604365338911715355e+01
5.000000000000000000e-01 3.604365338911715355e+01
5.000000000000000000e-01 3.604365338911715355e+01
5.000000000000000000e-01 3.535050620855721348e+01
5.000000000000000000e-01 3.535050620855721348e+01
5.000000000000000000e-01 3.535050620855721348e+01
5.000000000000000000e-01 3.535050620855721348e+01
5.000000000000000000e-01 3.535050620855721348e+01
5.000000000000000000e-01 3.535050620855721348e+01
5.000000000000000000e-01 3.535050620855721348e+01
5.000000000000000000e-01 3.535050620855721348e+01
5.000000000000000000e-01 3.535050620855721348e+01
5.000000000000000000e-01 3.535050620855721348e+01
5.000000000000000000e-01 3.535050620855721348e+01
5.000000000000000000e-01 3.535050620855721348e+01
5.000000000000000000e-01 3.494504110044904621e+01
5.000000000000000000e-01 3.494504110044904621e+01
5.000000000000000000e-01 3.494504110044904621e+01
5.000000000000000000e-01 3.494504110044904621e+01
5.000000000000000000e-01 3.494504110044904621e+01
5.000000000000000000e-01 3.494504110044904621e+01
5.000000000000000000e-01 3.494504110044904621e+01
5.000000000000000000e-01 3.494504110044904621e+01
5.000000000000000000e-01 3.494504110044904621e+01
5.000000000000000000e-01 3.494504110044904621e+01
5.000000000000000000e-01 3.494504110044904621e+01
5.000000000000000000e-01 3.465735902799726631e+01
5.000000000000000000e-01 3.465735902799726631e+01
5.000000000000000000e-01 3.465735902799726631e+01
5.000000000000000000e-01 3.465735902799726631e+01
5.000000000000000000e-01 3.465735902799726631e+01
5.000000000000000000e-01 3.465735902799726631e+01
5.000000000000000000e-01 3.465735902799726631e+01
5.000000000000000000e-01 3.443421547668305749e+01
5.000000000000000000e-01 3.443421547668305749e+01
5.000000000000000000e-01 3.443421547668305749e+01
5.000000000000000000e-01 3.443421547668305749e+01
5.000000000000000000e-01 3.443421547668305749e+01
5.000000000000000000e-01 3.443421547668305749e+01
5.000000000000000000e-01 3.425189391988909904e+01
5.000000000000000000e-01 3.409774324006184543e+01
5.000000000000000000e-01 3.409774324006184543e+01
5.000000000000000000e-01 3.409774324006184543e+01
5.000000000000000000e-01 3.355874673932915897e+01
5.000000000000000000e-01 3.347870403165561726e+01
5.000000000000000000e-01 3.347870403165561726e+01
5.000000000000000000e-01 3.340459605950189825e+01
5.000000000000000000e-01 3.340459605950189825e+01
5.000000000000000000e-01 3.333560318801494304e+01
5.000000000000000000e-01 3.327106466687737196e+01
5.000000000000000000e-01 3.315328163122099170e+01
5.000000000000000000e-01 3.315328163122099170e+01
5.000000000000000000e-01 3.309921440995071862e+01
5.000000000000000000e-01 3.309921440995071862e+01
5.000000000000000000e-01 3.304792111556316314e+01
5.000000000000000000e-01 3.299913095139373098e+01
5.000000000000000000e-01 3.299913095139373098e+01
5.000000000000000000e-01 3.299913095139373098e+01
5.000000000000000000e-01 3.295261093575884104e+01
5.000000000000000000e-01 3.295261093575884104e+01
5.000000000000000000e-01 3.286559955876921180e+01
5.000000000000000000e-01 3.286559955876921180e+01
5.000000000000000000e-01 3.286559955876921180e+01
5.000000000000000000e-01 3.286559955876921180e+01
5.000000000000000000e-01 3.282477756424895432e+01
5.000000000000000000e-01 3.278555685109567719e+01
5.000000000000000000e-01 3.271144887894195108e+01
5.000000000000000000e-01 3.230598377083379091e+01
5.000000000000000000e-01 3.230598377083379091e+01
5.000000000000000000e-01 3.228245327342359161e+01
5.000000000000000000e-01 3.225946375519889386e+01
5.000000000000000000e-01 3.087316939407900307e+01
5.000000000000000000e-01 3.086186983882507207e+01
5.000000000000000000e-01 3.027846228633231007e+01
5.000000000000000000e-01 3.027533239332338511e+01
5.000000000000000000e-01 3.009561839993650878e+01
5.000000000000000000e-01 3.009041005482937337e+01
5.000000000000000000e-01 2.984314421507446724e+01
5.000000000000000000e-01 2.983909562654846681e+01
5.000000000000000000e-01 2.958062393219648456e+01
5.000000000000000000e-01 2.957750866487953800e+01
5.000000000000000000e-01 2.765338489127458388e+01
5.000000000000000000e-01 2.765315785074687582e+01
1.000000000000000000e+00 inf
1.000000000000000000e+00 inf
1.000000000000000000e+00 inf
1.000000000000000000e+00 inf
1.000000000000000000e+00 inf
1.000000000000000000e+00 inf
1.000000000000000000e+00 inf
1.000000000000000000e+00 inf
1.000000000000000000e+00 inf
1.000000000000000000e+00 inf
1.000000000000000000e+00 3.604365338911715355e+01
1.000000000000000000e+00 3.604365338911715355e+01
1.000000000000000000e+00 3.604365338911715355e+01
1.000000000000000000e+00 3.604365338911715355e+01
1.000000000000000000e+00 3.604365338911715355e+01
1.000000000000000000e+00 3.604365338911715355e+01
1.000000000000000000e+00 3.604365338911715355e+01
1.000000000000000000e+00 3.604365338911715355e+01
1.000000000000000000e+00 3.604365338911715355e+01
1.000000000000000000e+00 3.604365338911715355e+01
1.000000000000000000e+00 3.604365338911715355e+01
1.000000000000000000e+00 3.604365338911715355e+01
1.000000000000000000e+00 3.604365338911715355e+01
1.000000000000000000e+00 3.604365338911715355e+01
1.000000000000000000e+00 3.604365338911715355e+01
1.000000000000000000e+00 3.535050620855721348e+01
1.000000000000000000e+00 3.535050620855721348e+01
1.000000000000000000e+00 3.535050620855721348e+01
1.000000000000000000e+00 3.535050620855721348e+01
1.000000000000000000e+00 3.535050620855721348e+01
1.000000000000000000e+00 3.535050620855721348e+01
1.000000000000000000e+00 3.535050620855721348e+01
1.000000000000000000e+00 3.535050620855721348e+01
1.000000000000000000e+00 3.535050620855721348e+01
1.000000000000000000e+00 3.535050620855721348e+01
1.000000000000000000e+00 3.535050620855721348e+01
1.000000000000000000e+00 3.535050620855721348e+01
1.000000000000000000e+00 3.535050620855721348e+01
1.000000000000000000e+00 3.535050620855721348e+01
1.000000000000000000e+00 3.535050620855721348e+01
1.000000000000000000e+00 3.494504110044904621e+01
1.000000000000000000e+00 3.494504110044904621e+01
1.000000000000000000e+00 3.494504110044904621e+01
1.000000000000000000e+00 3.494504110044904621e+01
1.000000000000000000e+00 3.494504110044904621e+01
1.000000000000000000e+00 3.494504110044904621e+01
1.000000000000000000e+00 3.494504110044904621e+01
1.000000000000000000e+00 3.494504110044904621e+01
1.000000000000000000e+00 3.494504110044904621e+01
1.000000000000000000e+00 3.494504110044904621e+01
1.000000000000000000e+00 3.494504110044904621e+01
1.000000000000000000e+00 3.494504110044904621e+01
1.000000000000000000e+00 3.494504110044904621e+01
1.000000000000000000e+00 3.494504110044904621e+01
1.000000000000000000e+00 3.494504110044904621e+01
1.000000000000000000e+00 3.494504110044904621e+01
1.000000000000000000e+00 3.494504110044904621e+01
1.000000000000000000e+00 3.494504110044904621e+01
1.000000000000000000e+00 3.494504110044904621e+01
1.000000000000000000e+00 3.465735902799726631e+01
1.000000000000000000e+00 3.465735902799726631e+01
1.000000000000000000e+00 3.465735902799726631e+01
1.000000000000000000e+00 3.465735902799726631e+01
1.000000000000000000e+00 3.465735902799726631e+01
1.000000000000000000e+00 3.465735902799726631e+01
1.000000000000000000e+00 3.465735902799726631e+01
1.000000000000000000e+00 3.443421547668305749e+01
1.000000000000000000e+00 3.443421547668305749e+01
1.000000000000000000e+00 3.425189391988909904e+01
1.000000000000000000e+00 3.425189391988909904e+01
1.000000000000000000e+00 3.409774324006184543e+01
1.000000000000000000e+00 3.409774324006184543e+01
1.000000000000000000e+00 3.396421184743731914e+01
1.000000000000000000e+00 3.364575811631878821e+01
1.000000000000000000e+00 3.340459605950189825e+01
1.000000000000000000e+00 3.340459605950189825e+01
1.000000000000000000e+00 3.327106466687737196e+01
1.000000000000000000e+00 3.295261093575884104e+01
1.000000000000000000e+00 3.286559955876921180e+01
1.000000000000000000e+00 3.278555685109567719e+01
1.000000000000000000e+00 3.278555685109567719e+01
1.000000000000000000e+00 3.271144887894195108e+01
1.000000000000000000e+00 3.271144887894195108e+01
1.000000000000000000e+00 3.260966618463201172e+01
1.000000000000000000e+00 3.230598377083379091e+01
1.000000000000000000e+00 3.228245327342359161e+01
1.000000000000000000e+00 3.223699089934683570e+01
1.000000000000000000e+00 3.196611594521143829e+01
1.000000000000000000e+00 3.193277952494384309e+01
1.000000000000000000e+00 3.193277952494384309e+01
1.000000000000000000e+00 3.155501701938501569e+01
1.000000000000000000e+00 3.154384371878689208e+01
1.000000000000000000e+00 3.152186481206811663e+01
1.000000000000000000e+00 3.120737148216567647e+01
1.000000000000000000e+00 2.967546620276666403e+01
1.000000000000000000e+00 2.953339504859400577e+01
1.000000000000000000e+00 2.953190805947242836e+01
1.000000000000000000e+00 2.953190805947242836e+01
1.000000000000000000e+00 2.953190805947242836e+01
1.000000000000000000e+00 2.780326827360082120e+01
1.500000000000000000e+00 inf
1.500000000000000000e+00 inf
1.500000000000000000e+00 inf
1.500000000000000000e+00 inf
1.500000000000000000e+00 inf
1.500000000000000000e+00 inf
1.500000000000000000e+00 inf
1.500000000000000000e+00 inf
1.500000000000000000e+00 inf
1.500000000000000000e+00 inf
1.500000000000000000e+00 inf
1.500000000000000000e+00 inf
1.500000000000000000e+00 inf
1.500000000000000000e+00 inf
1.500000000000000000e+00 inf
1.500000000000000000e+00 inf
1.500000000000000000e+00 inf
1.500000000000000000e+00 inf
1.500000000000000000e+00 3.604365338911715355e+01
1.500000000000000000e+00 3.604365338911715355e+01
1.500000000000000000e+00 3.604365338911715355e+01
1.500000000000000000e+00 3.604365338911715355e+01
1.500000000000000000e+00 3.604365338911715355e+01
1.500000000000000000e+00 3.604365338911715355e+01
1.500000000000000000e+00 3.604365338911715355e+01
1.500000000000000000e+00 3.604365338911715355e+01
1.500000000000000000e+00 3.604365338911715355e+01
1.500000000000000000e+00 3.604365338911715355e+01
1.500000000000000000e+00 3.604365338911715355e+01
1.500000000000000000e+00 3.604365338911715355e+01
1.500000000000000000e+00 3.604365338911715355e+01
1.500000000000000000e+00 3.604365338911715355e+01
1.500000000000000000e+00 3.604365338911715355e+01
1.500000000000000000e+00 3.604365338911715355e+01
1.500000000000000000e+00 3.604365338911715355e+01
1.500000000000000000e+00 3.604365338911715355e+01
1.500000000000000000e+00 3.604365338911715355e+01
1.500000000000000000e+00 3.604365338911715355e+01
1.500000000000000000e+00 3.535050620855721348e+01
1.500000000000000000e+00 3.535050620855721348e+01
1.500000000000000000e+00 3.535050620855721348e+01
1.500000000000000000e+00 3.535050620855721348e+01
1.500000000000000000e+00 3.535050620855721348e+01
1.500000000000000000e+00 3.535050620855721348e+01
1.500000000000000000e+00 3.535050620855721348e+01
1.500000000000000000e+00 3.535050620855721348e+01
1.500000000000000000e+00 3.535050620855721348e+01
1.500000000000000000e+00 3.494504110044904621e+01
1.500000000000000000e+00 3.494504110044904621e+01
1.500000000000000000e+00 3.494504110044904621e+01
1.500000000000000000e+00 3.494504110044904621e+01
1.500000000000000000e+00 3.494504110044904621e+01
1.500000000000000000e+00 3.494504110044904621e+01
1.500000000000000000e+00 3.494504110044904621e+01
1.500000000000000000e+00 3.494504110044904621e+01
1.500000000000000000e+00 3.494504110044904621e+01
1.500000000000000000e+00 3.494504110044904621e+01
1.500000000000000000e+00 3.494504110044904621e+01
1.500000000000000000e+00 3.465735902799726631e+01
1.500000000000000000e+00 3.465735902799726631e+01
1.500000000000000000e+00 3.465735902799726631e+01
1.500000000000000000e+00 3.465735902799726631e+01
1.500000000000000000e+00 3.465735902799726631e+01
1.500000000000000000e+00 3.465735902799726631e+01
1.500000000000000000e+00 3.465735902799726631e+01
1.500000000000000000e+00 3.443421547668305749e+01
1.500000000000000000e+00 3.443421547668305749e+01
1.500000000000000000e+00 3.443421547668305749e+01
1.500000000000000000e+00 3.443421547668305749e+01
1.500000000000000000e+00 3.443421547668305749e+01
1.500000000000000000e+00 3.425189391988909904e+01
1.500000000000000000e+00 3.425189391988909904e+01
1.500000000000000000e+00 3.364575811631878821e+01
1.500000000000000000e+00 3.347870403165561726e+01
1.500000000000000000e+00 3.347870403165561726e+01
1.500000000000000000e+00 3.347870403165561726e+01
1.500000000000000000e+00 3.321044004506094183e+01
1.500000000000000000e+00 3.321044004506094183e+01
1.500000000000000000e+00 3.271144887894195108e+01
1.500000000000000000e+00 3.267635755913067896e+01
1.500000000000000000e+00 3.267635755913067896e+01
1.500000000000000000e+00 3.264245600745500298e+01
1.500000000000000000e+00 3.264245600745500298e+01
1.500000000000000000e+00 3.260966618463201172e+01
1.500000000000000000e+00 3.161283659027384374e+01
1.500000000000000000e+00 3.156631657463895024e+01
1.500000000000000000e+00 3.113837861067872836e+01
1.500000000000000000e+00 3.110917945598646384e+01
1.500000000000000000e+00 3.086750365654332739e+01
1.500000000000000000e+00 3.086186983882507207e+01
1.500000000000000000e+00 3.083416723627573575e+01
1.500000000000000000e+00 3.083416723627573575e+01
1.500000000000000000e+00 3.083416723627573575e+01
1.500000000000000000e+00 3.082871763150816946e+01
1.500000000000000000e+00 3.082871763150816946e+01
1.500000000000000000e+00 3.081254477226256938e+01
1.500000000000000000e+00 2.912002476097872972e+01
1.500000000000000000e+00 2.911805819200668921e+01
1.500000000000000000e+00 2.846193374899184647e+01
1.500000000000000000e+00 2.846091490020274506e+01
2.000000000000000000e+00 inf
2.000000000000000000e+00 inf
2.000000000000000000e+00 inf
2.000000000000000000e+00 inf
2.000000000000000000e+00 inf
2.000000000000000000e+00 inf
2.000000000000000000e+00 inf
2.000000000000000000e+00 inf
2.000000000000000000e+00 inf
2.000000000000000000e+00 inf
2.000000000000000000e+00 inf
2.000000000000000000e+00 inf
2.000000000000000000e+00 3.604365338911715355e+01
2.000000000000000000e+00 3.604365338911715355e+01
2.000000000000000000e+00 3.604365338911715355e+01
2.000000000000000000e+00 3.604365338911715355e+01
2.000000000000000000e+00 3.604365338911715355e+01
2.000000000000000000e+00 3.604365338911715355e+01
2.000000000000000000e+00 3.604365338911715355e+01
2.000000000000000000e+00 3.604365338911715355e+01
2.000000000000000000e+00 3.604365338911715355e+01
2.000000000000000000e+00 3.604365338911715355e+01
2.000000000000000000e+00 3.604365338911715355e+01
2.000000000000000000e+00 3.604365338911715355e+01
2.000000000000000000e+00 3.604365338911715355e+01
2.000000000000000000e+00 3.604365338911715355e+01
2.000000000000000000e+00 3.604365338911715355e+01
2.000000000000000000e+00 3.604365338911715355e+01
2.000000000000000000e+00 3.604365338911715355e+01
2.000000000000000000e+00 3.604365338911715355e+01
2.000000000000000000e+00 3.604365338911715355e+01
2.000000000000000000e+00 3.604365338911715355e+01
2.000000000000000000e+00 3.604365338911715355e+01
2.000000000000000000e+00 3.604365338911715355e+01
2.000000000000000000e+00 3.604365338911715355e+01
2.000000000000000000e+00 3.604365338911715355e+01
2.000000000000000000e+00 3.604365338911715355e+01
2.000000000000000000e+00 3.604365338911715355e+01
2.000000000000000000e+00 3.604365338911715355e+01
2.000000000000000000e+00 3.604365338911715355e+01
2.000000000000000000e+00 3.604365338911715355e+01
2.000000000000000000e+00 3.604365338911715355e+01
2.000000000000000000e+00 3.604365338911715355e+01
2.000000000000000000e+00 3.535050620855721348e+01
2.000000000000000000e+00 3.535050620855721348e+01
2.000000000000000000e+00 3.535050620855721348e+01
2.000000000000000000e+00 3.535050620855721348e+01
2.000000000000000000e+00 3.535050620855721348e+01
2.000000000000000000e+00 3.535050620855721348e+01
2.000000000000000000e+00 3.535050620855721348e+01
2.000000000000000000e+00 3.535050620855721348e+01
2.000000000000000000e+00 3.535050620855721348e+01
2.000000000000000000e+00 3.535050620855721348e+01
2.000000000000000000e+00 3.494504110044904621e+01
2.000000000000000000e+00 3.494504110044904621e+01
2.000000000000000000e+00 3.494504110044904621e+01
2.000000000000000000e+00 3.494504110044904621e+01
2.000000000000000000e+00 3.494504110044904621e+01
2.000000000000000000e+00 3.494504110044904621e+01
2.000000000000000000e+00 3.494504110044904621e+01
2.000000000000000000e+00 3.494504110044904621e+01
2.000000000000000000e+00 3.465735902799726631e+01
2.000000000000000000e+00 3.465735902799726631e+01
2.000000000000000000e+00 3.465735902799726631e+01
2.000000000000000000e+00 3.443421547668305749e+01
2.000000000000000000e+00 3.443421547668305749e+01
2.000000000000000000e+00 3.425189391988909904e+01
2.000000000000000000e+00 3.425189391988909904e+01
2.000000000000000000e+00 3.425189391988909904e+01
2.000000000000000000e+00 3.425189391988909904e+01
2.000000000000000000e+00 3.409774324006184543e+01
2.000000000000000000e+00 3.409774324006184543e+01
2.000000000000000000e+00 3.409774324006184543e+01
2.000000000000000000e+00 3.409774324006184543e+01
2.000000000000000000e+00 3.409774324006184543e+01
2.000000000000000000e+00 3.384642881178093887e+01
2.000000000000000000e+00 3.355874673932915897e+01
2.000000000000000000e+00 3.347870403165561726e+01
2.000000000000000000e+00 3.347870403165561726e+01
2.000000000000000000e+00 3.340459605950189825e+01
2.000000000000000000e+00 3.315328163122099170e+01
2.000000000000000000e+00 3.309921440995071862e+01
2.000000000000000000e+00 3.309921440995071862e+01
2.000000000000000000e+00 3.304792111556316314e+01
2.000000000000000000e+00 3.299913095139373098e+01
2.000000000000000000e+00 3.299913095139373098e+01
2.000000000000000000e+00 3.299913095139373098e+01
2.000000000000000000e+00 3.295261093575884104e+01
2.000000000000000000e+00 3.094378696129295747e+01
2.000000000000000000e+00 3.094378696129295747e+01
2.000000000000000000e+00 3.093770791521657415e+01
2.000000000000000000e+00 3.093166560076061344e+01
2.000000000000000000e+00 3.055885645562650055e+01
2.000000000000000000e+00 3.055059194577660620e+01
2.000000000000000000e+00 3.055059194577660620e+01
2.000000000000000000e+00 3.054648516382395584e+01
2.000000000000000000e+00 2.937542514069975397e+01
2.000000000000000000e+00 2.937415529925927871e+01
2.000000000000000000e+00 2.937415529925927871e+01
2.000000000000000000e+00 2.937288706827128237e+01
2.500000000000000000e+00 inf
2.500000000000000000e+00 inf
2.500000000000000000e+00 inf
2.500000000000000000e+00 inf
2.500000000000000000e+00 inf
2.500000000000000000e+00 inf
2.500000000000000000e+00 inf
2.500000000000000000e+00 inf
2.500000000000000000e+00 inf
2.500000000000000000e+00 inf
2.500000000000000000e+00 inf
2.500000000000000000e+00 inf
2.500000000000000000e+00 inf
2.500000000000000000e+00 inf
2.500000000000000000e+00 inf
2.500000000000000000e+00 inf
2.500000000000000000e+00 inf
2.500000000000000000e+00 inf
2.500000000000000000e+00 inf
2.500000000000000000e+00 inf
2.500000000000000000e+00 inf
2.500000000000000000e+00 inf
2.500000000000000000e+00 inf
2.500000000000000000e+00 inf
2.500000000000000000e+00 inf
2.500000000000000000e+00 inf
2.500000000000000000e+00 inf
2.500000000000000000e+00 inf
2.500000000000000000e+00 inf
2.500000000000000000e+00 inf
2.500000000000000000e+00 inf
2.500000000000000000e+00 inf
2.500000000000000000e+00 inf
2.500000000000000000e+00 inf
2.500000000000000000e+00 inf
2.500000000000000000e+00 inf
2.500000000000000000e+00 inf
2.500000000000000000e+00 inf
2.500000000000000000e+00 inf
2.500000000000000000e+00 inf
2.500000000000000000e+00 3.604365338911715355e+01
2.500000000000000000e+00 3.604365338911715355e+01
2.500000000000000000e+00 3.604365338911715355e+01
2.500000000000000000e+00 3.604365338911715355e+01
2.500000000000000000e+00 3.604365338911715355e+01
2.500000000000000000e+00 3.604365338911715355e+01
2.500000000000000000e+00 3.604365338911715355e+01
2.500000000000000000e+00 3.604365338911715355e+01
2.500000000000000000e+00 3.604365338911715355e+01
2.500000000000000000e+00 3.604365338911715355e+01
2.500000000000000000e+00 3.604365338911715355e+01
2.500000000000000000e+00 3.604365338911715355e+01
2.500000000000000000e+00 3.604365338911715355e+01
2.500000000000000000e+00 3.604365338911715355e+01
2.500000000000000000e+00 3.604365338911715355e+01
2.500000000000000000e+00 3.604365338911715355e+01
2.500000000000000000e+00 3.604365338911715355e+01
2.500000000000000000e+00 3.604365338911715355e+01
2.500000000000000000e+00 3.604365338911715355e+01
2.500000000000000000e+00 3.604365338911715355e+01
2.500000000000000000e+00 3.604365338911715355e+01
2.500000000000000000e+00 3.604365338911715355e+01
2.500000000000000000e+00 3.604365338911715355e+01
2.500000000000000000e+00 3.604365338911715355e+01
2.500000000000000000e+00 3.535050620855721348e+01
2.500000000000000000e+00 3.535050620855721348e+01
2.500000000000000000e+00 3.535050620855721348e+01
2.500000000000000000e+00 3.535050620855721348e+01
2.500000000000000000e+00 3.535050620855721348e+01
2.500000000000000000e+00 3.535050620855721348e+01
2.500000000000000000e+00 3.494504110044904621e+01
2.500000000000000000e+00 3.494504110044904621e+01
2.500000000000000000e+00 3.494504110044904621e+01
2.500000000000000000e+00 3.465735902799726631e+01
2.500000000000000000e+00 3.465735902799726631e+01
2.500000000000000000e+00 3.465735902799726631e+01
2.500000000000000000e+00 3.443421547668305749e+01
2.500000000000000000e+00 3.443421547668305749e+01
2.500000000000000000e+00 3.443421547668305749e+01
2.500000000000000000e+00 3.443421547668305749e+01
2.500000000000000000e+00 3.425189391988909904e+01
2.500000000000000000e+00 3.425189391988909904e+01
2.500000000000000000e+00 3.425189391988909904e+01
2.500000000000000000e+00 3.409774324006184543e+01
2.500000000000000000e+00 3.409774324006184543e+01
2.500000000000000000e+00 3.409774324006184543e+01
2.500000000000000000e+00 3.384642881178093887e+01
2.500000000000000000e+00 3.364575811631878821e+01
2.500000000000000000e+00 3.340459605950189825e+01
2.500000000000000000e+00 3.340459605950189825e+01
2.500000000000000000e+00 3.333560318801494304e+01
2.500000000000000000e+00 3.333560318801494304e+01
2.500000000000000000e+00 3.327106466687737196e+01
2.500000000000000000e+00 3.327106466687737196e+01
2.500000000000000000e+00 3.198321037857073534e+01
2.500000000000000000e+00 3.196611594521143829e+01
2.500000000000000000e+00 3.161283659027384374e+01
2.500000000000000000e+00 3.160100213262683866e+01
2.500000000000000000e+00 2.921710816556056400e+01
2.500000000000000000e+00 2.921710816556056400e+01
3.000000000000000000e+00 nan
3.000000000000000000e+00 nan
3.000000000000000000e+00 nan
3.000000000000000000e+00 nan
3.000000000000000000e+00 nan
3.000000000000000000e+00 nan
3.000000000000000000e+00 nan
3.000000000000000000e+00 nan
3.000000000000000000e+00 nan
3.000000000000000000e+00 nan
3.000000000000000000e+00 nan
3.000000000000000000e+00 nan
3.000000000000000000e+00 nan
3.000000000000000000e+00 nan
3.000000000000000000e+00 nan
3.000000000000000000e+00 nan
3.000000000000000000e+00 nan
3.000000000000000000e+00 inf
3.000000000000000000e+00 inf
3.000000000000000000e+00 inf
3.000000000000000000e+00 inf
3.000000000000000000e+00 inf
3.000000000000000000e+00 inf
3.000000000000000000e+00 inf
3.000000000000000000e+00 inf
3.000000000000000000e+00 inf
3.000000000000000000e+00 inf
3.000000000000000000e+00 inf
3.000000000000000000e+00 inf
3.000000000000000000e+00 inf
3.000000000000000000e+00 inf
3.000000000000000000e+00 inf
3.000000000000000000e+00 inf
3.000000000000000000e+00 inf
3.000000000000000000e+00 inf
3.000000000000000000e+00 inf
3.000000000000000000e+00 inf
3.000000000000000000e+00 inf
3.000000000000000000e+00 inf
3.000000000000000000e+00 inf
3.000000000000000000e+00 inf
3.000000000000000000e+00 inf
3.000000000000000000e+00 inf
3.000000000000000000e+00 inf
3.000000000000000000e+00 inf
3.000000000000000000e+00 inf
3.000000000000000000e+00 inf
3.000000000000000000e+00 inf
3.000000000000000000e+00 inf
3.000000000000000000e+00 inf
3.000000000000000000e+00 inf
3.000000000000000000e+00 inf
3.000000000000000000e+00 inf
3.000000000000000000e+00 inf
3.000000000000000000e+00 inf
3.000000000000000000e+00 inf
3.000000000000000000e+00 inf
3.000000000000000000e+00 inf
3.000000000000000000e+00 inf
3.000000000000000000e+00 inf
3.000000000000000000e+00 inf
3.000000000000000000e+00 inf
3.000000000000000000e+00 inf
3.000000000000000000e+00 inf
3.000000000000000000e+00 inf
3.000000000000000000e+00 inf
3.000000000000000000e+00 3.604365338911715355e+01
3.000000000000000000e+00 3.604365338911715355e+01
3.000000000000000000e+00 3.604365338911715355e+01
3.000000000000000000e+00 3.604365338911715355e+01
3.000000000000000000e+00 3.604365338911715355e+01
3.000000000000000000e+00 3.604365338911715355e+01
3.000000000000000000e+00 3.604365338911715355e+01
3.000000000000000000e+00 3.604365338911715355e+01
3.000000000000000000e+00 3.604365338911715355e+01
3.000000000000000000e+00 3.604365338911715355e+01
3.000000000000000000e+00 3.604365338911715355e+01
3.000000000000000000e+00 3.604365338911715355e+01
3.000000000000000000e+00 3.604365338911715355e+01
3.000000000000000000e+00 3.604365338911715355e+01
3.000000000000000000e+00 3.604365338911715355e+01
3.000000000000000000e+00 3.604365338911715355e+01
3.000000000000000000e+00 3.604365338911715355e+01
3.000000000000000000e+00 3.604365338911715355e+01
3.000000000000000000e+00 3.604365338911715355e+01
3.000000000000000000e+00 3.604365338911715355e+01
3.000000000000000000e+00 3.535050620855721348e+01
3.000000000000000000e+00 3.535050620855721348e+01
3.000000000000000000e+00 3.535050620855721348e+01
3.000000000000000000e+00 3.535050620855721348e+01
3.000000000000000000e+00 3.327106466687737196e+01
3.000000000000000000e+00 3.286559955876921180e+01
3.000000000000000000e+00 3.282477756424895432e+01
3.000000000000000000e+00 3.282477756424895432e+01
3.000000000000000000e+00 3.282477756424895432e+01
3.000000000000000000e+00 3.267635755913067896e+01
3.000000000000000000e+00 3.264245600745500298e+01
3.000000000000000000e+00 3.260966618463201172e+01
3.000000000000000000e+00 3.164920423444471709e+01
3.000000000000000000e+00 2.930668643111529903e+01
3.500000000000000000e+00 4.933833160559995434e+01
3.500000000000000000e+00 4.933833160477063728e+01
3.500000000000000000e+00 4.773262776583522538e+01
3.500000000000000000e+00 4.773262776529664819e+01
3.500000000000000000e+00 4.632095006785331748e+01
3.500000000000000000e+00 4.632095006697620931e+01
3.500000000000000000e+00 4.518363091771799134e+01
3.500000000000000000e+00 4.518363091770843454e+01
3.500000000000000000e+00 4.391727113503740298e+01
3.500000000000000000e+00 4.391727113494384582e+01
3.500000000000000000e+00 4.245813885726632719e+01
3.500000000000000000e+00 4.245813885725509351e+01
3.500000000000000000e+00 4.234966701162397840e+01
3.500000000000000000e+00 4.234966701154158386e+01
3.500000000000000000e+00 4.234966701146122858e+01
3.500000000000000000e+00 4.234966701137894773e+01
3.500000000000000000e+00 4.234083346428009520e+01
3.500000000000000000e+00 4.234083346416909421e+01
3.500000000000000000e+00 4.200808738538071196e+01
3.500000000000000000e+00 4.200808738537273967e+01
3.500000000000000000e+00 4.197875382078592565e+01
3.500000000000000000e+00 4.197875382069430117e+01
3.500000000000000000e+00 4.197875382060243510e+01
3.500000000000000000e+00 4.197875382051182669e+01
3.500000000000000000e+00 4.187278141981197876e+01
3.500000000000000000e+00 4.187278141966990574e+01
3.500000000000000000e+00 4.043674115795487012e+01
3.500000000000000000e+00 4.043674115791845480e+01
3.500000000000000000e+00 3.936081033729377765e+01
3.500000000000000000e+00 3.936081033713235655e+01
3.500000000000000000e+00 3.799598371677815578e+01
3.500000000000000000e+00 3.799598371634937877e+01
3.500000000000000000e+00 3.776829102226819401e+01
3.500000000000000000e+00 3.776829102225876511e+01
3.500000000000000000e+00 3.774831600435299350e+01
3.500000000000000000e+00 3.774831600428286293e+01
3.500000000000000000e+00 3.766165002561785968e+01
3.500000000000000000e+00 3.766165002542924611e+01
3.500000000000000000e+00 3.766165002524064676e+01
3.500000000000000000e+00 3.766165002505202608e+01
3.500000000000000000e+00 3.752561106433279292e+01
3.500000000000000000e+00 3.752561106425282844e+01
3.500000000000000000e+00 3.745634866956874731e+01
3.500000000000000000e+00 3.745634866938936369e+01
3.500000000000000000e+00 3.745634866921001560e+01
3.500000000000000000e+00 3.745634866903066040e+01
3.500000000000000000e+00 3.726086343638372256e+01
3.500000000000000000e+00 3.726086343605179252e+01
3.500000000000000000e+00 3.709067251726797565e+01
3.500000000000000000e+00 3.709067251725855385e+01
3.500000000000000000e+00 3.494080564859797988e+01
3.500000000000000000e+00 3.494080564859696381e+01
3.500000000000000000e+00 3.359338778382567625e+01
3.500000000000000000e+00 3.359338778369951939e+01
3.500000000000000000e+00 3.347531967844032152e+01
3.500000000000000000e+00 3.347531967820869170e+01
3.500000000000000000e+00 3.186104041151685351e+01
3.500000000000000000e+00 3.186104041141980758e+01
3.500000000000000000e+00 3.186056577492158581e+01
3.500000000000000000e+00 3.186056577481352647e+01
4.000000000000000000e+00 4.726752362083221470e+01
4.000000000000000000e+00 4.349187298802624468e+01
4.000000000000000000e+00 4.346349127162419279e+01
4.000000000000000000e+00 4.346349127161997927e+01
4.000000000000000000e+00 4.346349127160791426e+01
4.000000000000000000e+00 4.230471468040170180e+01
4.000000000000000000e+00 4.159451547874861888e+01
4.000000000000000000e+00 4.159451547866842702e+01
4.000000000000000000e+00 4.159451547859304554e+01
4.000000000000000000e+00 4.050655092911557631e+01
4.000000000000000000e+00 3.894398456998034419e+01
4.000000000000000000e+00 3.889547863145730844e+01
4.000000000000000000e+00 3.889264268826900661e+01
4.000000000000000000e+00 3.889264268820623016e+01
4.000000000000000000e+00 3.889264268814052627e+01
4.000000000000000000e+00 3.886790511521696345e+01
4.000000000000000000e+00 3.886790511521000013e+01
4.000000000000000000e+00 3.886790511520396763e+01
4.000000000000000000e+00 3.616016869096729636e+01
4.000000000000000000e+00 3.616016869089867924e+01
4.000000000000000000e+00 3.616016869081409624e+01
4.000000000000000000e+00 3.606826356279641033e+01
4.000000000000000000e+00 3.578780185450914075e+01
4.000000000000000000e+00 3.426743250119965722e+01
4.000000000000000000e+00 3.424003595051879500e+01
4.000000000000000000e+00 3.424003595049958193e+01
4.000000000000000000e+00 3.424003595047539505e+01
4.000000000000000000e+00 3.116430865337341061e+01
4.500000000000000000e+00 4.028323772933397606e+01
4.500000000000000000e+00 4.028323772879591758e+01
4.500000000000000000e+00 4.007793637331265302e+01
4.500000000000000000e+00 4.007793637274677678e+01
4.500000000000000000e+00 3.576083257785275293e+01
4.500000000000000000e+00 3.576083257757876055e+01
4.500000000000000000e+00 3.538991938698640638e+01
4.500000000000000000e+00 3.538991938674022464e+01
5.000000000000000000e+00 3.688616983415455053e+01
