-5.000000000000000000e+00 3.688616983415455053e+01
-4.500000000000000000e+00 4.028323773016531817e+01
-4.500000000000000000e+00 4.028323773009531550e+01
-4.500000000000000000e+00 4.007793637194878755e+01
-4.500000000000000000e+00 4.007793637187732116e+01
-4.500000000000000000e+00 3.576083257824900841e+01
-4.500000000000000000e+00 3.576083257822538286e+01
-4.500000000000000000e+00 3.538991938640426582e+01
-4.500000000000000000e+00 3.538991938638212531e+01
-4.000000000000000000e+00 4.726752362147156106e+01
-4.000000000000000000e+00 4.349187298822316450e+01
-4.000000000000000000e+00 4.346349127157958492e+01
-4.000000000000000000e+00 4.346349127157798620e+01
-4.000000000000000000e+00 4.346349127157618142e+01
-4.000000000000000000e+00 4.230471468016802561e+01
-4.000000000000000000e+00 4.159451547872630073e+01
-4.000000000000000000e+00 4.159451547867916332e+01
-4.000000000000000000e+00 4.159451547862976639e+01
-4.000000000000000000e+00 4.050655092895791398e+01
-4.000000000000000000e+00 3.894398457023959281e+01
-4.000000000000000000e+00 3.889547863145219253e+01
-4.000000000000000000e+00 3.889264268846150685e+01
-4.000000000000000000e+00 3.889264268845369088e+01
-4.000000000000000000e+00 3.889264268844743810e+01
-4.000000000000000000e+00 3.886790511523854263e+01
-4.000000000000000000e+00 3.886790511523766867e+01
-4.000000000000000000e+00 3.886790511523630443e+01
-4.000000000000000000e+00 3.616016869062634242e+01
-4.000000000000000000e+00 3.616016869056096539e+01
-4.000000000000000000e+00 3.616016869052570826e+01
-4.000000000000000000e+00 3.606826356283377066e+01
-4.000000000000000000e+00 3.578780185447306650e+01
-4.000000000000000000e+00 3.426743250107757888e+01
-4.000000000000000000e+00 3.424003595057551053e+01
-4.000000000000000000e+00 3.424003595057445892e+01
-4.000000000000000000e+00 3.424003595057346416e+01
-4.000000000000000000e+00 3.116430865342508127e+01
-3.500000000000000000e+00 4.933833160706475240e+01
-3.500000000000000000e+00 4.933833160682510766e+01
-3.500000000000000000e+00 4.773262776577818300e+01
-3.500000000000000000e+00 4.773262776571474575e+01
-3.500000000000000000e+00 4.632095006833448991e+01
-3.500000000000000000e+00 4.632095006830389394e+01
-3.500000000000000000e+00 4.518363091781022689e+01
-3.500000000000000000e+00 4.518363091778462604e+01
-3.500000000000000000e+00 4.391727113470623323e+01
-3.500000000000000000e+00 4.391727113464467180e+01
-3.500000000000000000e+00 4.245813885792433240e+01
-3.500000000000000000e+00 4.245813885791792330e+01
-3.500000000000000000e+00 4.234966701198256089e+01
-3.500000000000000000e+00 4.234966701197543415e+01
-3.500000000000000000e+00 4.234966701196755423e+01
-3.500000000000000000e+00 4.234966701195871508e+01
-3.500000000000000000e+00 4.234083346603566156e+01
-3.500000000000000000e+00 4.234083346603201647e+01
-3.500000000000000000e+00 4.200808738371356554e+01
-3.500000000000000000e+00 4.200808738370921702e+01
-3.500000000000000000e+00 4.197875382013793910e+01
-3.500000000000000000e+00 4.197875382013122447e+01
-3.500000000000000000e+00 4.197875382012301770e+01
-3.500000000000000000e+00 4.197875382011564938e+01
-3.500000000000000000e+00 4.187278141912265284e+01
-3.500000000000000000e+00 4.187278141909941809e+01
-3.500000000000000000e+00 4.043674115813574588e+01
-3.500000000000000000e+00 4.043674115813150394e+01
-3.500000000000000000e+00 3.936081033722727085e+01
-3.500000000000000000e+00 3.936081033718046029e+01
-3.500000000000000000e+00 3.799598371683622133e+01
-3.500000000000000000e+00 3.799598371678172981e+01
-3.500000000000000000e+00 3.776829102226820112e+01
-3.500000000000000000e+00 3.776829102225874379e+01
-3.500000000000000000e+00 3.774831600431386391e+01
-3.500000000000000000e+00 3.774831600430951539e+01
-3.500000000000000000e+00 3.766165002648732241e+01
-3.500000000000000000e+00 3.766165002646351212e+01
-3.500000000000000000e+00 3.766165002643968762e+01
-3.500000000000000000e+00 3.766165002641584891e+01
-3.500000000000000000e+00 3.752561106514492195e+01
-3.500000000000000000e+00 3.752561106514025369e+01
-3.500000000000000000e+00 3.745634866826932807e+01
-3.500000000000000000e+00 3.745634866824599385e+01
-3.500000000000000000e+00 3.745634866822265963e+01
-3.500000000000000000e+00 3.745634866819929698e+01
-3.500000000000000000e+00 3.726086343525673783e+01
-3.500000000000000000e+00 3.726086343521597399e+01
-3.500000000000000000e+00 3.709067251726797565e+01
-3.500000000000000000e+00 3.709067251725856096e+01
-3.500000000000000000e+00 3.494080564851983439e+01
-3.500000000000000000e+00 3.494080564849547699e+01
-3.500000000000000000e+00 3.359338778388756452e+01
-3.500000000000000000e+00 3.359338778383973079e+01
-3.500000000000000000e+00 3.347531967820027887e+01
-3.500000000000000000e+00 3.347531967818443377e+01
-3.500000000000000000e+00 3.186104041123503094e+01
-3.500000000000000000e+00 3.186104041122045416e+01
-3.500000000000000000e+00 3.186056577514099430e+01
-3.500000000000000000e+00 3.186056577510299448e+01
-3.000000000000000000e+00 nan
-3.000000000000000000e+00 nan
-3.000000000000000000e+00 nan
-3.000000000000000000e+00 nan
-3.000000000000000000e+00 nan
-3.000000000000000000e+00 nan
-3.000000000000000000e+00 nan
-3.000000000000000000e+00 nan
-3.000000000000000000e+00 nan
-3.000000000000000000e+00 nan
-3.000000000000000000e+00 nan
-3.000000000000000000e+00 inf
-3.000000000000000000e+00 inf
-3.000000000000000000e+00 inf
-3.000000000000000000e+00 inf
-3.000000000000000000e+00 inf
-3.000000000000000000e+00 inf
-3.000000000000000000e+00 inf
-3.000000000000000000e+00 inf
-3.000000000000000000e+00 inf
-3.000000000000000000e+00 inf
-3.000000000000000000e+00 inf
-3.000000000000000000e+00 inf
-3.000000000000000000e+00 inf
-3.000000000000000000e+00 inf
-3.000000000000000000e+00 inf
-3.000000000000000000e+00 inf
-3.000000000000000000e+00 inf
-3.000000000000000000e+00 inf
-3.000000000000000000e+00 inf
-3.000000000000000000e+00 inf
-3.000000000000000000e+00 inf
-3.000000000000000000e+00 inf
-3.000000000000000000e+00 inf
-3.000000000000000000e+00 inf
-3.000000000000000000e+00 inf
-3.000000000000000000e+00 inf
-3.000000000000000000e+00 inf
-3.000000000000000000e+00 inf
-3.000000000000000000e+00 inf
-3.000000000000000000e+00 inf
-3.000000000000000000e+00 inf
-3.000000000000000000e+00 inf
-3.000000000000000000e+00 inf
-3.000000000000000000e+00 inf
-3.000000000000000000e+00 inf
-3.000000000000000000e+00 inf
-3.000000000000000000e+00 inf
-3.000000000000000000e+00 inf
-3.000000000000000000e+00 inf
-3.000000000000000000e+00 inf
-3.000000000000000000e+00 inf
-3.000000000000000000e+00 inf
-3.000000000000000000e+00 inf
-3.000000000000000000e+00 inf
-3.000000000000000000e+00 inf
-3.000000000000000000e+00 inf
-3.000000000000000000e+00 inf
-3.000000000000000000e+00 inf
-3.000000000000000000e+00 inf
-3.000000000000000000e+00 inf
-3.000000000000000000e+00 inf
-3.000000000000000000e+00 inf
-3.000000000000000000e+00 inf
-3.000000000000000000e+00 inf
-3.000000000000000000e+00 inf
-3.000000000000000000e+00 inf
-3.000000000000000000e+00 inf
-3.000000000000000000e+00 inf
-3.000000000000000000e+00 inf
-3.000000000000000000e+00 inf
-3.000000000000000000e+00 inf
-3.000000000000000000e+00 3.604365338911715355e+01
-3.000000000000000000e+00 3.604365338911715355e+01
-3.000000000000000000e+00 3.604365338911715355e+01
-3.000000000000000000e+00 3.604365338911715355e+01
-3.000000000000000000e+00 3.604365338911715355e+01
-3.000000000000000000e+00 3.604365338911715355e+01
-3.000000000000000000e+00 3.604365338911715355e+01
-3.000000000000000000e+00 3.604365338911715355e+01
-3.000000000000000000e+00 3.604365338911715355e+01
-3.000000000000000000e+00 3.604365338911715355e+01
-3.000000000000000000e+00 3.604365338911715355e+01
-3.000000000000000000e+00 3.604365338911715355e+01
-3.000000000000000000e+00 3.604365338911715355e+01
-3.000000000000000000e+00 3.604365338911715355e+01
-3.000000000000000000e+00 3.604365338911715355e+01
-3.000000000000000000e+00 3.535050620855721348e+01
-3.000000000000000000e+00 3.494504110044904621e+01
-3.000000000000000000e+00 3.465735902799726631e+01
-3.000000000000000000e+00 3.327106466687737196e+01
-3.000000000000000000e+00 3.286559955876921180e+01
-3.000000000000000000e+00 3.286559955876921180e+01
-3.000000000000000000e+00 3.286559955876921180e+01
-3.000000000000000000e+00 3.278555685109567719e+01
-3.000000000000000000e+00 3.264245600745500298e+01
-3.000000000000000000e+00 3.264245600745500298e+01
-3.000000000000000000e+00 3.260966618463201172e+01
-3.000000000000000000e+00 3.164920423444471709e+01
-3.000000000000000000e+00 2.930550089452119877e+01
-2.500000000000000000e+00 inf
-2.500000000000000000e+00 inf
-2.500000000000000000e+00 inf
-2.500000000000000000e+00 inf
-2.500000000000000000e+00 inf
-2.500000000000000000e+00 inf
-2.500000000000000000e+00 inf
-2.500000000000000000e+00 inf
-2.500000000000000000e+00 inf
-2.500000000000000000e+00 inf
-2.500000000000000000e+00 inf
-2.500000000000000000e+00 inf
-2.500000000000000000e+00 inf
-2.500000000000000000e+00 inf
-2.500000000000000000e+00 inf
-2.500000000000000000e+00 inf
-2.500000000000000000e+00 inf
-2.500000000000000000e+00 inf
-2.500000000000000000e+00 inf
-2.500000000000000000e+00 inf
-2.500000000000000000e+00 inf
-2.500000000000000000e+00 inf
-2.500000000000000000e+00 inf
-2.500000000000000000e+00 inf
-2.500000000000000000e+00 inf
-2.500000000000000000e+00 inf
-2.500000000000000000e+00 inf
-2.500000000000000000e+00 inf
-2.500000000000000000e+00 inf
-2.500000000000000000e+00 inf
-2.500000000000000000e+00 inf
-2.500000000000000000e+00 inf
-2.500000000000000000e+00 inf
-2.500000000000000000e+00 inf
-2.500000000000000000e+00 inf
-2.500000000000000000e+00 inf
-2.500000000000000000e+00 3.604365338911715355e+01
-2.500000000000000000e+00 3.604365338911715355e+01
-2.500000000000000000e+00 3.604365338911715355e+01
-2.500000000000000000e+00 3.604365338911715355e+01
-2.500000000000000000e+00 3.604365338911715355e+01
-2.500000000000000000e+00 3.604365338911715355e+01
-2.500000000000000000e+00 3.604365338911715355e+01
-2.500000000000000000e+00 3.604365338911715355e+01
-2.500000000000000000e+00 3.604365338911715355e+01
-2.500000000000000000e+00 3.604365338911715355e+01
-2.500000000000000000e+00 3.604365338911715355e+01
-2.500000000000000000e+00 3.604365338911715355e+01
-2.500000000000000000e+00 3.604365338911715355e+01
-2.500000000000000000e+00 3.604365338911715355e+01
-2.500000000000000000e+00 3.604365338911715355e+01
-2.500000000000000000e+00 3.604365338911715355e+01
-2.500000000000000000e+00 3.604365338911715355e+01
-2.500000000000000000e+00 3.604365338911715355e+01
-2.500000000000000000e+00 3.604365338911715355e+01
-2.500000000000000000e+00 3.604365338911715355e+01
-2.500000000000000000e+00 3.604365338911715355e+01
-2.500000000000000000e+00 3.604365338911715355e+01
-2.500000000000000000e+00 3.604365338911715355e+01
-2.500000000000000000e+00 3.604365338911715355e+01
-2.500000000000000000e+00 3.604365338911715355e+01
-2.500000000000000000e+00 3.604365338911715355e+01
-2.500000000000000000e+00 3.604365338911715355e+01
-2.500000000000000000e+00 3.604365338911715355e+01
-2.500000000000000000e+00 3.535050620855721348e+01
-2.500000000000000000e+00 3.535050620855721348e+01
-2.500000000000000000e+00 3.535050620855721348e+01
-2.500000000000000000e+00 3.535050620855721348e+01
-2.500000000000000000e+00 3.535050620855721348e+01
-2.500000000000000000e+00 3.494504110044904621e+01
-2.500000000000000000e+00 3.494504110044904621e+01
-2.500000000000000000e+00 3.494504110044904621e+01
-2.500000000000000000e+00 3.465735902799726631e+01
-2.500000000000000000e+00 3.465735902799726631e+01
-2.500000000000000000e+00 3.465735902799726631e+01
-2.500000000000000000e+00 3.465735902799726631e+01
-2.500000000000000000e+00 3.465735902799726631e+01
-2.500000000000000000e+00 3.443421547668305749e+01
-2.500000000000000000e+00 3.443421547668305749e+01
-2.500000000000000000e+00 3.425189391988909904e+01
-2.500000000000000000e+00 3.425189391988909904e+01
-2.500000000000000000e+00 3.425189391988909904e+01
-2.500000000000000000e+00 3.425189391988909904e+01
-2.500000000000000000e+00 3.425189391988909904e+01
-2.500000000000000000e+00 3.409774324006184543e+01
-2.500000000000000000e+00 3.409774324006184543e+01
-2.500000000000000000e+00 3.374106829612311031e+01
-2.500000000000000000e+00 3.355874673932915897e+01
-2.500000000000000000e+00 3.340459605950189825e+01
-2.500000000000000000e+00 3.333560318801494304e+01
-2.500000000000000000e+00 3.333560318801494304e+01
-2.500000000000000000e+00 3.327106466687737196e+01
-2.500000000000000000e+00 3.321044004506094183e+01
-2.500000000000000000e+00 3.321044004506094183e+01
-2.500000000000000000e+00 3.196611594521143829e+01
-2.500000000000000000e+00 3.194930882689505580e+01
-2.500000000000000000e+00 3.162481278132055706e+01
-2.500000000000000000e+00 3.161283659027384374e+01
-2.500000000000000000e+00 2.921602415461430269e+01
-2.500000000000000000e+00 2.921494131747547129e+01
-2.000000000000000000e+00 inf
-2.000000000000000000e+00 inf
-2.000000000000000000e+00 inf
-2.000000000000000000e+00 inf
-2.000000000000000000e+00 inf
-2.000000000000000000e+00 inf
-2.000000000000000000e+00 inf
-2.000000000000000000e+00 inf
-2.000000000000000000e+00 inf
-2.000000000000000000e+00 3.604365338911715355e+01
-2.000000000000000000e+00 3.604365338911715355e+01
-2.000000000000000000e+00 3.604365338911715355e+01
-2.000000000000000000e+00 3.604365338911715355e+01
-2.000000000000000000e+00 3.604365338911715355e+01
-2.000000000000000000e+00 3.604365338911715355e+01
-2.000000000000000000e+00 3.604365338911715355e+01
-2.000000000000000000e+00 3.604365338911715355e+01
-2.000000000000000000e+00 3.604365338911715355e+01
-2.000000000000000000e+00 3.604365338911715355e+01
-2.000000000000000000e+00 3.604365338911715355e+01
-2.000000000000000000e+00 3.604365338911715355e+01
-2.000000000000000000e+00 3.604365338911715355e+01
-2.000000000000000000e+00 3.604365338911715355e+01
-2.000000000000000000e+00 3.604365338911715355e+01
-2.000000000000000000e+00 3.604365338911715355e+01
-2.000000000000000000e+00 3.604365338911715355e+01
-2.000000000000000000e+00 3.604365338911715355e+01
-2.000000000000000000e+00 3.604365338911715355e+01
-2.000000000000000000e+00 3.604365338911715355e+01
-2.000000000000000000e+00 3.604365338911715355e+01
-2.000000000000000000e+00 3.604365338911715355e+01
-2.000000000000000000e+00 3.604365338911715355e+01
-2.000000000000000000e+00 3.604365338911715355e+01
-2.000000000000000000e+00 3.604365338911715355e+01
-2.000000000000000000e+00 3.604365338911715355e+01
-2.000000000000000000e+00 3.604365338911715355e+01
-2.000000000000000000e+00 3.604365338911715355e+01
-2.000000000000000000e+00 3.604365338911715355e+01
-2.000000000000000000e+00 3.604365338911715355e+01
-2.000000000000000000e+00 3.604365338911715355e+01
-2.000000000000000000e+00 3.604365338911715355e+01
-2.000000000000000000e+00 3.604365338911715355e+01
-2.000000000000000000e+00 3.604365338911715355e+01
-2.000000000000000000e+00 3.535050620855721348e+01
-2.000000000000000000e+00 3.535050620855721348e+01
-2.000000000000000000e+00 3.535050620855721348e+01
-2.000000000000000000e+00 3.535050620855721348e+01
-2.000000000000000000e+00 3.535050620855721348e+01
-2.000000000000000000e+00 3.535050620855721348e+01
-2.000000000000000000e+00 3.535050620855721348e+01
-2.000000000000000000e+00 3.535050620855721348e+01
-2.000000000000000000e+00 3.535050620855721348e+01
-2.000000000000000000e+00 3.535050620855721348e+01
-2.000000000000000000e+00 3.494504110044904621e+01
-2.000000000000000000e+00 3.494504110044904621e+01
-2.000000000000000000e+00 3.494504110044904621e+01
-2.000000000000000000e+00 3.494504110044904621e+01
-2.000000000000000000e+00 3.494504110044904621e+01
-2.000000000000000000e+00 3.465735902799726631e+01
-2.000000000000000000e+00 3.465735902799726631e+01
-2.000000000000000000e+00 3.465735902799726631e+01
-2.000000000000000000e+00 3.465735902799726631e+01
-2.000000000000000000e+00 3.465735902799726631e+01
-2.000000000000000000e+00 3.465735902799726631e+01
-2.000000000000000000e+00 3.465735902799726631e+01
-2.000000000000000000e+00 3.443421547668305749e+01
-2.000000000000000000e+00 3.443421547668305749e+01
-2.000000000000000000e+00 3.425189391988909904e+01
-2.000000000000000000e+00 3.425189391988909904e+01
-2.000000000000000000e+00 3.425189391988909904e+01
-2.000000000000000000e+00 3.425189391988909904e+01
-2.000000000000000000e+00 3.425189391988909904e+01
-2.000000000000000000e+00 3.409774324006184543e+01
-2.000000000000000000e+00 3.409774324006184543e+01
-2.000000000000000000e+00 3.409774324006184543e+01
-2.000000000000000000e+00 3.396421184743731914e+01
-2.000000000000000000e+00 3.355874673932915897e+01
-2.000000000000000000e+00 3.347870403165561726e+01
-2.000000000000000000e+00 3.347870403165561726e+01
-2.000000000000000000e+00 3.347870403165561726e+01
-2.000000000000000000e+00 3.309921440995071862e+01
-2.000000000000000000e+00 3.309921440995071862e+01
-2.000000000000000000e+00 3.309921440995071862e+01
-2.000000000000000000e+00 3.304792111556316314e+01
-2.000000000000000000e+00 3.299913095139373098e+01
-2.000000000000000000e+00 3.295261093575884104e+01
-2.000000000000000000e+00 3.295261093575884104e+01
-2.000000000000000000e+00 3.295261093575884104e+01
-2.000000000000000000e+00 3.093770791521657415e+01
-2.000000000000000000e+00 3.093770791521657415e+01
-2.000000000000000000e+00 3.093166560076061344e+01
-2.000000000000000000e+00 3.093166560076061344e+01
-2.000000000000000000e+00 3.055885645562650055e+01
-2.000000000000000000e+00 3.054648516382395584e+01
-2.000000000000000000e+00 3.054648516382395584e+01
-2.000000000000000000e+00 3.054648516382395584e+01
-2.000000000000000000e+00 2.937669659668794964e+01
-2.000000000000000000e+00 2.937669659668794964e+01
-2.000000000000000000e+00 2.937415529925927871e+01
-2.000000000000000000e+00 2.937415529925927871e+01
-1.500000000000000000e+00 inf
-1.500000000000000000e+00 inf
-1.500000000000000000e+00 inf
-1.500000000000000000e+00 inf
-1.500000000000000000e+00 inf
-1.500000000000000000e+00 3.604365338911715355e+01
-1.500000000000000000e+00 3.604365338911715355e+01
-1.500000000000000000e+00 3.604365338911715355e+01
-1.500000000000000000e+00 3.604365338911715355e+01
-1.500000000000000000e+00 3.604365338911715355e+01
-1.500000000000000000e+00 3.604365338911715355e+01
-1.500000000000000000e+00 3.604365338911715355e+01
-1.500000000000000000e+00 3.604365338911715355e+01
-1.500000000000000000e+00 3.604365338911715355e+01
-1.500000000000000000e+00 3.604365338911715355e+01
-1.500000000000000000e+00 3.604365338911715355e+01
-1.500000000000000000e+00 3.604365338911715355e+01
-1.500000000000000000e+00 3.604365338911715355e+01
-1.500000000000000000e+00 3.604365338911715355e+01
-1.500000000000000000e+00 3.604365338911715355e+01
-1.500000000000000000e+00 3.604365338911715355e+01
-1.500000000000000000e+00 3.604365338911715355e+01
-1.500000000000000000e+00 3.604365338911715355e+01
-1.500000000000000000e+00 3.604365338911715355e+01
-1.500000000000000000e+00 3.604365338911715355e+01
-1.500000000000000000e+00 3.604365338911715355e+01
-1.500000000000000000e+00 3.604365338911715355e+01
-1.500000000000000000e+00 3.604365338911715355e+01
-1.500000000000000000e+00 3.604365338911715355e+01
-1.500000000000000000e+00 3.604365338911715355e+01
-1.500000000000000000e+00 3.604365338911715355e+01
-1.500000000000000000e+00 3.604365338911715355e+01
-1.500000000000000000e+00 3.604365338911715355e+01
-1.500000000000000000e+00 3.604365338911715355e+01
-1.500000000000000000e+00 3.604365338911715355e+01
-1.500000000000000000e+00 3.604365338911715355e+01
-1.500000000000000000e+00 3.535050620855721348e+01
-1.500000000000000000e+00 3.535050620855721348e+01
-1.500000000000000000e+00 3.535050620855721348e+01
-1.500000000000000000e+00 3.535050620855721348e+01
-1.500000000000000000e+00 3.535050620855721348e+01
-1.500000000000000000e+00 3.535050620855721348e+01
-1.500000000000000000e+00 3.535050620855721348e+01
-1.500000000000000000e+00 3.535050620855721348e+01
-1.500000000000000000e+00 3.535050620855721348e+01
-1.500000000000000000e+00 3.535050620855721348e+01
-1.500000000000000000e+00 3.535050620855721348e+01
-1.500000000000000000e+00 3.535050620855721348e+01
-1.500000000000000000e+00 3.535050620855721348e+01
-1.500000000000000000e+00 3.535050620855721348e+01
-1.500000000000000000e+00 3.535050620855721348e+01
-1.500000000000000000e+00 3.535050620855721348e+01
-1.500000000000000000e+00 3.535050620855721348e+01
-1.500000000000000000e+00 3.535050620855721348e+01
-1.500000000000000000e+00 3.535050620855721348e+01
-1.500000000000000000e+00 3.535050620855721348e+01
-1.500000000000000000e+00 3.535050620855721348e+01
-1.500000000000000000e+00 3.494504110044904621e+01
-1.500000000000000000e+00 3.494504110044904621e+01
-1.500000000000000000e+00 3.494504110044904621e+01
-1.500000000000000000e+00 3.494504110044904621e+01
-1.500000000000000000e+00 3.494504110044904621e+01
-1.500000000000000000e+00 3.465735902799726631e+01
-1.500000000000000000e+00 3.465735902799726631e+01
-1.500000000000000000e+00 3.465735902799726631e+01
-1.500000000000000000e+00 3.465735902799726631e+01
-1.500000000000000000e+00 3.465735902799726631e+01
-1.500000000000000000e+00 3.465735902799726631e+01
-1.500000000000000000e+00 3.443421547668305749e+01
-1.500000000000000000e+00 3.443421547668305749e+01
-1.500000000000000000e+00 3.443421547668305749e+01
-1.500000000000000000e+00 3.425189391988909904e+01
-1.500000000000000000e+00 3.374106829612311031e+01
-1.500000000000000000e+00 3.355874673932915897e+01
-1.500000000000000000e+00 3.347870403165561726e+01
-1.500000000000000000e+00 3.347870403165561726e+01
-1.500000000000000000e+00 3.321044004506094183e+01
-1.500000000000000000e+00 3.309921440995071862e+01
-1.500000000000000000e+00 3.271144887894195108e+01
-1.500000000000000000e+00 3.267635755913067896e+01
-1.500000000000000000e+00 3.264245600745500298e+01
-1.500000000000000000e+00 3.264245600745500298e+01
-1.500000000000000000e+00 3.264245600745500298e+01
-1.500000000000000000e+00 3.257791748631743189e+01
-1.500000000000000000e+00 3.163693414185290465e+01
-1.500000000000000000e+00 3.158930609286364799e+01
-1.500000000000000000e+00 3.111639970395995292e+01
-1.500000000000000000e+00 3.110201096650785146e+01
-1.500000000000000000e+00 3.087316939407900307e+01
-1.500000000000000000e+00 3.086750365654332739e+01
-1.500000000000000000e+00 3.083416723627573575e+01
-1.500000000000000000e+00 3.083416723627573575e+01
-1.500000000000000000e+00 3.083416723627573575e+01
-1.500000000000000000e+00 3.083416723627573575e+01
-1.500000000000000000e+00 3.082871763150816946e+01
-1.500000000000000000e+00 3.082329756403883181e+01
-1.500000000000000000e+00 2.912002476097872972e+01
-1.500000000000000000e+00 2.912002476097872972e+01
-1.500000000000000000e+00 2.846091490020274506e+01
-1.500000000000000000e+00 2.846040586481379364e+01
-1.000000000000000000e+00 inf
-1.000000000000000000e+00 inf
-1.000000000000000000e+00 inf
-1.000000000000000000e+00 inf
-1.000000000000000000e+00 inf
-1.000000000000000000e+00 inf
-1.000000000000000000e+00 inf
-1.000000000000000000e+00 inf
-1.000000000000000000e+00 3.604365338911715355e+01
-1.000000000000000000e+00 3.604365338911715355e+01
-1.000000000000000000e+00 3.604365338911715355e+01
-1.000000000000000000e+00 3.604365338911715355e+01
-1.000000000000000000e+00 3.604365338911715355e+01
-1.000000000000000000e+00 3.604365338911715355e+01
-1.000000000000000000e+00 3.604365338911715355e+01
-1.000000000000000000e+00 3.604365338911715355e+01
-1.000000000000000000e+00 3.604365338911715355e+01
-1.000000000000000000e+00 3.604365338911715355e+01
-1.000000000000000000e+00 3.604365338911715355e+01
-1.000000000000000000e+00 3.604365338911715355e+01
-1.000000000000000000e+00 3.604365338911715355e+01
-1.000000000000000000e+00 3.604365338911715355e+01
-1.000000000000000000e+00 3.604365338911715355e+01
-1.000000000000000000e+00 3.604365338911715355e+01
-1.000000000000000000e+00 3.604365338911715355e+01
-1.000000000000000000e+00 3.604365338911715355e+01
-1.000000000000000000e+00 3.604365338911715355e+01
-1.000000000000000000e+00 3.604365338911715355e+01
-1.000000000000000000e+00 3.604365338911715355e+01
-1.000000000000000000e+00 3.604365338911715355e+01
-1.000000000000000000e+00 3.604365338911715355e+01
-1.000000000000000000e+00 3.604365338911715355e+01
-1.000000000000000000e+00 3.604365338911715355e+01
-1.000000000000000000e+00 3.604365338911715355e+01
-1.000000000000000000e+00 3.604365338911715355e+01
-1.000000000000000000e+00 3.535050620855721348e+01
-1.000000000000000000e+00 3.535050620855721348e+01
-1.000000000000000000e+00 3.535050620855721348e+01
-1.000000000000000000e+00 3.535050620855721348e+01
-1.000000000000000000e+00 3.535050620855721348e+01
-1.000000000000000000e+00 3.535050620855721348e+01
-1.000000000000000000e+00 3.535050620855721348e+01
-1.000000000000000000e+00 3.535050620855721348e+01
-1.000000000000000000e+00 3.535050620855721348e+01
-1.000000000000000000e+00 3.535050620855721348e+01
-1.000000000000000000e+00 3.535050620855721348e+01
-1.000000000000000000e+00 3.535050620855721348e+01
-1.000000000000000000e+00 3.535050620855721348e+01
-1.000000000000000000e+00 3.535050620855721348e+01
-1.000000000000000000e+00 3.535050620855721348e+01
-1.000000000000000000e+00 3.494504110044904621e+01
-1.000000000000000000e+00 3.494504110044904621e+01
-1.000000000000000000e+00 3.494504110044904621e+01
-1.000000000000000000e+00 3.494504110044904621e+01
-1.000000000000000000e+00 3.494504110044904621e+01
-1.000000000000000000e+00 3.494504110044904621e+01
-1.000000000000000000e+00 3.494504110044904621e+01
-1.000000000000000000e+00 3.494504110044904621e+01
-1.000000000000000000e+00 3.494504110044904621e+01
-1.000000000000000000e+00 3.494504110044904621e+01
-1.000000000000000000e+00 3.494504110044904621e+01
-1.000000000000000000e+00 3.465735902799726631e+01
-1.000000000000000000e+00 3.465735902799726631e+01
-1.000000000000000000e+00 3.465735902799726631e+01
-1.000000000000000000e+00 3.465735902799726631e+01
-1.000000000000000000e+00 3.443421547668305749e+01
-1.000000000000000000e+00 3.425189391988909904e+01
-1.000000000000000000e+00 3.425189391988909904e+01
-1.000000000000000000e+00 3.425189391988909904e+01
-1.000000000000000000e+00 3.425189391988909904e+01
-1.000000000000000000e+00 3.409774324006184543e+01
-1.000000000000000000e+00 3.409774324006184543e+01
-1.000000000000000000e+00 3.396421184743731914e+01
-1.000000000000000000e+00 3.347870403165561726e+01
-1.000000000000000000e+00 3.347870403165561726e+01
-1.000000000000000000e+00 3.347870403165561726e+01
-1.000000000000000000e+00 3.340459605950189825e+01
-1.000000000000000000e+00 3.304792111556316314e+01
-1.000000000000000000e+00 3.286559955876921180e+01
-1.000000000000000000e+00 3.278555685109567719e+01
-1.000000000000000000e+00 3.274781652311282443e+01
-1.000000000000000000e+00 3.274781652311282443e+01
-1.000000000000000000e+00 3.271144887894195108e+01
-1.000000000000000000e+00 3.264245600745500298e+01
-1.000000000000000000e+00 3.225946375519889386e+01
-1.000000000000000000e+00 3.225946375519889386e+01
-1.000000000000000000e+00 3.223699089934683570e+01
-1.000000000000000000e+00 3.194930882689505580e+01
-1.000000000000000000e+00 3.193277952494384309e+01
-1.000000000000000000e+00 3.191651900407206455e+01
-1.000000000000000000e+00 3.153279388260030558e+01
-1.000000000000000000e+00 3.153279388260030558e+01
-1.000000000000000000e+00 3.152186481206811663e+01
-1.000000000000000000e+00 3.123146903374473737e+01
-1.000000000000000000e+00 2.967546620276666403e+01
-1.000000000000000000e+00 2.953637567673214548e+01
-1.000000000000000000e+00 2.953339504859400577e+01
-1.000000000000000000e+00 2.953339504859400577e+01
-1.000000000000000000e+00 2.952894069824462520e+01
-1.000000000000000000e+00 2.780300452574224224e+01
-5.000000000000000000e-01 inf
-5.000000000000000000e-01 inf
-5.000000000000000000e-01 inf
-5.000000000000000000e-01 3.604365338911715355e+01
-5.000000000000000000e-01 3.604365338911715355e+01
-5.000000000000000000e-01 3.604365338911715355e+01
-5.000000000000000000e-01 3.604365338911715355e+01
-5.000000000000000000e-01 3.604365338911715355e+01
-5.000000000000000000e-01 3.604365338911715355e+01
-5.000000000000000000e-01 3.604365338911715355e+01
-5.000000000000000000e-01 3.604365338911715355e+01
-5.000000000000000000e-01 3.604365338911715355e+01
-5.000000000000000000e-01 3.604365338911715355e+01
-5.000000000000000000e-01 3.604365338911715355e+01
-5.000000000000000000e-01 3.604365338911715355e+01
-5.000000000000000000e-01 3.535050620855721348e+01
-5.000000000000000000e-01 3.535050620855721348e+01
-5.000000000000000000e-01 3.535050620855721348e+01
-5.000000000000000000e-01 3.535050620855721348e+01
-5.000000000000000000e-01 3.535050620855721348e+01
-5.000000000000000000e-01 3.535050620855721348e+01
-5.000000000000000000e-01 3.535050620855721348e+01
-5.000000000000000000e-01 3.535050620855721348e+01
-5.000000000000000000e-01 3.535050620855721348e+01
-5.000000000000000000e-01 3.535050620855721348e+01
-5.000000000000000000e-01 3.535050620855721348e+01
-5.000000000000000000e-01 3.535050620855721348e+01
-5.000000000000000000e-01 3.535050620855721348e+01
-5.000000000000000000e-01 3.535050620855721348e+01
-5.000000000000000000e-01 3.535050620855721348e+01
-5.000000000000000000e-01 3.535050620855721348e+01
-5.000000000000000000e-01 3.494504110044904621e+01
-5.000000000000000000e-01 3.494504110044904621e+01
-5.000000000000000000e-01 3.494504110044904621e+01
-5.000000000000000000e-01 3.494504110044904621e+01
-5.000000000000000000e-01 3.494504110044904621e+01
-5.000000000000000000e-01 3.494504110044904621e+01
-5.000000000000000000e-01 3.494504110044904621e+01
-5.000000000000000000e-01 3.494504110044904621e+01
-5.000000000000000000e-01 3.494504110044904621e+01
-5.000000000000000000e-01 3.465735902799726631e+01
-5.000000000000000000e-01 3.465735902799726631e+01
-5.000000000000000000e-01 3.465735902799726631e+01
-5.000000000000000000e-01 3.465735902799726631e+01
-5.000000000000000000e-01 3.465735902799726631e+01
-5.000000000000000000e-01 3.465735902799726631e+01
-5.000000000000000000e-01 3.465735902799726631e+01
-5.000000000000000000e-01 3.465735902799726631e+01
-5.000000000000000000e-01 3.465735902799726631e+01
-5.000000000000000000e-01 3.443421547668305749e+01
-5.000000000000000000e-01 3.443421547668305749e+01
-5.000000000000000000e-01 3.443421547668305749e+01
-5.000000000000000000e-01 3.443421547668305749e+01
-5.000000000000000000e-01 3.443421547668305749e+01
-5.000000000000000000e-01 3.425189391988909904e+01
-5.000000000000000000e-01 3.425189391988909904e+01
-5.000000000000000000e-01 3.425189391988909904e+01
-5.000000000000000000e-01 3.425189391988909904e+01
-5.000000000000000000e-01 3.396421184743731914e+01
-5.000000000000000000e-01 3.384642881178093887e+01
-5.000000000000000000e-01 3.347870403165561726e+01
-5.000000000000000000e-01 3.347870403165561726e+01
-5.000000000000000000e-01 3.340459605950189825e+01
-5.000000000000000000e-01 3.340459605950189825e+01
-5.000000000000000000e-01 3.333560318801494304e+01
-5.000000000000000000e-01 3.327106466687737196e+01
-5.000000000000000000e-01 3.327106466687737196e+01
-5.000000000000000000e-01 3.321044004506094183e+01
-5.000000000000000000e-01 3.309921440995071862e+01
-5.000000000000000000e-01 3.309921440995071862e+01
-5.000000000000000000e-01 3.304792111556316314e+01
-5.000000000000000000e-01 3.304792111556316314e+01
-5.000000000000000000e-01 3.299913095139373098e+01
-5.000000000000000000e-01 3.299913095139373098e+01
-5.000000000000000000e-01 3.299913095139373098e+01
-5.000000000000000000e-01 3.299913095139373098e+01
-5.000000000000000000e-01 3.295261093575884104e+01
-5.000000000000000000e-01 3.295261093575884104e+01
-5.000000000000000000e-01 3.295261093575884104e+01
-5.000000000000000000e-01 3.295261093575884104e+01
-5.000000000000000000e-01 3.290815917318800388e+01
-5.000000000000000000e-01 3.286559955876921180e+01
-5.000000000000000000e-01 3.278555685109567719e+01
-5.000000000000000000e-01 3.274781652311282443e+01
-5.000000000000000000e-01 3.230598377083379091e+01
-5.000000000000000000e-01 3.230598377083379091e+01
-5.000000000000000000e-01 3.228245327342359161e+01
-5.000000000000000000e-01 3.225946375519889386e+01
-5.000000000000000000e-01 3.086750365654332739e+01
-5.000000000000000000e-01 3.086186983882507207e+01
-5.000000000000000000e-01 3.028160200633697841e+01
-5.000000000000000000e-01 3.027846228633231007e+01
-5.000000000000000000e-01 3.009301083652943021e+01
-5.000000000000000000e-01 3.009041005482937337e+01
-5.000000000000000000e-01 2.984517467262484658e+01
-5.000000000000000000e-01 2.984314421507446724e+01
-5.000000000000000000e-01 2.957906508542719592e+01
-5.000000000000000000e-01 2.957750866487953800e+01
-5.000000000000000000e-01 2.765293086175486792e+01
-5.000000000000000000e-01 2.765293086175486792e+01
0.000000000000000000e+00 3.604365338911715355e+01
0.000000000000000000e+00 3.604365338911715355e+01
0.000000000000000000e+00 3.604365338911715355e+01
0.000000000000000000e+00 3.604365338911715355e+01
0.000000000000000000e+00 3.604365338911715355e+01
0.000000000000000000e+00 3.604365338911715355e+01
0.000000000000000000e+00 3.604365338911715355e+01
0.000000000000000000e+00 3.604365338911715355e+01
0.000000000000000000e+00 3.604365338911715355e+01
0.000000000000000000e+00 3.604365338911715355e+01
0.000000000000000000e+00 3.604365338911715355e+01
0.000000000000000000e+00 3.535050620855721348e+01
0.000000000000000000e+00 3.535050620855721348e+01
0.000000000000000000e+00 3.535050620855721348e+01
0.000000000000000000e+00 3.535050620855721348e+01
0.000000000000000000e+00 3.535050620855721348e+01
0.000000000000000000e+00 3.535050620855721348e+01
0.000000000000000000e+00 3.535050620855721348e+01
0.000000000000000000e+00 3.535050620855721348e+01
0.000000000000000000e+00 3.535050620855721348e+01
0.000000000000000000e+00 3.535050620855721348e+01
0.000000000000000000e+00 3.494504110044904621e+01
0.000000000000000000e+00 3.494504110044904621e+01
0.000000000000000000e+00 3.494504110044904621e+01
0.000000000000000000e+00 3.494504110044904621e+01
0.000000000000000000e+00 3.494504110044904621e+01
0.000000000000000000e+00 3.494504110044904621e+01
0.000000000000000000e+00 3.494504110044904621e+01
0.000000000000000000e+00 3.494504110044904621e+01
0.000000000000000000e+00 3.494504110044904621e+01
0.000000000000000000e+00 3.494504110044904621e+01
0.000000000000000000e+00 3.465735902799726631e+01
0.000000000000000000e+00 3.465735902799726631e+01
0.000000000000000000e+00 3.465735902799726631e+01
0.000000000000000000e+00 3.465735902799726631e+01
0.000000000000000000e+00 3.465735902799726631e+01
0.000000000000000000e+00 3.465735902799726631e+01
0.000000000000000000e+00 3.465735902799726631e+01
0.000000000000000000e+00 3.465735902799726631e+01
0.000000000000000000e+00 3.465735902799726631e+01
0.000000000000000000e+00 3.465735902799726631e+01
0.000000000000000000e+00 3.465735902799726631e+01
0.000000000000000000e+00 3.443421547668305749e+01
0.000000000000000000e+00 3.443421547668305749e+01
0.000000000000000000e+00 3.443421547668305749e+01
0.000000000000000000e+00 3.443421547668305749e+01
0.000000000000000000e+00 3.443421547668305749e+01
0.000000000000000000e+00 3.443421547668305749e+01
0.000000000000000000e+00 3.425189391988909904e+01
0.000000000000000000e+00 3.425189391988909904e+01
0.000000000000000000e+00 3.425189391988909904e+01
0.000000000000000000e+00 3.425189391988909904e+01
0.000000000000000000e+00 3.425189391988909904e+01
0.000000000000000000e+00 3.425189391988909904e+01
0.000000000000000000e+00 3.425189391988909904e+01
0.000000000000000000e+00 3.409774324006184543e+01
0.000000000000000000e+00 3.409774324006184543e+01
0.000000000000000000e+00 3.409774324006184543e+01
0.000000000000000000e+00 3.409774324006184543e+01
0.000000000000000000e+00 3.396421184743731914e+01
0.000000000000000000e+00 3.396421184743731914e+01
0.000000000000000000e+00 3.396421184743731914e+01
0.000000000000000000e+00 3.396421184743731914e+01
0.000000000000000000e+00 3.384642881178093887e+01
0.000000000000000000e+00 3.374106829612311031e+01
0.000000000000000000e+00 3.374106829612311031e+01
0.000000000000000000e+00 3.374106829612311031e+01
0.000000000000000000e+00 3.374106829612311031e+01
0.000000000000000000e+00 3.364575811631878821e+01
0.000000000000000000e+00 3.364575811631878821e+01
0.000000000000000000e+00 3.364575811631878821e+01
0.000000000000000000e+00 3.364575811631878821e+01
0.000000000000000000e+00 3.364575811631878821e+01
0.000000000000000000e+00 3.364575811631878821e+01
0.000000000000000000e+00 3.355874673932915897e+01
0.000000000000000000e+00 3.355874673932915897e+01
0.000000000000000000e+00 3.355874673932915897e+01
0.000000000000000000e+00 3.290815917318800388e+01
0.000000000000000000e+00 3.278555685109567719e+01
0.000000000000000000e+00 3.278555685109567719e+01
0.000000000000000000e+00 3.271144887894195108e+01
0.000000000000000000e+00 3.254714582765067377e+01
0.000000000000000000e+00 3.238009174298750992e+01
0.000000000000000000e+00 3.235477393500322307e+01
0.000000000000000000e+00 3.233008132241285182e+01
0.000000000000000000e+00 3.167420553665013472e+01
0.000000000000000000e+00 3.142853287227589831e+01
0.000000000000000000e+00 3.070611530941583922e+01
0.000000000000000000e+00 3.043052528272908575e+01
0.000000000000000000e+00 3.042688229145058543e+01
0.000000000000000000e+00 3.042688229145058543e+01
0.000000000000000000e+00 3.040174631817904327e+01
0.000000000000000000e+00 3.039820649147391762e+01
0.000000000000000000e+00 3.039116420884850456e+01
0.000000000000000000e+00 2.953339504859400577e+01
0.000000000000000000e+00 2.951862373127369565e+01
0.000000000000000000e+00 2.951715852954636432e+01
0.000000000000000000e+00 2.857571105683130597e+01
0.000000000000000000e+00 2.786109412504849203e+01
0.000000000000000000e+00 1.392223191699587318e-05
5.000000000000000000e-01 3.604365338911715355e+01
5.000000000000000000e-01 3.604365338911715355e+01
5.000000000000000000e-01 3.604365338911715355e+01
5.000000000000000000e-01 3.604365338911715355e+01
5.000000000000000000e-01 3.604365338911715355e+01
5.000000000000000000e-01 3.604365338911715355e+01
5.000000000000000000e-01 3.604365338911715355e+01
5.000000000000000000e-01 3.604365338911715355e+01
5.000000000000000000e-01 3.604365338911715355e+01
5.000000000000000000e-01 3.604365338911715355e+01
5.000000000000000000e-01 3.604365338911715355e+01
5.000000000000000000e-01 3.604365338911715355e+01
5.000000000000000000e-01 3.604365338911715355e+01
5.000000000000000000e-01 3.604365338911715355e+01
5.000000000000000000e-01 3.604365338911715355e+01
5.000000000000000000e-01 3.604365338911715355e+01
5.000000000000000000e-01 3.604365338911715355e+01
5.000000000000000000e-01 3.604365338911715355e+01
5.000000000000000000e-01 3.604365338911715355e+01
5.000000000000000000e-01 3.604365338911715355e+01
5.000000000000000000e-01 3.604365338911715355e+01
5.000000000000000000e-01 3.604365338911715355e+01
5.000000000000000000e-01 3.604365338911715355e+01
5.000000000000000000e-01 3.604365338911715355e+01
5.000000000000000000e-01 3.604365338911715355e+01
5.000000000000000000e-01 3.604365338911715355e+01
5.000000000000000000e-01 3.604365338911715355e+01
5.000000000000000000e-01 3.604365338911715355e+01
5.000000000000000000e-01 3.604365338911715355e+01
5.000000000000000000e-01 3.604365338911715355e+01
5.000000000000000000e-01 3.604365338911715355e+01
5.000000000000000000e-01 3.535050620855721348e+01
5.000000000000000000e-01 3.535050620855721348e+01
5.000000000000000000e-01 3.535050620855721348e+01
5.000000000000000000e-01 3.535050620855721348e+01
5.000000000000000000e-01 3.535050620855721348e+01
5.000000000000000000e-01 3.535050620855721348e+01
5.000000000000000000e-01 3.535050620855721348e+01
5.000000000000000000e-01 3.535050620855721348e+01
5.000000000000000000e-01 3.535050620855721348e+01
5.000000000000000000e-01 3.535050620855721348e+01
5.000000000000000000e-01 3.535050620855721348e+01
5.000000000000000000e-01 3.535050620855721348e+01
5.000000000000000000e-01 3.535050620855721348e+01
5.000000000000000000e-01 3.535050620855721348e+01
5.000000000000000000e-01 3.535050620855721348e+01
5.000000000000000000e-01 3.535050620855721348e+01
5.000000000000000000e-01 3.535050620855721348e+01
5.000000000000000000e-01 3.535050620855721348e+01
5.000000000000000000e-01 3.535050620855721348e+01
5.000000000000000000e-01 3.535050620855721348e+01
5.000000000000000000e-01 3.494504110044904621e+01
5.000000000000000000e-01 3.494504110044904621e+01
5.000000000000000000e-01 3.494504110044904621e+01
5.000000000000000000e-01 3.494504110044904621e+01
5.000000000000000000e-01 3.494504110044904621e+01
5.000000000000000000e-01 3.494504110044904621e+01
5.000000000000000000e-01 3.494504110044904621e+01
5.000000000000000000e-01 3.494504110044904621e+01
5.000000000000000000e-01 3.494504110044904621e+01
5.000000000000000000e-01 3.494504110044904621e+01
5.000000000000000000e-01 3.494504110044904621e+01
5.000000000000000000e-01 3.494504110044904621e+01
5.000000000000000000e-01 3.465735902799726631e+01
5.000000000000000000e-01 3.465735902799726631e+01
5.000000000000000000e-01 3.465735902799726631e+01
5.000000000000000000e-01 3.465735902799726631e+01
5.000000000000000000e-01 3.465735902799726631e+01
5.000000000000000000e-01 3.443421547668305749e+01
5.000000000000000000e-01 3.443421547668305749e+01
5.000000000000000000e-01 3.443421547668305749e+01
5.000000000000000000e-01 3.443421547668305749e+01
5.000000000000000000e-01 3.443421547668305749e+01
5.000000000000000000e-01 3.443421547668305749e+01
5.000000000000000000e-01 3.425189391988909904e+01
5.000000000000000000e-01 3.425189391988909904e+01
5.000000000000000000e-01 3.425189391988909904e+01
5.000000000000000000e-01 3.425189391988909904e+01
5.000000000000000000e-01 3.374106829612311031e+01
5.000000000000000000e-01 3.364575811631878821e+01
5.000000000000000000e-01 3.309921440995071862e+01
5.000000000000000000e-01 3.309921440995071862e+01
5.000000000000000000e-01 3.304792111556316314e+01
5.000000000000000000e-01 3.304792111556316314e+01
5.000000000000000000e-01 3.299913095139373098e+01
5.000000000000000000e-01 3.295261093575884104e+01
5.000000000000000000e-01 3.274781652311282443e+01
5.000000000000000000e-01 3.271144887894195108e+01
5.000000000000000000e-01 3.267635755913067896e+01
5.000000000000000000e-01 3.264245600745500298e+01
5.000000000000000000e-01 3.219350578740709778e+01
5.000000000000000000e-01 3.217245237820926462e+01
5.000000000000000000e-01 3.171292004883082427e+01
5.000000000000000000e-01 3.167420553665013472e+01
5.000000000000000000e-01 3.031031211221941035e+01
5.000000000000000000e-01 3.030386047693792051e+01
5.000000000000000000e-01 2.995915397604198560e+01
5.000000000000000000e-01 2.995915397604198560e+01
5.000000000000000000e-01 2.832230477649920530e+01
5.000000000000000000e-01 2.832097587264915362e+01
1.000000000000000000e+00 inf
1.000000000000000000e+00 inf
1.000000000000000000e+00 inf
1.000000000000000000e+00 inf
1.000000000000000000e+00 inf
1.000000000000000000e+00 inf
1.000000000000000000e+00 inf
1.000000000000000000e+00 inf
1.000000000000000000e+00 inf
1.000000000000000000e+00 inf
1.000000000000000000e+00 inf
1.000000000000000000e+00 inf
1.000000000000000000e+00 3.604365338911715355e+01
1.000000000000000000e+00 3.604365338911715355e+01
1.000000000000000000e+00 3.604365338911715355e+01
1.000000000000000000e+00 3.604365338911715355e+01
1.000000000000000000e+00 3.604365338911715355e+01
1.000000000000000000e+00 3.604365338911715355e+01
1.000000000000000000e+00 3.604365338911715355e+01
1.000000000000000000e+00 3.604365338911715355e+01
1.000000000000000000e+00 3.604365338911715355e+01
1.000000000000000000e+00 3.604365338911715355e+01
1.000000000000000000e+00 3.604365338911715355e+01
1.000000000000000000e+00 3.604365338911715355e+01
1.000000000000000000e+00 3.604365338911715355e+01
1.000000000000000000e+00 3.604365338911715355e+01
1.000000000000000000e+00 3.604365338911715355e+01
1.000000000000000000e+00 3.604365338911715355e+01
1.000000000000000000e+00 3.604365338911715355e+01
1.000000000000000000e+00 3.604365338911715355e+01
1.000000000000000000e+00 3.604365338911715355e+01
1.000000000000000000e+00 3.604365338911715355e+01
1.000000000000000000e+00 3.604365338911715355e+01
1.000000000000000000e+00 3.604365338911715355e+01
1.000000000000000000e+00 3.604365338911715355e+01
1.000000000000000000e+00 3.604365338911715355e+01
1.000000000000000000e+00 3.604365338911715355e+01
1.000000000000000000e+00 3.604365338911715355e+01
1.000000000000000000e+00 3.604365338911715355e+01
1.000000000000000000e+00 3.604365338911715355e+01
1.000000000000000000e+00 3.604365338911715355e+01
1.000000000000000000e+00 3.604365338911715355e+01
1.000000000000000000e+00 3.604365338911715355e+01
1.000000000000000000e+00 3.604365338911715355e+01
1.000000000000000000e+00 3.604365338911715355e+01
1.000000000000000000e+00 3.604365338911715355e+01
1.000000000000000000e+00 3.604365338911715355e+01
1.000000000000000000e+00 3.604365338911715355e+01
1.000000000000000000e+00 3.604365338911715355e+01
1.000000000000000000e+00 3.535050620855721348e+01
1.000000000000000000e+00 3.535050620855721348e+01
1.000000000000000000e+00 3.535050620855721348e+01
1.000000000000000000e+00 3.535050620855721348e+01
1.000000000000000000e+00 3.535050620855721348e+01
1.000000000000000000e+00 3.535050620855721348e+01
1.000000000000000000e+00 3.535050620855721348e+01
1.000000000000000000e+00 3.535050620855721348e+01
1.000000000000000000e+00 3.535050620855721348e+01
1.000000000000000000e+00 3.535050620855721348e+01
1.000000000000000000e+00 3.535050620855721348e+01
1.000000000000000000e+00 3.535050620855721348e+01
1.000000000000000000e+00 3.535050620855721348e+01
1.000000000000000000e+00 3.535050620855721348e+01
1.000000000000000000e+00 3.535050620855721348e+01
1.000000000000000000e+00 3.535050620855721348e+01
1.000000000000000000e+00 3.494504110044904621e+01
1.000000000000000000e+00 3.494504110044904621e+01
1.000000000000000000e+00 3.494504110044904621e+01
1.000000000000000000e+00 3.494504110044904621e+01
1.000000000000000000e+00 3.494504110044904621e+01
1.000000000000000000e+00 3.494504110044904621e+01
1.000000000000000000e+00 3.494504110044904621e+01
1.000000000000000000e+00 3.494504110044904621e+01
1.000000000000000000e+00 3.465735902799726631e+01
1.000000000000000000e+00 3.465735902799726631e+01
1.000000000000000000e+00 3.465735902799726631e+01
1.000000000000000000e+00 3.443421547668305749e+01
1.000000000000000000e+00 3.425189391988909904e+01
1.000000000000000000e+00 3.425189391988909904e+01
1.000000000000000000e+00 3.409774324006184543e+01
1.000000000000000000e+00 3.396421184743731914e+01
1.000000000000000000e+00 3.396421184743731914e+01
1.000000000000000000e+00 3.396421184743731914e+01
1.000000000000000000e+00 3.396421184743731914e+01
1.000000000000000000e+00 3.384642881178093887e+01
1.000000000000000000e+00 3.384642881178093887e+01
1.000000000000000000e+00 3.219350578740709778e+01
1.000000000000000000e+00 3.201830169838200391e+01
1.000000000000000000e+00 3.201830169838200391e+01
1.000000000000000000e+00 3.201830169838200391e+01
1.000000000000000000e+00 3.200060212128260417e+01
1.000000000000000000e+00 3.164920423444471709e+01
1.000000000000000000e+00 3.164920423444471709e+01
1.000000000000000000e+00 3.163693414185290465e+01
1.000000000000000000e+00 3.162481278132055706e+01
1.000000000000000000e+00 3.057982158409154749e+01
1.000000000000000000e+00 3.046770428597083935e+01
1.000000000000000000e+00 3.046392356313093330e+01
1.000000000000000000e+00 3.046392356313093330e+01
1.000000000000000000e+00 3.046015708033545621e+01
1.500000000000000000e+00 inf
1.500000000000000000e+00 inf
1.500000000000000000e+00 inf
1.500000000000000000e+00 inf
1.500000000000000000e+00 inf
1.500000000000000000e+00 inf
1.500000000000000000e+00 inf
1.500000000000000000e+00 inf
1.500000000000000000e+00 inf
1.500000000000000000e+00 inf
1.500000000000000000e+00 inf
1.500000000000000000e+00 inf
1.500000000000000000e+00 inf
1.500000000000000000e+00 inf
1.500000000000000000e+00 inf
1.500000000000000000e+00 inf
1.500000000000000000e+00 inf
1.500000000000000000e+00 inf
1.500000000000000000e+00 inf
1.500000000000000000e+00 3.604365338911715355e+01
1.500000000000000000e+00 3.604365338911715355e+01
1.500000000000000000e+00 3.604365338911715355e+01
1.500000000000000000e+00 3.604365338911715355e+01
1.500000000000000000e+00 3.604365338911715355e+01
1.500000000000000000e+00 3.604365338911715355e+01
1.500000000000000000e+00 3.604365338911715355e+01
1.500000000000000000e+00 3.604365338911715355e+01
1.500000000000000000e+00 3.604365338911715355e+01
1.500000000000000000e+00 3.604365338911715355e+01
1.500000000000000000e+00 3.604365338911715355e+01
1.500000000000000000e+00 3.604365338911715355e+01
1.500000000000000000e+00 3.604365338911715355e+01
1.500000000000000000e+00 3.604365338911715355e+01
1.500000000000000000e+00 3.604365338911715355e+01
1.500000000000000000e+00 3.604365338911715355e+01
1.500000000000000000e+00 3.604365338911715355e+01
1.500000000000000000e+00 3.604365338911715355e+01
1.500000000000000000e+00 3.604365338911715355e+01
1.500000000000000000e+00 3.604365338911715355e+01
1.500000000000000000e+00 3.604365338911715355e+01
1.500000000000000000e+00 3.604365338911715355e+01
1.500000000000000000e+00 3.604365338911715355e+01
1.500000000000000000e+00 3.604365338911715355e+01
1.500000000000000000e+00 3.604365338911715355e+01
1.500000000000000000e+00 3.604365338911715355e+01
1.500000000000000000e+00 3.604365338911715355e+01
1.500000000000000000e+00 3.604365338911715355e+01
1.500000000000000000e+00 3.604365338911715355e+01
1.500000000000000000e+00 3.604365338911715355e+01
1.500000000000000000e+00 3.604365338911715355e+01
1.500000000000000000e+00 3.604365338911715355e+01
1.500000000000000000e+00 3.604365338911715355e+01
1.500000000000000000e+00 3.604365338911715355e+01
1.500000000000000000e+00 3.604365338911715355e+01
1.500000000000000000e+00 3.604365338911715355e+01
1.500000000000000000e+00 3.604365338911715355e+01
1.500000000000000000e+00 3.604365338911715355e+01
1.500000000000000000e+00 3.604365338911715355e+01
1.500000000000000000e+00 3.604365338911715355e+01
1.500000000000000000e+00 3.604365338911715355e+01
1.500000000000000000e+00 3.604365338911715355e+01
1.500000000000000000e+00 3.604365338911715355e+01
1.500000000000000000e+00 3.535050620855721348e+01
1.500000000000000000e+00 3.535050620855721348e+01
1.500000000000000000e+00 3.535050620855721348e+01
1.500000000000000000e+00 3.535050620855721348e+01
1.500000000000000000e+00 3.535050620855721348e+01
1.500000000000000000e+00 3.535050620855721348e+01
1.500000000000000000e+00 3.535050620855721348e+01
1.500000000000000000e+00 3.535050620855721348e+01
1.500000000000000000e+00 3.494504110044904621e+01
1.500000000000000000e+00 3.494504110044904621e+01
1.500000000000000000e+00 3.494504110044904621e+01
1.500000000000000000e+00 3.494504110044904621e+01
1.500000000000000000e+00 3.494504110044904621e+01
1.500000000000000000e+00 3.494504110044904621e+01
1.500000000000000000e+00 3.465735902799726631e+01
1.500000000000000000e+00 3.443421547668305749e+01
1.500000000000000000e+00 3.443421547668305749e+01
1.500000000000000000e+00 3.425189391988909904e+01
1.500000000000000000e+00 3.384642881178093887e+01
1.500000000000000000e+00 3.384642881178093887e+01
1.500000000000000000e+00 3.374106829612311031e+01
1.500000000000000000e+00 3.364575811631878821e+01
1.500000000000000000e+00 3.364575811631878821e+01
1.500000000000000000e+00 3.364575811631878821e+01
1.500000000000000000e+00 3.267635755913067896e+01
1.500000000000000000e+00 3.264245600745500298e+01
1.500000000000000000e+00 3.223699089934683570e+01
1.500000000000000000e+00 3.219350578740709778e+01
1.500000000000000000e+00 3.193277952494384309e+01
1.500000000000000000e+00 3.193277952494384309e+01
1.500000000000000000e+00 3.191651900407206455e+01
1.500000000000000000e+00 3.191651900407206455e+01
1.500000000000000000e+00 3.191651900407206455e+01
1.500000000000000000e+00 3.190051866272562364e+01
1.500000000000000000e+00 3.020884265205454966e+01
1.500000000000000000e+00 3.020592294195121497e+01
1.500000000000000000e+00 2.954838783318014706e+01
1.500000000000000000e+00 2.954687839893129464e+01
2.000000000000000000e+00 inf
2.000000000000000000e+00 inf
2.000000000000000000e+00 inf
2.000000000000000000e+00 inf
2.000000000000000000e+00 inf
2.000000000000000000e+00 inf
2.000000000000000000e+00 inf
2.000000000000000000e+00 inf
2.000000000000000000e+00 inf
2.000000000000000000e+00 inf
2.000000000000000000e+00 inf
2.000000000000000000e+00 inf
2.000000000000000000e+00 inf
2.000000000000000000e+00 inf
2.000000000000000000e+00 inf
2.000000000000000000e+00 inf
2.000000000000000000e+00 inf
2.000000000000000000e+00 inf
2.000000000000000000e+00 inf
2.000000000000000000e+00 inf
2.000000000000000000e+00 inf
2.000000000000000000e+00 inf
2.000000000000000000e+00 inf
2.000000000000000000e+00 inf
2.000000000000000000e+00 inf
2.000000000000000000e+00 inf
2.000000000000000000e+00 inf
2.000000000000000000e+00 inf
2.000000000000000000e+00 inf
2.000000000000000000e+00 3.604365338911715355e+01
2.000000000000000000e+00 3.604365338911715355e+01
2.000000000000000000e+00 3.604365338911715355e+01
2.000000000000000000e+00 3.604365338911715355e+01
2.000000000000000000e+00 3.604365338911715355e+01
2.000000000000000000e+00 3.604365338911715355e+01
2.000000000000000000e+00 3.604365338911715355e+01
2.000000000000000000e+00 3.604365338911715355e+01
2.000000000000000000e+00 3.604365338911715355e+01
2.000000000000000000e+00 3.604365338911715355e+01
2.000000000000000000e+00 3.604365338911715355e+01
2.000000000000000000e+00 3.604365338911715355e+01
2.000000000000000000e+00 3.604365338911715355e+01
2.000000000000000000e+00 3.604365338911715355e+01
2.000000000000000000e+00 3.604365338911715355e+01
2.000000000000000000e+00 3.604365338911715355e+01
2.000000000000000000e+00 3.604365338911715355e+01
2.000000000000000000e+00 3.604365338911715355e+01
2.000000000000000000e+00 3.604365338911715355e+01
2.000000000000000000e+00 3.604365338911715355e+01
2.000000000000000000e+00 3.604365338911715355e+01
2.000000000000000000e+00 3.604365338911715355e+01
2.000000000000000000e+00 3.604365338911715355e+01
2.000000000000000000e+00 3.604365338911715355e+01
2.000000000000000000e+00 3.604365338911715355e+01
2.000000000000000000e+00 3.604365338911715355e+01
2.000000000000000000e+00 3.604365338911715355e+01
2.000000000000000000e+00 3.604365338911715355e+01
2.000000000000000000e+00 3.604365338911715355e+01
2.000000000000000000e+00 3.604365338911715355e+01
2.000000000000000000e+00 3.604365338911715355e+01
2.000000000000000000e+00 3.604365338911715355e+01
2.000000000000000000e+00 3.604365338911715355e+01
2.000000000000000000e+00 3.604365338911715355e+01
2.000000000000000000e+00 3.604365338911715355e+01
2.000000000000000000e+00 3.604365338911715355e+01
2.000000000000000000e+00 3.604365338911715355e+01
2.000000000000000000e+00 3.604365338911715355e+01
2.000000000000000000e+00 3.604365338911715355e+01
2.000000000000000000e+00 3.604365338911715355e+01
2.000000000000000000e+00 3.604365338911715355e+01
2.000000000000000000e+00 3.604365338911715355e+01
2.000000000000000000e+00 3.604365338911715355e+01
2.000000000000000000e+00 3.604365338911715355e+01
2.000000000000000000e+00 3.604365338911715355e+01
2.000000000000000000e+00 3.604365338911715355e+01
2.000000000000000000e+00 3.604365338911715355e+01
2.000000000000000000e+00 3.604365338911715355e+01
2.000000000000000000e+00 3.535050620855721348e+01
2.000000000000000000e+00 3.535050620855721348e+01
2.000000000000000000e+00 3.535050620855721348e+01
2.000000000000000000e+00 3.535050620855721348e+01
2.000000000000000000e+00 3.535050620855721348e+01
2.000000000000000000e+00 3.535050620855721348e+01
2.000000000000000000e+00 3.535050620855721348e+01
2.000000000000000000e+00 3.535050620855721348e+01
2.000000000000000000e+00 3.535050620855721348e+01
2.000000000000000000e+00 3.494504110044904621e+01
2.000000000000000000e+00 3.443421547668305749e+01
2.000000000000000000e+00 3.443421547668305749e+01
2.000000000000000000e+00 3.443421547668305749e+01
2.000000000000000000e+00 3.425189391988909904e+01
2.000000000000000000e+00 3.425189391988909904e+01
2.000000000000000000e+00 3.409774324006184543e+01
2.000000000000000000e+00 3.396421184743731914e+01
2.000000000000000000e+00 3.396421184743731914e+01
2.000000000000000000e+00 3.327106466687737196e+01
2.000000000000000000e+00 3.062311838984486911e+01
2.000000000000000000e+00 3.061870337163575329e+01
2.000000000000000000e+00 3.061870337163575329e+01
2.000000000000000000e+00 3.061430776016271693e+01
2.500000000000000000e+00 inf
2.500000000000000000e+00 inf
2.500000000000000000e+00 inf
2.500000000000000000e+00 inf
2.500000000000000000e+00 inf
2.500000000000000000e+00 inf
2.500000000000000000e+00 inf
2.500000000000000000e+00 inf
2.500000000000000000e+00 inf
2.500000000000000000e+00 inf
2.500000000000000000e+00 inf
2.500000000000000000e+00 inf
2.500000000000000000e+00 inf
2.500000000000000000e+00 inf
2.500000000000000000e+00 inf
2.500000000000000000e+00 inf
2.500000000000000000e+00 inf
2.500000000000000000e+00 inf
2.500000000000000000e+00 inf
2.500000000000000000e+00 inf
2.500000000000000000e+00 inf
2.500000000000000000e+00 inf
2.500000000000000000e+00 inf
2.500000000000000000e+00 inf
2.500000000000000000e+00 inf
2.500000000000000000e+00 inf
2.500000000000000000e+00 inf
2.500000000000000000e+00 inf
2.500000000000000000e+00 inf
2.500000000000000000e+00 inf
2.500000000000000000e+00 inf
2.500000000000000000e+00 inf
2.500000000000000000e+00 inf
2.500000000000000000e+00 inf
2.500000000000000000e+00 inf
2.500000000000000000e+00 inf
2.500000000000000000e+00 inf
2.500000000000000000e+00 inf
2.500000000000000000e+00 inf
2.500000000000000000e+00 inf
2.500000000000000000e+00 inf
2.500000000000000000e+00 inf
2.500000000000000000e+00 inf
2.500000000000000000e+00 inf
2.500000000000000000e+00 inf
2.500000000000000000e+00 inf
2.500000000000000000e+00 inf
2.500000000000000000e+00 inf
2.500000000000000000e+00 inf
2.500000000000000000e+00 inf
2.500000000000000000e+00 inf
2.500000000000000000e+00 inf
2.500000000000000000e+00 inf
2.500000000000000000e+00 inf
2.500000000000000000e+00 inf
2.500000000000000000e+00 inf
2.500000000000000000e+00 inf
2.500000000000000000e+00 inf
2.500000000000000000e+00 inf
2.500000000000000000e+00 inf
2.500000000000000000e+00 inf
2.500000000000000000e+00 inf
2.500000000000000000e+00 inf
2.500000000000000000e+00 inf
2.500000000000000000e+00 inf
2.500000000000000000e+00 inf
2.500000000000000000e+00 inf
2.500000000000000000e+00 inf
2.500000000000000000e+00 inf
2.500000000000000000e+00 inf
2.500000000000000000e+00 inf
2.500000000000000000e+00 inf
2.500000000000000000e+00 inf
2.500000000000000000e+00 3.604365338911715355e+01
2.500000000000000000e+00 3.604365338911715355e+01
2.500000000000000000e+00 3.604365338911715355e+01
2.500000000000000000e+00 3.604365338911715355e+01
2.500000000000000000e+00 3.604365338911715355e+01
2.500000000000000000e+00 3.604365338911715355e+01
2.500000000000000000e+00 3.604365338911715355e+01
2.500000000000000000e+00 3.604365338911715355e+01
2.500000000000000000e+00 3.604365338911715355e+01
2.500000000000000000e+00 3.604365338911715355e+01
2.500000000000000000e+00 3.604365338911715355e+01
2.500000000000000000e+00 3.604365338911715355e+01
2.500000000000000000e+00 3.604365338911715355e+01
2.500000000000000000e+00 3.604365338911715355e+01
2.500000000000000000e+00 3.604365338911715355e+01
2.500000000000000000e+00 3.604365338911715355e+01
2.500000000000000000e+00 3.535050620855721348e+01
2.500000000000000000e+00 3.535050620855721348e+01
2.500000000000000000e+00 3.535050620855721348e+01
2.500000000000000000e+00 3.465735902799726631e+01
2.500000000000000000e+00 3.443421547668305749e+01
2.500000000000000000e+00 3.443421547668305749e+01
2.500000000000000000e+00 3.425189391988909904e+01
2.500000000000000000e+00 3.425189391988909904e+01
2.500000000000000000e+00 3.409774324006184543e+01
2.500000000000000000e+00 3.396421184743731914e+01
2.500000000000000000e+00 3.384642881178093887e+01
3.000000000000000000e+00 nan
3.000000000000000000e+00 nan
3.000000000000000000e+00 nan
3.000000000000000000e+00 nan
3.000000000000000000e+00 nan
3.000000000000000000e+00 inf
3.000000000000000000e+00 inf
3.000000000000000000e+00 inf
3.000000000000000000e+00 inf
3.000000000000000000e+00 inf
3.000000000000000000e+00 inf
3.000000000000000000e+00 inf
3.000000000000000000e+00 inf
3.000000000000000000e+00 inf
3.000000000000000000e+00 inf
3.000000000000000000e+00 inf
3.000000000000000000e+00 inf
3.000000000000000000e+00 inf
3.000000000000000000e+00 inf
3.000000000000000000e+00 inf
3.000000000000000000e+00 inf
3.000000000000000000e+00 inf
3.000000000000000000e+00 inf
3.000000000000000000e+00 inf
3.000000000000000000e+00 inf
3.000000000000000000e+00 inf
3.000000000000000000e+00 inf
3.000000000000000000e+00 inf
3.000000000000000000e+00 inf
3.000000000000000000e+00 inf
3.000000000000000000e+00 inf
3.000000000000000000e+00 inf
3.000000000000000000e+00 inf
3.000000000000000000e+00 inf
3.000000000000000000e+00 inf
3.000000000000000000e+00 inf
3.000000000000000000e+00 inf
3.000000000000000000e+00 inf
3.000000000000000000e+00 inf
3.000000000000000000e+00 inf
3.000000000000000000e+00 inf
3.000000000000000000e+00 inf
3.000000000000000000e+00 inf
3.000000000000000000e+00 inf
3.000000000000000000e+00 inf
3.000000000000000000e+00 inf
3.000000000000000000e+00 inf
3.000000000000000000e+00 inf
3.000000000000000000e+00 inf
3.000000000000000000e+00 inf
3.000000000000000000e+00 inf
3.000000000000000000e+00 inf
3.000000000000000000e+00 inf
3.000000000000000000e+00 inf
3.000000000000000000e+00 inf
3.000000000000000000e+00 inf
3.000000000000000000e+00 inf
3.000000000000000000e+00 inf
3.000000000000000000e+00 inf
3.000000000000000000e+00 inf
3.000000000000000000e+00 inf
3.000000000000000000e+00 inf
3.000000000000000000e+00 inf
3.000000000000000000e+00 inf
3.000000000000000000e+00 inf
3.000000000000000000e+00 inf
3.000000000000000000e+00 inf
3.000000000000000000e+00 inf
3.000000000000000000e+00 inf
3.000000000000000000e+00 inf
3.000000000000000000e+00 inf
3.000000000000000000e+00 inf
3.000000000000000000e+00 inf
3.000000000000000000e+00 inf
3.000000000000000000e+00 inf
3.000000000000000000e+00 inf
3.000000000000000000e+00 inf
3.000000000000000000e+00 inf
3.000000000000000000e+00 inf
3.000000000000000000e+00 inf
3.000000000000000000e+00 inf
3.000000000000000000e+00 inf
3.000000000000000000e+00 inf
3.000000000000000000e+00 inf
3.000000000000000000e+00 inf
3.000000000000000000e+00 inf
3.000000000000000000e+00 inf
3.000000000000000000e+00 inf
3.000000000000000000e+00 inf
3.000000000000000000e+00 3.604365338911715355e+01
3.000000000000000000e+00 3.604365338911715355e+01
3.000000000000000000e+00 3.604365338911715355e+01
3.000000000000000000e+00 3.604365338911715355e+01
3.000000000000000000e+00 3.604365338911715355e+01
3.000000000000000000e+00 3.535050620855721348e+01
3.000000000000000000e+00 3.494504110044904621e+01
3.000000000000000000e+00 3.494504110044904621e+01
3.000000000000000000e+00 3.465735902799726631e+01
3.000000000000000000e+00 3.384642881178093887e+01
3.000000000000000000e+00 3.148977649751661545e+01
3.500000000000000000e+00 5.231168672711238088e+01
3.500000000000000000e+00 5.231168672530741048e+01
3.500000000000000000e+00 5.167390796085445004e+01
3.500000000000000000e+00 5.167390796022343125e+01
3.500000000000000000e+00 5.031440100444651620e+01
3.500000000000000000e+00 5.031440100435304430e+01
3.500000000000000000e+00 5.009193655884381968e+01
3.500000000000000000e+00 5.009193655859360916e+01
3.500000000000000000e+00 4.895974910272398972e+01
3.500000000000000000e+00 4.895974910265990587e+01
3.500000000000000000e+00 4.678940835359179573e+01
3.500000000000000000e+00 4.678940835358861250e+01
3.500000000000000000e+00 4.667245066446421475e+01
3.500000000000000000e+00 4.667245066440209911e+01
3.500000000000000000e+00 4.645232137141638162e+01
3.500000000000000000e+00 4.645232137140040152e+01
3.500000000000000000e+00 4.642373220265540823e+01
3.500000000000000000e+00 4.642373220263520750e+01
3.500000000000000000e+00 4.642373220261276145e+01
3.500000000000000000e+00 4.642373220259541000e+01
3.500000000000000000e+00 4.621843084443369776e+01
3.500000000000000000e+00 4.621843084442085825e+01
3.500000000000000000e+00 4.621843084439446159e+01
3.500000000000000000e+00 4.621843084436813598e+01
3.500000000000000000e+00 4.619902679572055604e+01
3.500000000000000000e+00 4.619902679570628123e+01
3.500000000000000000e+00 4.611178984859247265e+01
3.500000000000000000e+00 4.611178984858928942e+01
3.500000000000000000e+00 4.593696353051019798e+01
3.500000000000000000e+00 4.593696353045648806e+01
3.500000000000000000e+00 4.457079183314248638e+01
3.500000000000000000e+00 4.457079183310492709e+01
3.500000000000000000e+00 4.337826270250917560e+01
3.500000000000000000e+00 4.337826270250820926e+01
3.500000000000000000e+00 4.211645379805222689e+01
3.500000000000000000e+00 4.211645379804576805e+01
3.500000000000000000e+00 4.191279728643242919e+01
3.500000000000000000e+00 4.191279728642621905e+01
3.500000000000000000e+00 4.190132705073983033e+01
3.500000000000000000e+00 4.190132705073190778e+01
3.500000000000000000e+00 4.190132705072413444e+01
3.500000000000000000e+00 4.190132705071622610e+01
3.500000000000000000e+00 4.158265998605348557e+01
3.500000000000000000e+00 4.158265998603759073e+01
3.500000000000000000e+00 4.153041385889509485e+01
3.500000000000000000e+00 4.153041385888773362e+01
3.500000000000000000e+00 4.153041385888066372e+01
3.500000000000000000e+00 4.153041385887278381e+01
3.500000000000000000e+00 4.152799540244216558e+01
3.500000000000000000e+00 4.152799540242185827e+01
3.500000000000000000e+00 3.983502396389351219e+01
3.500000000000000000e+00 3.983502396387733313e+01
3.500000000000000000e+00 3.855826525554392958e+01
3.500000000000000000e+00 3.855826525554257245e+01
3.500000000000000000e+00 3.770005744198869024e+01
3.500000000000000000e+00 3.770005744195363917e+01
3.500000000000000000e+00 3.643736069192227234e+01
3.500000000000000000e+00 3.643736069188727811e+01
3.500000000000000000e+00 3.413740770671424940e+01
3.500000000000000000e+00 3.413740770663167012e+01
4.000000000000000000e+00 5.276584961551611030e+01
4.000000000000000000e+00 4.960398574406992367e+01
4.000000000000000000e+00 4.960398574406946892e+01
4.000000000000000000e+00 4.960398574406868732e+01
4.000000000000000000e+00 4.954604925093515533e+01
4.000000000000000000e+00 4.801506240288282612e+01
4.000000000000000000e+00 4.783956860633872310e+01
4.000000000000000000e+00 4.773500995120325996e+01
4.000000000000000000e+00 4.773500995116855705e+01
4.000000000000000000e+00 4.773500995112062384e+01
4.000000000000000000e+00 4.503313716095214403e+01
4.000000000000000000e+00 4.503313716094461938e+01
4.000000000000000000e+00 4.503313716093828845e+01
4.000000000000000000e+00 4.501834446316822635e+01
4.000000000000000000e+00 4.500839958772937166e+01
4.000000000000000000e+00 4.500839958772834137e+01
4.000000000000000000e+00 4.500839958772713345e+01
4.000000000000000000e+00 4.499040343718944968e+01
4.000000000000000000e+00 4.333599237314278696e+01
4.000000000000000000e+00 4.230066316311718566e+01
4.000000000000000000e+00 4.230066316305179441e+01
4.000000000000000000e+00 4.230066316301658702e+01
4.000000000000000000e+00 4.165132502892427624e+01
4.000000000000000000e+00 4.038053042306636087e+01
4.000000000000000000e+00 4.038053042306530216e+01
4.000000000000000000e+00 4.038053042306430740e+01
4.000000000000000000e+00 4.032837148770667568e+01
4.000000000000000000e+00 3.661191005091375672e+01
4.500000000000000000e+00 4.849016148447334018e+01
4.500000000000000000e+00 4.849016148445120677e+01
4.500000000000000000e+00 4.811924829263008974e+01
4.500000000000000000e+00 4.811924829260647840e+01
4.500000000000000000e+00 4.380214449897820117e+01
4.500000000000000000e+00 4.380214449890669925e+01
4.500000000000000000e+00 4.359684314076017841e+01
4.500000000000000000e+00 4.359684314069016153e+01
5.000000000000000000e+00 4.699391103670092917e+01
