-5.000000000000000000e+00 2.071248345769776833e+01
-4.500000000000000000e+00 2.386773711915089535e+01
-4.500000000000000000e+00 2.386773711915082430e+01
-4.500000000000000000e+00 2.193609056626220166e+01
-4.500000000000000000e+00 2.193609056626219456e+01
-4.500000000000000000e+00 1.730042234952633962e+01
-4.500000000000000000e+00 1.730042234952633962e+01
-4.500000000000000000e+00 1.695003755411361368e+01
-4.500000000000000000e+00 1.695003755411361368e+01
-4.000000000000000000e+00 2.702299044778505177e+01
-4.000000000000000000e+00 2.509134298511168382e+01
-4.000000000000000000e+00 2.509134243840454204e+01
-4.000000000000000000e+00 2.509134243839553235e+01
-4.000000000000000000e+00 2.509134243839537248e+01
-4.000000000000000000e+00 2.315969196745034253e+01
-4.000000000000000000e+00 2.045568211411406878e+01
-4.000000000000000000e+00 2.045568211411394444e+01
-4.000000000000000000e+00 2.045568211411386628e+01
-4.000000000000000000e+00 2.045567443637899530e+01
-4.000000000000000000e+00 2.010529469873387853e+01
-4.000000000000000000e+00 2.010528690177665823e+01
-4.000000000000000000e+00 2.010528690177652678e+01
-4.000000000000000000e+00 2.010528690177647348e+01
-4.000000000000000000e+00 1.852405077343285811e+01
-4.000000000000000000e+00 1.852402514428100844e+01
-4.000000000000000000e+00 1.852402514428096936e+01
-4.000000000000000000e+00 1.852402514428095870e+01
-4.000000000000000000e+00 1.817365076578411731e+01
-4.000000000000000000e+00 1.817365076578411376e+01
-4.000000000000000000e+00 1.817365076578411376e+01
-4.000000000000000000e+00 1.817363600469907325e+01
-4.000000000000000000e+00 1.388834858059977329e+01
-4.000000000000000000e+00 1.353798202672967754e+01
-4.000000000000000000e+00 1.353797465662158572e+01
-4.000000000000000000e+00 1.353797465662158572e+01
-4.000000000000000000e+00 1.353797465662158395e+01
-4.000000000000000000e+00 1.318759144750838708e+01
-3.500000000000000000e+00 2.824659602829274618e+01
-3.500000000000000000e+00 2.824659602789488133e+01
-3.500000000000000000e+00 2.631493859743834207e+01
-3.500000000000000000e+00 2.631493859693418358e+01
-3.500000000000000000e+00 2.361093164596478999e+01
-3.500000000000000000e+00 2.361093164593684790e+01
-3.500000000000000000e+00 2.326054409901135145e+01
-3.500000000000000000e+00 2.326054409899052189e+01
-3.500000000000000000e+00 2.265837918227036241e+01
-3.500000000000000000e+00 2.265837918227033043e+01
-3.500000000000000000e+00 2.167932554053361116e+01
-3.500000000000000000e+00 2.167932554052868710e+01
-3.500000000000000000e+00 2.167928311954760545e+01
-3.500000000000000000e+00 2.167928311954444354e+01
-3.500000000000000000e+00 2.167928311954411313e+01
-3.500000000000000000e+00 2.167928311953972909e+01
-3.500000000000000000e+00 2.167928199328697048e+01
-3.500000000000000000e+00 2.167928199328558492e+01
-3.500000000000000000e+00 2.132889832413721720e+01
-3.500000000000000000e+00 2.132889832413180642e+01
-3.500000000000000000e+00 2.132889832413128772e+01
-3.500000000000000000e+00 2.132889832413025033e+01
-3.500000000000000000e+00 2.132889807789522862e+01
-3.500000000000000000e+00 2.132889807789393188e+01
-3.500000000000000000e+00 2.132887325624271924e+01
-3.500000000000000000e+00 2.132887325623804742e+01
-3.500000000000000000e+00 1.974762606160776812e+01
-3.500000000000000000e+00 1.974762606160748390e+01
-3.500000000000000000e+00 1.939726360060199184e+01
-3.500000000000000000e+00 1.939726360060104682e+01
-3.500000000000000000e+00 1.808937009307613053e+01
-3.500000000000000000e+00 1.808937009307612698e+01
-3.500000000000000000e+00 1.704359082294248395e+01
-3.500000000000000000e+00 1.704359082294230632e+01
-3.500000000000000000e+00 1.669326485376822689e+01
-3.500000000000000000e+00 1.669326485376821978e+01
-3.500000000000000000e+00 1.669323174987141201e+01
-3.500000000000000000e+00 1.669323174987138358e+01
-3.500000000000000000e+00 1.669323010739530844e+01
-3.500000000000000000e+00 1.669323010739530488e+01
-3.500000000000000000e+00 1.669323010739529067e+01
-3.500000000000000000e+00 1.669323010739526936e+01
-3.500000000000000000e+00 1.634283109445360793e+01
-3.500000000000000000e+00 1.634283109445353332e+01
-3.500000000000000000e+00 1.511197386177740754e+01
-3.500000000000000000e+00 1.511197386177740754e+01
-3.500000000000000000e+00 1.476158920954197562e+01
-3.500000000000000000e+00 1.476158920954196674e+01
-3.500000000000000000e+00 1.476158355450662896e+01
-3.500000000000000000e+00 1.476158355450662718e+01
-3.500000000000000000e+00 1.476158355450662185e+01
-3.500000000000000000e+00 1.476158355450661830e+01
-3.500000000000000000e+00 1.476156333860387626e+01
-3.500000000000000000e+00 1.476156333860387448e+01
-3.500000000000000000e+00 1.441121651806140846e+01
-3.500000000000000000e+00 1.441121651806139781e+01
-3.500000000000000000e+00 1.012590858456949405e+01
-3.500000000000000000e+00 1.012590858456949405e+01
-3.500000000000000000e+00 9.775526594374900569e+00
-3.500000000000000000e+00 9.775526594374898792e+00
-3.000000000000000000e+00 2.581363571656100575e+01
-3.000000000000000000e+00 2.581359964607928248e+01
-3.000000000000000000e+00 2.581352750901883297e+01
-3.000000000000000000e+00 2.483458002976134793e+01
-3.000000000000000000e+00 2.483456647916681348e+01
-3.000000000000000000e+00 2.483453937852859283e+01
-3.000000000000000000e+00 2.483452582848489243e+01
-3.000000000000000000e+00 2.448415927333110886e+01
-3.000000000000000000e+00 2.448414972838634895e+01
-3.000000000000000000e+00 2.448414972838634895e+01
-3.000000000000000000e+00 2.448412109409869686e+01
-3.000000000000000000e+00 2.388199250695779341e+01
-3.000000000000000000e+00 2.388198727990781123e+01
-3.000000000000000000e+00 2.388197682588980797e+01
-3.000000000000000000e+00 2.388197682588980797e+01
-3.000000000000000000e+00 2.290289425594940553e+01
-3.000000000000000000e+00 2.290289229240650570e+01
-3.000000000000000000e+00 2.290289032886746412e+01
-3.000000000000000000e+00 2.290287854771416676e+01
-3.000000000000000000e+00 2.255250133618651276e+01
-3.000000000000000000e+00 2.255249718676587634e+01
-3.000000000000000000e+00 2.255249580362949047e+01
-3.000000000000000000e+00 2.255249442049501596e+01
-3.000000000000000000e+00 2.124462419776867250e+01
-3.000000000000000000e+00 2.124462382377590686e+01
-3.000000000000000000e+00 2.124462382377590686e+01
-3.000000000000000000e+00 2.124462344978327977e+01
-3.000000000000000000e+00 2.019882671345521885e+01
-3.000000000000000000e+00 1.984853419897575222e+01
-3.000000000000000000e+00 1.984848549950167751e+01
-3.000000000000000000e+00 1.984848549950167751e+01
-3.000000000000000000e+00 1.984848549950167751e+01
-3.000000000000000000e+00 1.949808244121249245e+01
-3.000000000000000000e+00 1.931297954956905016e+01
-3.000000000000000000e+00 1.931297949537387026e+01
-3.000000000000000000e+00 1.931297949537387026e+01
-3.000000000000000000e+00 1.931297938698351757e+01
-3.000000000000000000e+00 1.924632172070197811e+01
-3.000000000000000000e+00 1.924632172070197811e+01
-3.000000000000000000e+00 1.924632161930114549e+01
-3.000000000000000000e+00 1.924632151790032353e+01
-3.000000000000000000e+00 1.889593267813645738e+01
-3.000000000000000000e+00 1.889593260670828911e+01
-3.000000000000000000e+00 1.889593260670828911e+01
-3.000000000000000000e+00 1.889593249956605092e+01
-3.000000000000000000e+00 1.826723401851019801e+01
-3.000000000000000000e+00 1.826722019135690900e+01
-3.000000000000000000e+00 1.826722007708371009e+01
-3.000000000000000000e+00 1.826721998185605500e+01
-3.000000000000000000e+00 1.791688815853805394e+01
-3.000000000000000000e+00 1.791686269395532349e+01
-3.000000000000000000e+00 1.791686262687350606e+01
-3.000000000000000000e+00 1.791686262687350606e+01
-3.000000000000000000e+00 1.791683894727333382e+01
-3.000000000000000000e+00 1.791683893385728865e+01
-3.000000000000000000e+00 1.791683890702519832e+01
-3.000000000000000000e+00 1.791683723002102013e+01
-3.000000000000000000e+00 1.791683723002102013e+01
-3.000000000000000000e+00 1.791683721660499629e+01
-3.000000000000000000e+00 1.791683718977295214e+01
-3.000000000000000000e+00 1.791683717635693185e+01
-3.000000000000000000e+00 1.791682899261732942e+01
-3.000000000000000000e+00 1.791682899261732942e+01
-3.000000000000000000e+00 1.791682893895368167e+01
-3.000000000000000000e+00 1.791682550448637912e+01
-3.000000000000000000e+00 1.756645056846660680e+01
-3.000000000000000000e+00 1.756645055901615038e+01
-3.000000000000000000e+00 1.756645054956569396e+01
-3.000000000000000000e+00 1.756641959035098211e+01
-3.000000000000000000e+00 1.633557867244228845e+01
-3.000000000000000000e+00 1.598519218341720105e+01
-3.000000000000000000e+00 1.598519218147309040e+01
-3.000000000000000000e+00 1.598519217952897975e+01
-3.000000000000000000e+00 1.598513978225922649e+01
-3.000000000000000000e+00 1.563486772564885996e+01
-3.000000000000000000e+00 1.467730545871170023e+01
-3.000000000000000000e+00 1.467730545871170023e+01
-3.000000000000000000e+00 1.467730545818603005e+01
-3.000000000000000000e+00 1.467730545555768096e+01
-3.000000000000000000e+00 1.432692479419713294e+01
-3.000000000000000000e+00 1.432692479308625622e+01
-3.000000000000000000e+00 1.432692479271596397e+01
-3.000000000000000000e+00 1.432692479271596397e+01
-3.000000000000000000e+00 1.328116638608523203e+01
-3.000000000000000000e+00 1.328116049863001891e+01
-3.000000000000000000e+00 1.328116049836975954e+01
-3.000000000000000000e+00 1.328116049810950194e+01
-3.000000000000000000e+00 1.293078571654729814e+01
-3.000000000000000000e+00 1.293078548114858783e+01
-3.000000000000000000e+00 1.293078548114858783e+01
-3.000000000000000000e+00 1.293078548069025757e+01
-3.000000000000000000e+00 1.134952163193915275e+01
-3.000000000000000000e+00 1.134952018214998937e+01
-3.000000000000000000e+00 1.134952018209341951e+01
-3.000000000000000000e+00 1.134952018207456170e+01
-3.000000000000000000e+00 1.099913806631955993e+01
-3.000000000000000000e+00 1.099913806627971091e+01
-3.000000000000000000e+00 1.099913806627971091e+01
-3.000000000000000000e+00 1.099913147363228738e+01
-3.000000000000000000e+00 6.363461234636702990e+00
-2.500000000000000000e+00 2.011953928924798163e+01
-2.500000000000000000e+00 2.011953928924798163e+01
-2.500000000000000000e+00 2.011952144252113328e+01
-2.500000000000000000e+00 2.011952132111591851e+01
-2.500000000000000000e+00 1.949083348435215157e+01
-2.500000000000000000e+00 1.949083335486352553e+01
-2.500000000000000000e+00 1.914044478226768220e+01
-2.500000000000000000e+00 1.914044473666086432e+01
-2.500000000000000000e+00 1.914044441741320313e+01
-2.500000000000000000e+00 1.914044432619960290e+01
-2.500000000000000000e+00 1.914044418937922032e+01
-2.500000000000000000e+00 1.914044414377243086e+01
-2.500000000000000000e+00 1.914042266320542041e+01
-2.500000000000000000e+00 1.914042257199380614e+01
-2.500000000000000000e+00 1.879007509241544582e+01
-2.500000000000000000e+00 1.879007489965524869e+01
-2.500000000000000000e+00 1.783256985758423951e+01
-2.500000000000000000e+00 1.783256983292061548e+01
-2.500000000000000000e+00 1.783256983292061548e+01
-2.500000000000000000e+00 1.783256978359336742e+01
-2.500000000000000000e+00 1.783256978359336742e+01
-2.500000000000000000e+00 1.783256977126155718e+01
-2.500000000000000000e+00 1.783256152131373895e+01
-2.500000000000000000e+00 1.783256147198689945e+01
-2.500000000000000000e+00 1.748218314395256812e+01
-2.500000000000000000e+00 1.748218310920568186e+01
-2.500000000000000000e+00 1.748217188602491490e+01
-2.500000000000000000e+00 1.748217185996504242e+01
-2.500000000000000000e+00 1.748217183390517349e+01
-2.500000000000000000e+00 1.748217182521855051e+01
-2.500000000000000000e+00 1.748217182521855051e+01
-2.500000000000000000e+00 1.748217182521855051e+01
-2.500000000000000000e+00 1.643640907191417000e+01
-2.500000000000000000e+00 1.643640906886148656e+01
-2.500000000000000000e+00 1.608604533704829720e+01
-2.500000000000000000e+00 1.608604532629625439e+01
-2.500000000000000000e+00 1.590092121827597893e+01
-2.500000000000000000e+00 1.590092121827597893e+01
-2.500000000000000000e+00 1.590090776767890901e+01
-2.500000000000000000e+00 1.590090776589194199e+01
-2.500000000000000000e+00 1.590090776589194199e+01
-2.500000000000000000e+00 1.590090776410497320e+01
-2.500000000000000000e+00 1.590090776231800618e+01
-2.500000000000000000e+00 1.590090775695710157e+01
-2.500000000000000000e+00 1.583423749708910044e+01
-2.500000000000000000e+00 1.583423749040224138e+01
-2.500000000000000000e+00 1.555054440680412320e+01
-2.500000000000000000e+00 1.555054440554532569e+01
-2.500000000000000000e+00 1.555054440428652818e+01
-2.500000000000000000e+00 1.555054440428652818e+01
-2.500000000000000000e+00 1.555054440176893316e+01
-2.500000000000000000e+00 1.555054439547494560e+01
-2.500000000000000000e+00 1.555053283222862426e+01
-2.500000000000000000e+00 1.555053282341714294e+01
-2.500000000000000000e+00 1.548389671178457228e+01
-2.500000000000000000e+00 1.548389670825166320e+01
-2.500000000000000000e+00 1.548387449003748095e+01
-2.500000000000000000e+00 1.548387448768226093e+01
-2.500000000000000000e+00 1.548387448532704092e+01
-2.500000000000000000e+00 1.548387448532704092e+01
-2.500000000000000000e+00 1.548387448414943002e+01
-2.500000000000000000e+00 1.548387448179421000e+01
-2.500000000000000000e+00 1.513348186731556844e+01
-2.500000000000000000e+00 1.513348186565652398e+01
-2.500000000000000000e+00 1.450479155123194452e+01
-2.500000000000000000e+00 1.450479155034719447e+01
-2.500000000000000000e+00 1.450477611023110036e+01
-2.500000000000000000e+00 1.450477610934636452e+01
-2.500000000000000000e+00 1.450477610801925721e+01
-2.500000000000000000e+00 1.450477610492267644e+01
-2.500000000000000000e+00 1.450477314592242095e+01
-2.500000000000000000e+00 1.450477314503768689e+01
-2.500000000000000000e+00 1.415439908840976635e+01
-2.500000000000000000e+00 1.415439908809815250e+01
-2.500000000000000000e+00 1.415439131397007344e+01
-2.500000000000000000e+00 1.415439131365846137e+01
-2.500000000000000000e+00 1.415439131272362516e+01
-2.500000000000000000e+00 1.415439131054234068e+01
-2.500000000000000000e+00 1.415437923891955485e+01
-2.500000000000000000e+00 1.415437923642668849e+01
-2.500000000000000000e+00 1.257312020859470536e+01
-2.500000000000000000e+00 1.257312020853060197e+01
-2.500000000000000000e+00 1.222275885481296598e+01
-2.500000000000000000e+00 1.222275885481296598e+01
-2.500000000000000000e+00 1.126524202285227716e+01
-2.500000000000000000e+00 1.126524202283494347e+01
-2.500000000000000000e+00 1.091485718671233407e+01
-2.500000000000000000e+00 1.091485718668791449e+01
-2.500000000000000000e+00 1.091485718668791449e+01
-2.500000000000000000e+00 1.091485718667570559e+01
-2.500000000000000000e+00 1.091485718666349491e+01
-2.500000000000000000e+00 1.091485718666349491e+01
-2.500000000000000000e+00 1.091484969765300406e+01
-2.500000000000000000e+00 1.091484969764079338e+01
-2.500000000000000000e+00 1.056448338808589327e+01
-2.500000000000000000e+00 1.056448338806869103e+01
-2.500000000000000000e+00 9.518717809666627616e+00
-2.500000000000000000e+00 9.518717809654537731e+00
-2.500000000000000000e+00 7.587071127554668948e+00
-2.500000000000000000e+00 7.587071127553793204e+00
-2.000000000000000000e+00 1.677416952539200423e+01
-2.000000000000000000e+00 1.670750267402259226e+01
-2.000000000000000000e+00 1.670750267402259226e+01
-2.000000000000000000e+00 1.670750267001930922e+01
-2.000000000000000000e+00 1.670750267001930922e+01
-2.000000000000000000e+00 1.670747985155871618e+01
-2.000000000000000000e+00 1.670747984355233129e+01
-2.000000000000000000e+00 1.670747984355233129e+01
-2.000000000000000000e+00 1.670747983954913707e+01
-2.000000000000000000e+00 1.670747983954913707e+01
-2.000000000000000000e+00 1.670747982353636729e+01
-2.000000000000000000e+00 1.670747982353636729e+01
-2.000000000000000000e+00 1.670747981152678818e+01
-2.000000000000000000e+00 1.670744797063765219e+01
-2.000000000000000000e+00 1.670744796663458942e+01
-2.000000000000000000e+00 1.670744796663458942e+01
-2.000000000000000000e+00 1.670744796663458942e+01
-2.000000000000000000e+00 1.635711488604637864e+01
-2.000000000000000000e+00 1.635711486348659349e+01
-2.000000000000000000e+00 1.635711486348659349e+01
-2.000000000000000000e+00 1.635711485220670269e+01
-2.000000000000000000e+00 1.572838669774156983e+01
-2.000000000000000000e+00 1.572837890655367588e+01
-2.000000000000000000e+00 1.572837890204229261e+01
-2.000000000000000000e+00 1.572837889903470554e+01
-2.000000000000000000e+00 1.546625582121848375e+01
-2.000000000000000000e+00 1.537800452525056016e+01
-2.000000000000000000e+00 1.537800452525056016e+01
-2.000000000000000000e+00 1.537800452313194199e+01
-2.000000000000000000e+00 1.537799684634783937e+01
-2.000000000000000000e+00 1.442049634236957267e+01
-2.000000000000000000e+00 1.442049634074311726e+01
-2.000000000000000000e+00 1.442049633789681984e+01
-2.000000000000000000e+00 1.442049633789681984e+01
-2.000000000000000000e+00 1.407011991943765672e+01
-2.000000000000000000e+00 1.407011991943765672e+01
-2.000000000000000000e+00 1.407011991915122806e+01
-2.000000000000000000e+00 1.407011991886480118e+01
-2.000000000000000000e+00 1.407011437964655798e+01
-2.000000000000000000e+00 1.407011437936013110e+01
-2.000000000000000000e+00 1.407011437936013110e+01
-2.000000000000000000e+00 1.407011437907370421e+01
-2.000000000000000000e+00 1.407011437907370421e+01
-2.000000000000000000e+00 1.407011437878727733e+01
-2.000000000000000000e+00 1.407011437850085045e+01
-2.000000000000000000e+00 1.407011437821442534e+01
-2.000000000000000000e+00 1.407010536527104705e+01
-2.000000000000000000e+00 1.407010536527104705e+01
-2.000000000000000000e+00 1.407010536527104705e+01
-2.000000000000000000e+00 1.407010536441177528e+01
-2.000000000000000000e+00 1.371973373710352817e+01
-2.000000000000000000e+00 1.371973373629646886e+01
-2.000000000000000000e+00 1.371973373589294098e+01
-2.000000000000000000e+00 1.371973373569117527e+01
-2.000000000000000000e+00 1.267397104974432054e+01
-2.000000000000000000e+00 1.248885519795131316e+01
-2.000000000000000000e+00 1.248885519789239140e+01
-2.000000000000000000e+00 1.248885519783346787e+01
-2.000000000000000000e+00 1.248885519777454611e+01
-2.000000000000000000e+00 1.213846963077698682e+01
-2.000000000000000000e+00 1.213846963073548046e+01
-2.000000000000000000e+00 1.213846963073548046e+01
-2.000000000000000000e+00 1.213846963065246953e+01
-2.000000000000000000e+00 1.213846963065246953e+01
-2.000000000000000000e+00 1.213846963061096318e+01
-2.000000000000000000e+00 1.213846963056945683e+01
-2.000000000000000000e+00 1.213846963052795047e+01
-2.000000000000000000e+00 1.213846927291254651e+01
-2.000000000000000000e+00 1.213846927287104016e+01
-2.000000000000000000e+00 1.213846927278802923e+01
-2.000000000000000000e+00 1.213846927270501652e+01
-2.000000000000000000e+00 1.213844989932237439e+01
-2.000000000000000000e+00 1.213844989919785888e+01
-2.000000000000000000e+00 1.213844989903183880e+01
-2.000000000000000000e+00 1.213844989890732329e+01
-2.000000000000000000e+00 1.207180780483416704e+01
-2.000000000000000000e+00 1.207180780479533766e+01
-2.000000000000000000e+00 1.207180780436821621e+01
-2.000000000000000000e+00 1.207180780436821621e+01
-2.000000000000000000e+00 1.178810052773453698e+01
-2.000000000000000000e+00 1.178810052764682226e+01
-2.000000000000000000e+00 1.178810052764682226e+01
-2.000000000000000000e+00 1.178810052758834637e+01
-2.000000000000000000e+00 1.172142448572060935e+01
-2.000000000000000000e+00 1.172142448552914473e+01
-2.000000000000000000e+00 1.172142448550179239e+01
-2.000000000000000000e+00 1.172142448544708948e+01
-2.000000000000000000e+00 1.074232896155995931e+01
-2.000000000000000000e+00 1.074232841489834023e+01
-2.000000000000000000e+00 1.074232841489834023e+01
-2.000000000000000000e+00 1.074232841488806578e+01
-2.000000000000000000e+00 8.810683318361071770e+00
-2.000000000000000000e+00 7.502791724225986947e+00
-2.000000000000000000e+00 7.502791724225182257e+00
-2.000000000000000000e+00 7.502791724225182257e+00
-2.000000000000000000e+00 7.502791724224376679e+00
-2.000000000000000000e+00 7.152411063152226411e+00
-2.000000000000000000e+00 7.152411063151942194e+00
-2.000000000000000000e+00 7.152411063151942194e+00
-2.000000000000000000e+00 7.152411063151375537e+00
-1.500000000000000000e+00 1.529370863943493575e+01
-1.500000000000000000e+00 1.529370863651391410e+01
-1.500000000000000000e+00 1.529356083352744378e+01
-1.500000000000000000e+00 1.529356082865979438e+01
-1.500000000000000000e+00 1.522706636227789012e+01
-1.500000000000000000e+00 1.522706636227789012e+01
-1.500000000000000000e+00 1.522705317798545011e+01
-1.500000000000000000e+00 1.522705317707456096e+01
-1.500000000000000000e+00 1.522705317707456096e+01
-1.500000000000000000e+00 1.522705317616367182e+01
-1.500000000000000000e+00 1.522705317525278268e+01
-1.500000000000000000e+00 1.522705317160922789e+01
-1.500000000000000000e+00 1.494342416523790185e+01
-1.500000000000000000e+00 1.494342416455195988e+01
-1.500000000000000000e+00 1.494334990800204110e+01
-1.500000000000000000e+00 1.494334990800204110e+01
-1.500000000000000000e+00 1.494334990594437151e+01
-1.500000000000000000e+00 1.494334990525848106e+01
-1.500000000000000000e+00 1.494334990457259060e+01
-1.500000000000000000e+00 1.494334990388670015e+01
-1.500000000000000000e+00 1.487668935851703012e+01
-1.500000000000000000e+00 1.487668935466707687e+01
-1.500000000000000000e+00 1.487668858852646814e+01
-1.500000000000000000e+00 1.487668858788481074e+01
-1.500000000000000000e+00 1.487668858788481074e+01
-1.500000000000000000e+00 1.487668858788481074e+01
-1.500000000000000000e+00 1.487668858724315157e+01
-1.500000000000000000e+00 1.487668858595983501e+01
-1.500000000000000000e+00 1.389758386529229028e+01
-1.500000000000000000e+00 1.389758386481021546e+01
-1.500000000000000000e+00 1.371242669454521668e+01
-1.500000000000000000e+00 1.371242669334344377e+01
-1.500000000000000000e+00 1.336213287896270430e+01
-1.500000000000000000e+00 1.336213287839828645e+01
-1.500000000000000000e+00 1.336208306531293033e+01
-1.500000000000000000e+00 1.336208306517183253e+01
-1.500000000000000000e+00 1.336208306503073651e+01
-1.500000000000000000e+00 1.336208306460744311e+01
-1.500000000000000000e+00 1.336208306446634531e+01
-1.500000000000000000e+00 1.336208306432524928e+01
-1.500000000000000000e+00 1.329542454315756572e+01
-1.500000000000000000e+00 1.329542454236557347e+01
-1.500000000000000000e+00 1.329542368173425082e+01
-1.500000000000000000e+00 1.329542368120625717e+01
-1.500000000000000000e+00 1.329542368054626422e+01
-1.500000000000000000e+00 1.329542368041426492e+01
-1.500000000000000000e+00 1.329542368028226740e+01
-1.500000000000000000e+00 1.329542367988627127e+01
-1.500000000000000000e+00 1.301168856422997067e+01
-1.500000000000000000e+00 1.301168856363362814e+01
-1.500000000000000000e+00 1.294503263736835308e+01
-1.500000000000000000e+00 1.294503263727537323e+01
-1.500000000000000000e+00 1.294503263671748350e+01
-1.500000000000000000e+00 1.294503263653152025e+01
-1.500000000000000000e+00 1.294503263625257539e+01
-1.500000000000000000e+00 1.294503263597363230e+01
-1.500000000000000000e+00 1.294502390853729423e+01
-1.500000000000000000e+00 1.294502390779344836e+01
-1.500000000000000000e+00 1.205418538416797070e+01
-1.500000000000000000e+00 1.205418538405351825e+01
-1.500000000000000000e+00 1.196593731284908557e+01
-1.500000000000000000e+00 1.196593731274430006e+01
-1.500000000000000000e+00 1.170381135644037052e+01
-1.500000000000000000e+00 1.170381135641349601e+01
-1.500000000000000000e+00 1.065805018060478737e+01
-1.500000000000000000e+00 1.065805018059534426e+01
-1.500000000000000000e+00 1.065805018058589937e+01
-1.500000000000000000e+00 1.065805018057645448e+01
-1.500000000000000000e+00 1.065805018055756648e+01
-1.500000000000000000e+00 1.065805018055756648e+01
-1.500000000000000000e+00 1.065804875032335630e+01
-1.500000000000000000e+00 1.065804875031391319e+01
-1.500000000000000000e+00 1.030766473297861552e+01
-1.500000000000000000e+00 1.030766473296531061e+01
-1.500000000000000000e+00 1.030766473296531061e+01
-1.500000000000000000e+00 1.030766473295865815e+01
-1.500000000000000000e+00 1.030766473295200569e+01
-1.500000000000000000e+00 1.030766473294535324e+01
-1.500000000000000000e+00 1.030766441541893919e+01
-1.500000000000000000e+00 1.030766441538567513e+01
-1.500000000000000000e+00 8.726401064885635606e+00
-1.500000000000000000e+00 8.726401064885635606e+00
-1.500000000000000000e+00 8.726399042668070649e+00
-1.500000000000000000e+00 8.726399042666701078e+00
-1.500000000000000000e+00 8.726399042665333283e+00
-1.500000000000000000e+00 8.726399042665333283e+00
-1.500000000000000000e+00 8.726399042662595917e+00
-1.500000000000000000e+00 8.726399042662595917e+00
-1.500000000000000000e+00 8.376025855565490730e+00
-1.500000000000000000e+00 8.376025855557777788e+00
-1.500000000000000000e+00 8.376025855555848665e+00
-1.500000000000000000e+00 8.376025855555848665e+00
-1.500000000000000000e+00 8.376025855554885879e+00
-1.500000000000000000e+00 8.376025855553921318e+00
-1.500000000000000000e+00 8.376021390227544217e+00
-1.500000000000000000e+00 8.376021390225615093e+00
-1.500000000000000000e+00 8.309359955122342711e+00
-1.500000000000000000e+00 8.309359955120537933e+00
-1.500000000000000000e+00 3.740344874086581672e+00
-1.500000000000000000e+00 3.740344874086572347e+00
-1.000000000000000000e+00 1.381330723944088490e+01
-1.000000000000000000e+00 1.381330723921932879e+01
-1.000000000000000000e+00 1.346292370761480051e+01
-1.000000000000000000e+00 1.346292370745873157e+01
-1.000000000000000000e+00 1.346292370730266441e+01
-1.000000000000000000e+00 1.346292370714659725e+01
-1.000000000000000000e+00 1.327780084294835738e+01
-1.000000000000000000e+00 1.327780084204050759e+01
-1.000000000000000000e+00 1.327780084165142860e+01
-1.000000000000000000e+00 1.327778542732715827e+01
-1.000000000000000000e+00 1.321115494766326393e+01
-1.000000000000000000e+00 1.321113094108859798e+01
-1.000000000000000000e+00 1.321113094072461358e+01
-1.000000000000000000e+00 1.321113094072461358e+01
-1.000000000000000000e+00 1.292743132736856104e+01
-1.000000000000000000e+00 1.292742176461780268e+01
-1.000000000000000000e+00 1.292742176406965271e+01
-1.000000000000000000e+00 1.292742176388693487e+01
-1.000000000000000000e+00 1.286076438685352841e+01
-1.000000000000000000e+00 1.286076438685352841e+01
-1.000000000000000000e+00 1.286076438608432504e+01
-1.000000000000000000e+00 1.286075701691997963e+01
-1.000000000000000000e+00 1.286075701691997963e+01
-1.000000000000000000e+00 1.286075701666358029e+01
-1.000000000000000000e+00 1.286075701666358029e+01
-1.000000000000000000e+00 1.286075701640717917e+01
-1.000000000000000000e+00 1.286075701640717917e+01
-1.000000000000000000e+00 1.286075701640717917e+01
-1.000000000000000000e+00 1.286075701623624745e+01
-1.000000000000000000e+00 1.286075701615077982e+01
-1.000000000000000000e+00 1.286075286829814068e+01
-1.000000000000000000e+00 1.286075286795627548e+01
-1.000000000000000000e+00 1.286075286761441028e+01
-1.000000000000000000e+00 1.286073100248832368e+01
-1.000000000000000000e+00 1.251038302610733055e+01
-1.000000000000000000e+00 1.251037380754290496e+01
-1.000000000000000000e+00 1.251037380736229210e+01
-1.000000000000000000e+00 1.251037380724188530e+01
-1.000000000000000000e+00 1.188166231308119691e+01
-1.000000000000000000e+00 1.188166231295277520e+01
-1.000000000000000000e+00 1.188166231295277520e+01
-1.000000000000000000e+00 1.188166231295277520e+01
-1.000000000000000000e+00 1.188165921616509557e+01
-1.000000000000000000e+00 1.188165921616509557e+01
-1.000000000000000000e+00 1.188165921613298970e+01
-1.000000000000000000e+00 1.188165921610088382e+01
-1.000000000000000000e+00 1.188165921603667385e+01
-1.000000000000000000e+00 1.188165921603667385e+01
-1.000000000000000000e+00 1.188165921600456798e+01
-1.000000000000000000e+00 1.188165921590825214e+01
-1.000000000000000000e+00 1.188164824990595037e+01
-1.000000000000000000e+00 1.188164824984174039e+01
-1.000000000000000000e+00 1.188164824977753042e+01
-1.000000000000000000e+00 1.188164824971332045e+01
-1.000000000000000000e+00 1.153128363802969147e+01
-1.000000000000000000e+00 1.153128363796184352e+01
-1.000000000000000000e+00 1.153128363787138078e+01
-1.000000000000000000e+00 1.153128363780353283e+01
-1.000000000000000000e+00 1.153127855208658836e+01
-1.000000000000000000e+00 1.153127855188304629e+01
-1.000000000000000000e+00 1.153127855186043149e+01
-1.000000000000000000e+00 1.153127855186043149e+01
-1.000000000000000000e+00 1.153127855183781492e+01
-1.000000000000000000e+00 1.153127855176996697e+01
-1.000000000000000000e+00 1.153127855174735217e+01
-1.000000000000000000e+00 1.153127855170212079e+01
-1.000000000000000000e+00 1.153126879223095180e+01
-1.000000000000000000e+00 1.153126879214049083e+01
-1.000000000000000000e+00 1.153126879207264288e+01
-1.000000000000000000e+00 1.153126879200479671e+01
-1.000000000000000000e+00 1.146461711554407437e+01
-1.000000000000000000e+00 1.146461711554407437e+01
-1.000000000000000000e+00 1.146461711548060336e+01
-1.000000000000000000e+00 1.146461711548060336e+01
-1.000000000000000000e+00 9.950013475496131576e+00
-1.000000000000000000e+00 9.950013475491479298e+00
-1.000000000000000000e+00 9.950013475472870184e+00
-1.000000000000000000e+00 9.950013475463565626e+00
-1.000000000000000000e+00 9.599637875299912082e+00
-1.000000000000000000e+00 9.599637875296634704e+00
-1.000000000000000000e+00 9.599637875293357325e+00
-1.000000000000000000e+00 9.599637875283526967e+00
-1.000000000000000000e+00 9.532968932995688149e+00
-1.000000000000000000e+00 9.532968932986491950e+00
-1.000000000000000000e+00 9.532968932986491950e+00
-1.000000000000000000e+00 9.532968932968095999e+00
-1.000000000000000000e+00 8.642123460909214572e+00
-1.000000000000000000e+00 8.291741791012194440e+00
-1.000000000000000000e+00 8.291741791009535234e+00
-1.000000000000000000e+00 8.291741791008648832e+00
-1.000000000000000000e+00 8.291734060101148884e+00
-1.000000000000000000e+00 7.941370719184576821e+00
-1.000000000000000000e+00 6.895600863583449147e+00
-1.000000000000000000e+00 6.895600863583010387e+00
-1.000000000000000000e+00 6.895600863582791007e+00
-1.000000000000000000e+00 6.895600863582352247e+00
-1.000000000000000000e+00 4.963955682058041496e+00
-1.000000000000000000e+00 4.963955682058025509e+00
-1.000000000000000000e+00 4.963955682057994423e+00
-1.000000000000000000e+00 4.963955682057994423e+00
-5.000000000000000000e-01 1.408435616416684510e+01
-5.000000000000000000e-01 1.408434569944311043e+01
-5.000000000000000000e-01 1.408434569944311043e+01
-5.000000000000000000e-01 1.408434569799045022e+01
-5.000000000000000000e-01 1.408427163557788830e+01
-5.000000000000000000e-01 1.408427163412533645e+01
-5.000000000000000000e-01 1.401770394947633847e+01
-5.000000000000000000e-01 1.401770394920453811e+01
-5.000000000000000000e-01 1.373404481713377479e+01
-5.000000000000000000e-01 1.373404481672442934e+01
-5.000000000000000000e-01 1.373399887907484640e+01
-5.000000000000000000e-01 1.373399887866551872e+01
-5.000000000000000000e-01 1.373399887784686513e+01
-5.000000000000000000e-01 1.373399887764220217e+01
-5.000000000000000000e-01 1.373399887764220217e+01
-5.000000000000000000e-01 1.373399887743753922e+01
-5.000000000000000000e-01 1.366733126127302889e+01
-5.000000000000000000e-01 1.366733126089009964e+01
-5.000000000000000000e-01 1.310527280354847335e+01
-5.000000000000000000e-01 1.310527280289362828e+01
-5.000000000000000000e-01 1.310526152514590592e+01
-5.000000000000000000e-01 1.310526152492762542e+01
-5.000000000000000000e-01 1.310526152481848605e+01
-5.000000000000000000e-01 1.310526152460020732e+01
-5.000000000000000000e-01 1.310526152449106618e+01
-5.000000000000000000e-01 1.310526152427278745e+01
-5.000000000000000000e-01 1.275489816032326118e+01
-5.000000000000000000e-01 1.275489816016949796e+01
-5.000000000000000000e-01 1.275489816001573473e+01
-5.000000000000000000e-01 1.275489816001573473e+01
-5.000000000000000000e-01 1.275489815986197151e+01
-5.000000000000000000e-01 1.275489815978508901e+01
-5.000000000000000000e-01 1.275488979526152278e+01
-5.000000000000000000e-01 1.275488979487711916e+01
-5.000000000000000000e-01 1.268823131667231685e+01
-5.000000000000000000e-01 1.268823131602500887e+01
-5.000000000000000000e-01 1.268822824476474764e+01
-5.000000000000000000e-01 1.268822824462090182e+01
-5.000000000000000000e-01 1.268822824440513308e+01
-5.000000000000000000e-01 1.268822824433321017e+01
-5.000000000000000000e-01 1.268822824418936435e+01
-5.000000000000000000e-01 1.268822824361397927e+01
-5.000000000000000000e-01 1.179739320761041732e+01
-5.000000000000000000e-01 1.179739320737433061e+01
-5.000000000000000000e-01 1.144699620851271682e+01
-5.000000000000000000e-01 1.144699620847114119e+01
-5.000000000000000000e-01 1.144699620845035248e+01
-5.000000000000000000e-01 1.144699620832562559e+01
-5.000000000000000000e-01 1.144699309141504884e+01
-5.000000000000000000e-01 1.144699309137347321e+01
-5.000000000000000000e-01 1.144695033411592000e+01
-5.000000000000000000e-01 1.144695033394962458e+01
-5.000000000000000000e-01 1.109664055843082409e+01
-5.000000000000000000e-01 1.109664055829903084e+01
-5.000000000000000000e-01 1.075658029555470563e+01
-5.000000000000000000e-01 1.075658029547132699e+01
-5.000000000000000000e-01 1.005085871646257800e+01
-5.000000000000000000e-01 1.005085871645743190e+01
-5.000000000000000000e-01 9.865721063153777948e+00
-5.000000000000000000e-01 9.865721063111013933e+00
-5.000000000000000000e-01 9.515379195255663447e+00
-5.000000000000000000e-01 9.515379195243614419e+00
-5.000000000000000000e-01 9.515354290277143079e+00
-5.000000000000000000e-01 9.515354290268106752e+00
-5.000000000000000000e-01 9.515354290265094050e+00
-5.000000000000000000e-01 9.515354290256057723e+00
-5.000000000000000000e-01 9.515351328862877267e+00
-5.000000000000000000e-01 9.515351328841790135e+00
-5.000000000000000000e-01 9.448697083237268757e+00
-5.000000000000000000e-01 9.448697083225997773e+00
-5.000000000000000000e-01 9.448690944525015567e+00
-5.000000000000000000e-01 9.448690944522196489e+00
-5.000000000000000000e-01 9.448690944522196489e+00
-5.000000000000000000e-01 9.448690944522196489e+00
-5.000000000000000000e-01 9.448690944516560108e+00
-5.000000000000000000e-01 9.448690944516560108e+00
-5.000000000000000000e-01 9.164961574358670759e+00
-5.000000000000000000e-01 9.164961574345939610e+00
-5.000000000000000000e-01 9.098308954336310705e+00
-5.000000000000000000e-01 9.098308954334324739e+00
-5.000000000000000000e-01 9.098308954330354581e+00
-5.000000000000000000e-01 9.098308954326384423e+00
-5.000000000000000000e-01 9.098308954322414266e+00
-5.000000000000000000e-01 9.098308954316459918e+00
-5.000000000000000000e-01 9.098291164527143593e+00
-5.000000000000000000e-01 9.098291164515233120e+00
-5.000000000000000000e-01 8.119210944935650431e+00
-5.000000000000000000e-01 8.119210944935650431e+00
-5.000000000000000000e-01 8.119210944934904362e+00
-5.000000000000000000e-01 8.119210944934158292e+00
-5.000000000000000000e-01 8.119210944932666152e+00
-5.000000000000000000e-01 8.119210944927447215e+00
-5.000000000000000000e-01 8.119208965821792745e+00
-5.000000000000000000e-01 8.119208965812843459e+00
-5.000000000000000000e-01 6.187568701115570668e+00
-5.000000000000000000e-01 6.187568701115354841e+00
-5.000000000000000000e-01 4.879671793078534492e+00
-5.000000000000000000e-01 4.879671793078417252e+00
-5.000000000000000000e-01 4.529304423987767336e+00
-5.000000000000000000e-01 4.529304423987706052e+00
0.000000000000000000e+00 1.260394874577380619e+01
0.000000000000000000e+00 1.260394874577380619e+01
0.000000000000000000e+00 1.260394874564158663e+01
0.000000000000000000e+00 1.260394285874958165e+01
0.000000000000000000e+00 1.260394285861736385e+01
0.000000000000000000e+00 1.260394285848514428e+01
0.000000000000000000e+00 1.260394285848514428e+01
0.000000000000000000e+00 1.260394285841903539e+01
0.000000000000000000e+00 1.260394285835292472e+01
0.000000000000000000e+00 1.260394285828681582e+01
0.000000000000000000e+00 1.260394285815459803e+01
0.000000000000000000e+00 1.260394285808848736e+01
0.000000000000000000e+00 1.232030842862310749e+01
0.000000000000000000e+00 1.232023854598113388e+01
0.000000000000000000e+00 1.232023854578201494e+01
0.000000000000000000e+00 1.232023854503531979e+01
0.000000000000000000e+00 1.225356807690118899e+01
0.000000000000000000e+00 1.225356807652863722e+01
0.000000000000000000e+00 1.225356807634236134e+01
0.000000000000000000e+00 1.225356784175088265e+01
0.000000000000000000e+00 1.225356784147146882e+01
0.000000000000000000e+00 1.225356784123862397e+01
0.000000000000000000e+00 1.225356784114548425e+01
0.000000000000000000e+00 1.225356784114548425e+01
0.000000000000000000e+00 1.225356784114548425e+01
0.000000000000000000e+00 1.225356784109891528e+01
0.000000000000000000e+00 1.225356784100577734e+01
0.000000000000000000e+00 1.225356784095920837e+01
0.000000000000000000e+00 1.225355595996820490e+01
0.000000000000000000e+00 1.225355595964222566e+01
0.000000000000000000e+00 1.225355595931624642e+01
0.000000000000000000e+00 1.225354613057686493e+01
0.000000000000000000e+00 1.127446813727358155e+01
0.000000000000000000e+00 1.127446813718611374e+01
0.000000000000000000e+00 1.127446813718611374e+01
0.000000000000000000e+00 1.127446813713363127e+01
0.000000000000000000e+00 1.108932325513699446e+01
0.000000000000000000e+00 1.073905831949488920e+01
0.000000000000000000e+00 1.073896757879453645e+01
0.000000000000000000e+00 1.073896757874333474e+01
0.000000000000000000e+00 1.073896757869213303e+01
0.000000000000000000e+00 1.067230399196548518e+01
0.000000000000000000e+00 1.067230399196548518e+01
0.000000000000000000e+00 1.067230399191758394e+01
0.000000000000000000e+00 1.067230254212827134e+01
0.000000000000000000e+00 1.067230254205163043e+01
0.000000000000000000e+00 1.067230254205163043e+01
0.000000000000000000e+00 1.067230254204205053e+01
0.000000000000000000e+00 1.067230254203247064e+01
0.000000000000000000e+00 1.067230254201331086e+01
0.000000000000000000e+00 1.067230254201331086e+01
0.000000000000000000e+00 1.067230254200373096e+01
0.000000000000000000e+00 1.067230254192709182e+01
0.000000000000000000e+00 1.067229810177837557e+01
0.000000000000000000e+00 1.067229084284629259e+01
0.000000000000000000e+00 1.067229084276007356e+01
0.000000000000000000e+00 1.067229084274091377e+01
0.000000000000000000e+00 1.038850690294775703e+01
0.000000000000000000e+00 1.032192276068522041e+01
0.000000000000000000e+00 1.032192276066497705e+01
0.000000000000000000e+00 1.032192276063123515e+01
0.000000000000000000e+00 1.032192042624546602e+01
0.000000000000000000e+00 1.032192042623196926e+01
0.000000000000000000e+00 1.032192042620497574e+01
0.000000000000000000e+00 1.032192042619822736e+01
0.000000000000000000e+00 1.032192042619147898e+01
0.000000000000000000e+00 1.032192042618473060e+01
0.000000000000000000e+00 1.032192042618473060e+01
0.000000000000000000e+00 1.032192042617123384e+01
0.000000000000000000e+00 1.032192042617123384e+01
0.000000000000000000e+00 1.032191383364987836e+01
0.000000000000000000e+00 1.032191383364312998e+01
0.000000000000000000e+00 1.032191383361613823e+01
0.000000000000000000e+00 1.032188803177094627e+01
0.000000000000000000e+00 1.025526422595015319e+01
0.000000000000000000e+00 9.342823388948625407e+00
0.000000000000000000e+00 9.342823388946090546e+00
0.000000000000000000e+00 9.342823388933414464e+00
0.000000000000000000e+00 9.342823388923275019e+00
0.000000000000000000e+00 8.034931391905431042e+00
0.000000000000000000e+00 8.034931391902004449e+00
0.000000000000000000e+00 8.034931391900633102e+00
0.000000000000000000e+00 8.034911563461376360e+00
0.000000000000000000e+00 7.684554085255951961e+00
0.000000000000000000e+00 7.684549925428059147e+00
0.000000000000000000e+00 7.684549925426128247e+00
0.000000000000000000e+00 7.684549925423714178e+00
0.000000000000000000e+00 6.103283752815935159e+00
0.000000000000000000e+00 6.103283752814643748e+00
0.000000000000000000e+00 6.103283752813501550e+00
0.000000000000000000e+00 6.103283432645823403e+00
0.000000000000000000e+00 5.752924176033669568e+00
0.000000000000000000e+00 5.752912477607051045e+00
0.000000000000000000e+00 5.752912477606002106e+00
0.000000000000000000e+00 5.752912477604812835e+00
0.000000000000000000e+00 5.686243594588783701e+00
0.000000000000000000e+00 5.686243594587998551e+00
0.000000000000000000e+00 5.686243594587376826e+00
0.000000000000000000e+00 5.686232491738539174e+00
0.000000000000000000e+00 1.117234064842675956e+00
5.000000000000000000e-01 1.347718144841234000e+01
5.000000000000000000e-01 1.347718144841234000e+01
5.000000000000000000e-01 1.347718144714586685e+01
5.000000000000000000e-01 1.347717502615116558e+01
5.000000000000000000e-01 1.347717502551793345e+01
5.000000000000000000e-01 1.347717502551793345e+01
5.000000000000000000e-01 1.347717502504300846e+01
5.000000000000000000e-01 1.347717367325157412e+01
5.000000000000000000e-01 1.347717367246003484e+01
5.000000000000000000e-01 1.347717367198511162e+01
5.000000000000000000e-01 1.347717367198511162e+01
5.000000000000000000e-01 1.347717367166849556e+01
5.000000000000000000e-01 1.347717136211830002e+01
5.000000000000000000e-01 1.347717136211830002e+01
5.000000000000000000e-01 1.347716159831593430e+01
5.000000000000000000e-01 1.347716159815762893e+01
5.000000000000000000e-01 1.347716159815762893e+01
5.000000000000000000e-01 1.347716159752440568e+01
5.000000000000000000e-01 1.347716159720779316e+01
5.000000000000000000e-01 1.347716159673287528e+01
5.000000000000000000e-01 1.347713404325582509e+01
5.000000000000000000e-01 1.347713404278092142e+01
5.000000000000000000e-01 1.341051538140985144e+01
5.000000000000000000e-01 1.341051538007695676e+01
5.000000000000000000e-01 1.249807760980486826e+01
5.000000000000000000e-01 1.249807760938858792e+01
5.000000000000000000e-01 1.189590256905336929e+01
5.000000000000000000e-01 1.189590256885797359e+01
5.000000000000000000e-01 1.189590256882540764e+01
5.000000000000000000e-01 1.189590256856487827e+01
5.000000000000000000e-01 1.189590256853231232e+01
5.000000000000000000e-01 1.189590256849974637e+01
5.000000000000000000e-01 1.189589710683006452e+01
5.000000000000000000e-01 1.189589710624387919e+01
5.000000000000000000e-01 1.154555865409038873e+01
5.000000000000000000e-01 1.154555865399862569e+01
5.000000000000000000e-01 1.154554121479213080e+01
5.000000000000000000e-01 1.154554121479213080e+01
5.000000000000000000e-01 1.154554121476919093e+01
5.000000000000000000e-01 1.154554121472330941e+01
5.000000000000000000e-01 1.154554121470036954e+01
5.000000000000000000e-01 1.154554121451684345e+01
5.000000000000000000e-01 1.147887359623603309e+01
5.000000000000000000e-01 1.147887359612872693e+01
5.000000000000000000e-01 1.119019420531388675e+01
5.000000000000000000e-01 1.119019420520132790e+01
5.000000000000000000e-01 1.083979975502697712e+01
5.000000000000000000e-01 1.083979975489105740e+01
5.000000000000000000e-01 1.058802438276265789e+01
5.000000000000000000e-01 1.058802438269221291e+01
5.000000000000000000e-01 1.023763954665143316e+01
5.000000000000000000e-01 1.023763954664523013e+01
5.000000000000000000e-01 1.023763954661421494e+01
5.000000000000000000e-01 1.023763954658940456e+01
5.000000000000000000e-01 1.023763954657079545e+01
5.000000000000000000e-01 1.023763954657079545e+01
5.000000000000000000e-01 1.023763205758429429e+01
5.000000000000000000e-01 1.023763205752846872e+01
5.000000000000000000e-01 9.887265748058238657e+00
5.000000000000000000e-01 9.887265747988326581e+00
5.000000000000000000e-01 9.258539703260217024e+00
5.000000000000000000e-01 9.258539703246237096e+00
5.000000000000000000e-01 9.258539142356148943e+00
5.000000000000000000e-01 9.258539142316537962e+00
5.000000000000000000e-01 9.258539142314207382e+00
5.000000000000000000e-01 9.258539142311876802e+00
5.000000000000000000e-01 9.258508721045744849e+00
5.000000000000000000e-01 9.258508721034095501e+00
5.000000000000000000e-01 8.908184125401922060e+00
5.000000000000000000e-01 8.908184125398639353e+00
5.000000000000000000e-01 8.908165114661603212e+00
5.000000000000000000e-01 8.908165114640263837e+00
5.000000000000000000e-01 8.908165114632057069e+00
5.000000000000000000e-01 8.908165114628774361e+00
5.000000000000000000e-01 8.908161220995259200e+00
5.000000000000000000e-01 8.908161220982128370e+00
5.000000000000000000e-01 8.841502246650753349e+00
5.000000000000000000e-01 8.841502246641541163e+00
5.000000000000000000e-01 8.841500169603067505e+00
5.000000000000000000e-01 8.841500169595390091e+00
5.000000000000000000e-01 8.841500169593855318e+00
5.000000000000000000e-01 8.841500169589247449e+00
5.000000000000000000e-01 8.841500169586176128e+00
5.000000000000000000e-01 8.841500169586176128e+00
5.000000000000000000e-01 7.326909472870163142e+00
5.000000000000000000e-01 7.326909472868812223e+00
5.000000000000000000e-01 6.976508180372374746e+00
5.000000000000000000e-01 6.976508180369997092e+00
5.000000000000000000e-01 6.909853487506288694e+00
5.000000000000000000e-01 6.909853487506066649e+00
5.000000000000000000e-01 6.909853487505843717e+00
5.000000000000000000e-01 6.909853487505843717e+00
5.000000000000000000e-01 6.909853487505843717e+00
5.000000000000000000e-01 6.909853487505398739e+00
5.000000000000000000e-01 6.909839763814943581e+00
5.000000000000000000e-01 6.909839763812051672e+00
5.000000000000000000e-01 4.272482878564662911e+00
5.000000000000000000e-01 4.272482878564559883e+00
5.000000000000000000e-01 2.340847096783337467e+00
5.000000000000000000e-01 2.340847096783331693e+00
1.000000000000000000e+00 1.339289673868520403e+01
1.000000000000000000e+00 1.339289673868520403e+01
1.000000000000000000e+00 1.339289673853969020e+01
1.000000000000000000e+00 1.339289673853969020e+01
1.000000000000000000e+00 1.339289673810315229e+01
1.000000000000000000e+00 1.339288772587755894e+01
1.000000000000000000e+00 1.339288772515000048e+01
1.000000000000000000e+00 1.339288772500449021e+01
1.000000000000000000e+00 1.339288772485897816e+01
1.000000000000000000e+00 1.304251609745185903e+01
1.000000000000000000e+00 1.304251609673434409e+01
1.000000000000000000e+00 1.304251609673434409e+01
1.000000000000000000e+00 1.304251609652934007e+01
1.000000000000000000e+00 1.270247841726659921e+01
1.000000000000000000e+00 1.241380103102045140e+01
1.000000000000000000e+00 1.241379146775807740e+01
1.000000000000000000e+00 1.241379146775807740e+01
1.000000000000000000e+00 1.241379146759409124e+01
1.000000000000000000e+00 1.206342249150918100e+01
1.000000000000000000e+00 1.206342249123964550e+01
1.000000000000000000e+00 1.206342249120114118e+01
1.000000000000000000e+00 1.206340707531004597e+01
1.000000000000000000e+00 1.199676554498280723e+01
1.000000000000000000e+00 1.199675340967155890e+01
1.000000000000000000e+00 1.199675340963553616e+01
1.000000000000000000e+00 1.199675340952747149e+01
1.000000000000000000e+00 1.181163755794176495e+01
1.000000000000000000e+00 1.181163755776215929e+01
1.000000000000000000e+00 1.181163755776215929e+01
1.000000000000000000e+00 1.181163755770229074e+01
1.000000000000000000e+00 1.146125199072220013e+01
1.000000000000000000e+00 1.146125199070111478e+01
1.000000000000000000e+00 1.146125199068002765e+01
1.000000000000000000e+00 1.146125199068002765e+01
1.000000000000000000e+00 1.146125199065894229e+01
1.000000000000000000e+00 1.146125199061676980e+01
1.000000000000000000e+00 1.146125199059568267e+01
1.000000000000000000e+00 1.146125199053242483e+01
1.000000000000000000e+00 1.146125163275206127e+01
1.000000000000000000e+00 1.146125163273097414e+01
1.000000000000000000e+00 1.146125163264662916e+01
1.000000000000000000e+00 1.146125163262554381e+01
1.000000000000000000e+00 1.146123225925512656e+01
1.000000000000000000e+00 1.146123225923404121e+01
1.000000000000000000e+00 1.146123225921295408e+01
1.000000000000000000e+00 1.146123225914969801e+01
1.000000000000000000e+00 1.139459016468441988e+01
1.000000000000000000e+00 1.139459016468441988e+01
1.000000000000000000e+00 1.139459016468441988e+01
1.000000000000000000e+00 1.139459016464496699e+01
1.000000000000000000e+00 1.111088288768760712e+01
1.000000000000000000e+00 1.111088288767275323e+01
1.000000000000000000e+00 1.111088288755392384e+01
1.000000000000000000e+00 1.111088288746480224e+01
1.000000000000000000e+00 1.104420684549681120e+01
1.000000000000000000e+00 1.104420684541343789e+01
1.000000000000000000e+00 1.104420684539954145e+01
1.000000000000000000e+00 1.104420684535785568e+01
1.000000000000000000e+00 1.048215460073701877e+01
1.000000000000000000e+00 1.048215460072117722e+01
1.000000000000000000e+00 1.048215460072117722e+01
1.000000000000000000e+00 1.048214512161966461e+01
1.000000000000000000e+00 1.013178164963791517e+01
1.000000000000000000e+00 1.013177552234665768e+01
1.000000000000000000e+00 1.013177552230201961e+01
1.000000000000000000e+00 1.013177552226854061e+01
1.000000000000000000e+00 1.006511132153872268e+01
1.000000000000000000e+00 1.006511132152828303e+01
1.000000000000000000e+00 1.006511132150740373e+01
1.000000000000000000e+00 1.006511077487396477e+01
1.000000000000000000e+00 1.006511077485830619e+01
1.000000000000000000e+00 1.006511077485308547e+01
1.000000000000000000e+00 1.006511077483742689e+01
1.000000000000000000e+00 1.006511077483220618e+01
1.000000000000000000e+00 1.006511077482698546e+01
1.000000000000000000e+00 1.006511077481132688e+01
1.000000000000000000e+00 1.006511077480610616e+01
1.000000000000000000e+00 1.006511077479566652e+01
1.000000000000000000e+00 1.006510662621199259e+01
1.000000000000000000e+00 1.006510662619111329e+01
1.000000000000000000e+00 1.006510662617023399e+01
1.000000000000000000e+00 1.006510131962069465e+01
1.000000000000000000e+00 8.133465678316563086e+00
1.000000000000000000e+00 8.133465678315806358e+00
1.000000000000000000e+00 8.133465678315806358e+00
1.000000000000000000e+00 8.133463388860119991e+00
1.000000000000000000e+00 7.427740315485157119e+00
1.000000000000000000e+00 6.825574084175547895e+00
1.000000000000000000e+00 6.825574084175547895e+00
1.000000000000000000e+00 6.825574084175547895e+00
1.000000000000000000e+00 6.825574084175343614e+00
1.000000000000000000e+00 6.475193423103363877e+00
1.000000000000000000e+00 6.475193423103219992e+00
1.000000000000000000e+00 6.475193423103219992e+00
1.000000000000000000e+00 6.475193423102355794e+00
1.000000000000000000e+00 5.496095549272886238e+00
1.000000000000000000e+00 5.496095549272886238e+00
1.000000000000000000e+00 5.496095549272886238e+00
1.000000000000000000e+00 5.496093970929345929e+00
1.000000000000000000e+00 3.564455228584697988e+00
1.500000000000000000e+00 1.426613226547248736e+01
1.500000000000000000e+00 1.426613226477558349e+01
1.500000000000000000e+00 1.426613226373022769e+01
1.500000000000000000e+00 1.426613226373022769e+01
1.500000000000000000e+00 1.419947171660475149e+01
1.500000000000000000e+00 1.419947171562680843e+01
1.500000000000000000e+00 1.419947094826756384e+01
1.500000000000000000e+00 1.419947094826756384e+01
1.500000000000000000e+00 1.419947094663765874e+01
1.500000000000000000e+00 1.419947094598569670e+01
1.500000000000000000e+00 1.419947094598569670e+01
1.500000000000000000e+00 1.419947094468177440e+01
1.500000000000000000e+00 1.363740779415233284e+01
1.500000000000000000e+00 1.363740779303741668e+01
1.500000000000000000e+00 1.328703376834242178e+01
1.500000000000000000e+00 1.328703376768794264e+01
1.500000000000000000e+00 1.322037110794662773e+01
1.500000000000000000e+00 1.322037110794662773e+01
1.500000000000000000e+00 1.322036622619085122e+01
1.500000000000000000e+00 1.322036622545612872e+01
1.500000000000000000e+00 1.322036622545612872e+01
1.500000000000000000e+00 1.322036622545612872e+01
1.500000000000000000e+00 1.322036622533367556e+01
1.500000000000000000e+00 1.322036622472140621e+01
1.500000000000000000e+00 1.303520905354973181e+01
1.500000000000000000e+00 1.303520905283743936e+01
1.500000000000000000e+00 1.268491523862459225e+01
1.500000000000000000e+00 1.268491523812279631e+01
1.500000000000000000e+00 1.268486542520582461e+01
1.500000000000000000e+00 1.268486542513414328e+01
1.500000000000000000e+00 1.268486542506246195e+01
1.500000000000000000e+00 1.268486542499078062e+01
1.500000000000000000e+00 1.268486542484741797e+01
1.500000000000000000e+00 1.268486542477573664e+01
1.500000000000000000e+00 1.261820690337075845e+01
1.500000000000000000e+00 1.261820690263310851e+01
1.500000000000000000e+00 1.261820604105789556e+01
1.500000000000000000e+00 1.261820604078965857e+01
1.500000000000000000e+00 1.261820604078965857e+01
1.500000000000000000e+00 1.261820604072260110e+01
1.500000000000000000e+00 1.261820604072260110e+01
1.500000000000000000e+00 1.261820604038730487e+01
1.500000000000000000e+00 1.233447092380519372e+01
1.500000000000000000e+00 1.233447092350223429e+01
1.500000000000000000e+00 1.226781499697965572e+01
1.500000000000000000e+00 1.226781499693241884e+01
1.500000000000000000e+00 1.226781499688518018e+01
1.500000000000000000e+00 1.226781499688518018e+01
1.500000000000000000e+00 1.226781499679070642e+01
1.500000000000000000e+00 1.226781499679070642e+01
1.500000000000000000e+00 1.226780626859000733e+01
1.500000000000000000e+00 1.226780626821211229e+01
1.500000000000000000e+00 1.128872250588541526e+01
1.500000000000000000e+00 1.128872250577894754e+01
1.500000000000000000e+00 1.128871967269014931e+01
1.500000000000000000e+00 1.128871967269014931e+01
1.500000000000000000e+00 1.128871967265465948e+01
1.500000000000000000e+00 1.128871967265465948e+01
1.500000000000000000e+00 1.128871967263691367e+01
1.500000000000000000e+00 1.128871967263691367e+01
1.500000000000000000e+00 9.980832540556310306e+00
1.500000000000000000e+00 9.980832540551512366e+00
1.500000000000000000e+00 9.980832540532320607e+00
1.500000000000000000e+00 9.980832540532320607e+00
1.500000000000000000e+00 9.980832540503532968e+00
1.500000000000000000e+00 9.980832540498735028e+00
1.500000000000000000e+00 9.980831110259961392e+00
1.500000000000000000e+00 9.980831110231173753e+00
1.500000000000000000e+00 9.630447092935503051e+00
1.500000000000000000e+00 9.630447092932124420e+00
1.500000000000000000e+00 9.630447092928744013e+00
1.500000000000000000e+00 9.630447092925363606e+00
1.500000000000000000e+00 9.630447092918604568e+00
1.500000000000000000e+00 9.630447092905084716e+00
1.500000000000000000e+00 9.630446775393750158e+00
1.500000000000000000e+00 9.630446775380230306e+00
1.500000000000000000e+00 8.651349966698024474e+00
1.500000000000000000e+00 8.651349966692947646e+00
1.500000000000000000e+00 8.049183424847813129e+00
1.500000000000000000e+00 8.049183424840165912e+00
1.500000000000000000e+00 8.049181402616772729e+00
1.500000000000000000e+00 8.049181402616078174e+00
1.500000000000000000e+00 8.049181402613296399e+00
1.500000000000000000e+00 8.049181402613296399e+00
1.500000000000000000e+00 8.049181402612601843e+00
1.500000000000000000e+00 8.049181402609123737e+00
1.500000000000000000e+00 7.698808215511278696e+00
1.500000000000000000e+00 7.698808215510788422e+00
1.500000000000000000e+00 7.698808215508829100e+00
1.500000000000000000e+00 7.698808215507850328e+00
1.500000000000000000e+00 7.698808215506380392e+00
1.500000000000000000e+00 7.698808215504421959e+00
1.500000000000000000e+00 7.698803750178985439e+00
1.500000000000000000e+00 7.698803750178496053e+00
1.500000000000000000e+00 7.632142315072954375e+00
1.500000000000000000e+00 7.632142315072496075e+00
1.500000000000000000e+00 6.719708048525717459e+00
1.500000000000000000e+00 6.719708048524797306e+00
1.500000000000000000e+00 3.063127234037509528e+00
1.500000000000000000e+00 3.063127234037502422e+00
2.000000000000000000e+00 1.548976830315129405e+01
2.000000000000000000e+00 1.542309296905825811e+01
2.000000000000000000e+00 1.542309296462559765e+01
2.000000000000000000e+00 1.542309296351743342e+01
2.000000000000000000e+00 1.542309296240926919e+01
2.000000000000000000e+00 1.542306880803051072e+01
2.000000000000000000e+00 1.542306879584099200e+01
2.000000000000000000e+00 1.542306879473285441e+01
2.000000000000000000e+00 1.542306879473285441e+01
2.000000000000000000e+00 1.542306879251657747e+01
2.000000000000000000e+00 1.542306878919216295e+01
2.000000000000000000e+00 1.542306878919216295e+01
2.000000000000000000e+00 1.542306878697588601e+01
2.000000000000000000e+00 1.542304069163674818e+01
2.000000000000000000e+00 1.542304068277189266e+01
2.000000000000000000e+00 1.542304068166378528e+01
2.000000000000000000e+00 1.542304067612325014e+01
2.000000000000000000e+00 1.444397515957453848e+01
2.000000000000000000e+00 1.444397333629755842e+01
2.000000000000000000e+00 1.444397333504874048e+01
2.000000000000000000e+00 1.444397333005346518e+01
2.000000000000000000e+00 1.384179166338656231e+01
2.000000000000000000e+00 1.384179166156290286e+01
2.000000000000000000e+00 1.384179166065107225e+01
2.000000000000000000e+00 1.384179165928332722e+01
2.000000000000000000e+00 1.349144455554328736e+01
2.000000000000000000e+00 1.349144455554328736e+01
2.000000000000000000e+00 1.349144455313453861e+01
2.000000000000000000e+00 1.349144455233162176e+01
2.000000000000000000e+00 1.313608960200500420e+01
2.000000000000000000e+00 1.313608959941620036e+01
2.000000000000000000e+00 1.313608959907852913e+01
2.000000000000000000e+00 1.313608959885341676e+01
2.000000000000000000e+00 1.278570606804109744e+01
2.000000000000000000e+00 1.278570606708965407e+01
2.000000000000000000e+00 1.278570606693107869e+01
2.000000000000000000e+00 1.278570606605892301e+01
2.000000000000000000e+00 1.253391330080667210e+01
2.000000000000000000e+00 1.218354674686538530e+01
2.000000000000000000e+00 1.218353937693223443e+01
2.000000000000000000e+00 1.218353937688881494e+01
2.000000000000000000e+00 1.218353937662829978e+01
2.000000000000000000e+00 1.183315616778667589e+01
2.000000000000000000e+00 1.120444467301725844e+01
2.000000000000000000e+00 1.120444467296832514e+01
2.000000000000000000e+00 1.120444467287046209e+01
2.000000000000000000e+00 1.120444467282153056e+01
2.000000000000000000e+00 1.120444157615342284e+01
2.000000000000000000e+00 1.120444157615342284e+01
2.000000000000000000e+00 1.120444157603924928e+01
2.000000000000000000e+00 1.120444157600662827e+01
2.000000000000000000e+00 1.120444157599031776e+01
2.000000000000000000e+00 1.120444157597400725e+01
2.000000000000000000e+00 1.120444157592507572e+01
2.000000000000000000e+00 1.120444157590876522e+01
2.000000000000000000e+00 1.120443060997683027e+01
2.000000000000000000e+00 1.120443060984634798e+01
2.000000000000000000e+00 1.120443060978110594e+01
2.000000000000000000e+00 1.120443060965062365e+01
2.000000000000000000e+00 1.085406599799815197e+01
2.000000000000000000e+00 1.085406599795219407e+01
2.000000000000000000e+00 1.085406599789474669e+01
2.000000000000000000e+00 1.085406599789474669e+01
2.000000000000000000e+00 1.085406091178101562e+01
2.000000000000000000e+00 1.085406091176952614e+01
2.000000000000000000e+00 1.085406091175803667e+01
2.000000000000000000e+00 1.085406091174654719e+01
2.000000000000000000e+00 1.085406091173505772e+01
2.000000000000000000e+00 1.085406091171207876e+01
2.000000000000000000e+00 1.085406091166612086e+01
2.000000000000000000e+00 1.085406091164314191e+01
2.000000000000000000e+00 1.085405115220146754e+01
2.000000000000000000e+00 1.085405115210955351e+01
2.000000000000000000e+00 1.085405115207508508e+01
2.000000000000000000e+00 1.085405115199466053e+01
2.000000000000000000e+00 1.078739947550971046e+01
2.000000000000000000e+00 1.078739947546671729e+01
2.000000000000000000e+00 1.078739947545596856e+01
2.000000000000000000e+00 1.078739947539147792e+01
2.000000000000000000e+00 9.874963333521639797e+00
2.000000000000000000e+00 9.272795835491756122e+00
2.000000000000000000e+00 9.272795835439758605e+00
2.000000000000000000e+00 9.272795835432667388e+00
2.000000000000000000e+00 9.272795835423213617e+00
2.000000000000000000e+00 8.922420235264254984e+00
2.000000000000000000e+00 8.922420235249269638e+00
2.000000000000000000e+00 8.922420235242610076e+00
2.000000000000000000e+00 8.922420235240945630e+00
2.000000000000000000e+00 8.855751292952319886e+00
2.000000000000000000e+00 8.855751292936744790e+00
2.000000000000000000e+00 8.855751292935186925e+00
2.000000000000000000e+00 8.855751292913380368e+00
2.000000000000000000e+00 6.218383223535044024e+00
2.000000000000000000e+00 6.218383223533818338e+00
2.000000000000000000e+00 6.218383223533818338e+00
2.000000000000000000e+00 6.218383223533149540e+00
2.000000000000000000e+00 4.286738042009103467e+00
2.000000000000000000e+00 4.286738042008958693e+00
2.000000000000000000e+00 4.286738042008958693e+00
2.000000000000000000e+00 4.286738042008821026e+00
2.500000000000000000e+00 1.699706533777727913e+01
2.500000000000000000e+00 1.699706531638623730e+01
2.500000000000000000e+00 1.699706102749199133e+01
2.500000000000000000e+00 1.699706100610104187e+01
2.500000000000000000e+00 1.699706100075330539e+01
2.500000000000000000e+00 1.699706099540556892e+01
2.500000000000000000e+00 1.699706098471009597e+01
2.500000000000000000e+00 1.699706097936235949e+01
2.500000000000000000e+00 1.664667561153583364e+01
2.500000000000000000e+00 1.664667561153583364e+01
2.500000000000000000e+00 1.664667560776879895e+01
2.500000000000000000e+00 1.664667560400176427e+01
2.500000000000000000e+00 1.664667560023472959e+01
2.500000000000000000e+00 1.664667559646769490e+01
2.500000000000000000e+00 1.664666861994443536e+01
2.500000000000000000e+00 1.664666861994443536e+01
2.500000000000000000e+00 1.568915554024830961e+01
2.500000000000000000e+00 1.568915553591045331e+01
2.500000000000000000e+00 1.533882957265232427e+01
2.500000000000000000e+00 1.533882957061509700e+01
2.500000000000000000e+00 1.533879647234804189e+01
2.500000000000000000e+00 1.533879647031088389e+01
2.500000000000000000e+00 1.533879482836222863e+01
2.500000000000000000e+00 1.533879482836222863e+01
2.500000000000000000e+00 1.533879482530649518e+01
2.500000000000000000e+00 1.533879482428791619e+01
2.500000000000000000e+00 1.498839581479787064e+01
2.500000000000000000e+00 1.498839581336288518e+01
2.500000000000000000e+00 1.435970593343951407e+01
2.500000000000000000e+00 1.435970593229161807e+01
2.500000000000000000e+00 1.435970593190898548e+01
2.500000000000000000e+00 1.435970593152635466e+01
2.500000000000000000e+00 1.435970593076108948e+01
2.500000000000000000e+00 1.435970593037845866e+01
2.500000000000000000e+00 1.435969435391470661e+01
2.500000000000000000e+00 1.435969435314945031e+01
2.500000000000000000e+00 1.400932142209493136e+01
2.500000000000000000e+00 1.400932142155586568e+01
2.500000000000000000e+00 1.400930796954649438e+01
2.500000000000000000e+00 1.400930796873790740e+01
2.500000000000000000e+00 1.400930796873790740e+01
2.500000000000000000e+00 1.400930796819884883e+01
2.500000000000000000e+00 1.400930796819884883e+01
2.500000000000000000e+00 1.400930796792932043e+01
2.500000000000000000e+00 1.394264810381411124e+01
2.500000000000000000e+00 1.394264810230122364e+01
2.500000000000000000e+00 1.375753858201359137e+01
2.500000000000000000e+00 1.375753858096589965e+01
2.500000000000000000e+00 1.340715392948051843e+01
2.500000000000000000e+00 1.340715392889010893e+01
2.500000000000000000e+00 1.340714827470387682e+01
2.500000000000000000e+00 1.340714827440867474e+01
2.500000000000000000e+00 1.340714827426107369e+01
2.500000000000000000e+00 1.340714827381826879e+01
2.500000000000000000e+00 1.340712805830125909e+01
2.500000000000000000e+00 1.340712805830125909e+01
2.500000000000000000e+00 1.305678123820240266e+01
2.500000000000000000e+00 1.305678123809842717e+01
2.500000000000000000e+00 1.242805516376177799e+01
2.500000000000000000e+00 1.242805516353999096e+01
2.500000000000000000e+00 1.242804388476670141e+01
2.500000000000000000e+00 1.242804388471125598e+01
2.500000000000000000e+00 1.242804388454491793e+01
2.500000000000000000e+00 1.242804388454491793e+01
2.500000000000000000e+00 1.242804388448947073e+01
2.500000000000000000e+00 1.242804388426768725e+01
2.500000000000000000e+00 1.207768052024956162e+01
2.500000000000000000e+00 1.207768052021050309e+01
2.500000000000000000e+00 1.207768052009332926e+01
2.500000000000000000e+00 1.207768052005427251e+01
2.500000000000000000e+00 1.207768051993709690e+01
2.500000000000000000e+00 1.207768051989804015e+01
2.500000000000000000e+00 1.207767215501347025e+01
2.500000000000000000e+00 1.207767215493535495e+01
2.500000000000000000e+00 1.201101367636786499e+01
2.500000000000000000e+00 1.201101367614863058e+01
2.500000000000000000e+00 1.201101060446202773e+01
2.500000000000000000e+00 1.201101060435241052e+01
2.500000000000000000e+00 1.201101060427933298e+01
2.500000000000000000e+00 1.201101060424279332e+01
2.500000000000000000e+00 1.201101060416971578e+01
2.500000000000000000e+00 1.201101060416971578e+01
2.500000000000000000e+00 1.007936265551923860e+01
2.500000000000000000e+00 1.007936265550335442e+01
2.500000000000000000e+00 9.373641076398923744e+00
2.500000000000000000e+00 9.373641076378008918e+00
2.500000000000000000e+00 8.771473304470875476e+00
2.500000000000000000e+00 8.771473304468011989e+00
2.500000000000000000e+00 8.421091314281548890e+00
2.500000000000000000e+00 8.421091314275498618e+00
2.500000000000000000e+00 7.441993304885456517e+00
2.500000000000000000e+00 7.441993304885456517e+00
2.500000000000000000e+00 7.441993304884320537e+00
2.500000000000000000e+00 7.441993304884320537e+00
2.500000000000000000e+00 7.441993304883941285e+00
2.500000000000000000e+00 7.441993304883183669e+00
2.500000000000000000e+00 7.441991325766140974e+00
2.500000000000000000e+00 7.441991325763678056e+00
2.500000000000000000e+00 5.510351061066330658e+00
2.500000000000000000e+00 5.510351061066330658e+00
3.000000000000000000e+00 2.348009862550096827e+01
3.000000000000000000e+00 2.348009512833105461e+01
3.000000000000000000e+00 2.348009512833105461e+01
3.000000000000000000e+00 2.312971737919135506e+01
3.000000000000000000e+00 2.312971491571546423e+01
3.000000000000000000e+00 2.312971491571546423e+01
3.000000000000000000e+00 2.312968042769019661e+01
3.000000000000000000e+00 2.154845634055348924e+01
3.000000000000000000e+00 2.154845583377776919e+01
3.000000000000000000e+00 2.154845583377776919e+01
3.000000000000000000e+00 2.154844569831734091e+01
3.000000000000000000e+00 2.119806423369684012e+01
3.000000000000000000e+00 2.119806137786970268e+01
3.000000000000000000e+00 2.119806137786970268e+01
3.000000000000000000e+00 2.119806102089188471e+01
3.000000000000000000e+00 2.015231556309820959e+01
3.000000000000000000e+00 2.015231556309820959e+01
3.000000000000000000e+00 2.015231543764561550e+01
3.000000000000000000e+00 2.015231531219303918e+01
3.000000000000000000e+00 1.980192685675350006e+01
3.000000000000000000e+00 1.980192668001232192e+01
3.000000000000000000e+00 1.980192668001232192e+01
3.000000000000000000e+00 1.980192668001232192e+01
3.000000000000000000e+00 1.884439165333470001e+01
3.000000000000000000e+00 1.849409898040861222e+01
3.000000000000000000e+00 1.849405006647593197e+01
3.000000000000000000e+00 1.849405001868625220e+01
3.000000000000000000e+00 1.849404994700174143e+01
3.000000000000000000e+00 1.814364682379663307e+01
3.000000000000000000e+00 1.691279869624663590e+01
3.000000000000000000e+00 1.691278483930334176e+01
3.000000000000000000e+00 1.691278483438782487e+01
3.000000000000000000e+00 1.691278480981022980e+01
3.000000000000000000e+00 1.656245287283672241e+01
3.000000000000000000e+00 1.656242738033881068e+01
3.000000000000000000e+00 1.656242737341347038e+01
3.000000000000000000e+00 1.656242736995080023e+01
3.000000000000000000e+00 1.656240364748357052e+01
3.000000000000000000e+00 1.656240363363322032e+01
3.000000000000000000e+00 1.656240362670804700e+01
3.000000000000000000e+00 1.656240194389204845e+01
3.000000000000000000e+00 1.656240193696688578e+01
3.000000000000000000e+00 1.656240193350430445e+01
3.000000000000000000e+00 1.656240193350430445e+01
3.000000000000000000e+00 1.656240193350430445e+01
3.000000000000000000e+00 1.656239370990728688e+01
3.000000000000000000e+00 1.656239370990728688e+01
3.000000000000000000e+00 1.656239369951962814e+01
3.000000000000000000e+00 1.656239026813559789e+01
3.000000000000000000e+00 1.621201524872120103e+01
3.000000000000000000e+00 1.621201524628210322e+01
3.000000000000000000e+00 1.621201524628210322e+01
3.000000000000000000e+00 1.621198433608956790e+01
3.000000000000000000e+00 1.558330527476793570e+01
3.000000000000000000e+00 1.558330526696361673e+01
3.000000000000000000e+00 1.558330526696361673e+01
3.000000000000000000e+00 1.558330526566289720e+01
3.000000000000000000e+00 1.523292460744483989e+01
3.000000000000000000e+00 1.523292460744483989e+01
3.000000000000000000e+00 1.523292460652858793e+01
3.000000000000000000e+00 1.523292460561233419e+01
3.000000000000000000e+00 1.516626431643435780e+01
3.000000000000000000e+00 1.516626431472002601e+01
3.000000000000000000e+00 1.516626431300569244e+01
3.000000000000000000e+00 1.516626431214852566e+01
3.000000000000000000e+00 1.498114339195334033e+01
3.000000000000000000e+00 1.463075690236387238e+01
3.000000000000000000e+00 1.463075689985506500e+01
3.000000000000000000e+00 1.463075689734625939e+01
3.000000000000000000e+00 1.463070449927868566e+01
3.000000000000000000e+00 1.428043244381450272e+01
3.000000000000000000e+00 1.323461595711949457e+01
3.000000000000000000e+00 1.323461595637422583e+01
3.000000000000000000e+00 1.323461595625001586e+01
3.000000000000000000e+00 1.323461595612580410e+01
3.000000000000000000e+00 1.192673110585933749e+01
3.000000000000000000e+00 1.192672521843012490e+01
3.000000000000000000e+00 1.192672521836295374e+01
3.000000000000000000e+00 1.192672521819502762e+01
3.000000000000000000e+00 1.157635043655500873e+01
3.000000000000000000e+00 1.157635020120128999e+01
3.000000000000000000e+00 1.157635020115397317e+01
3.000000000000000000e+00 1.157635020110665636e+01
3.000000000000000000e+00 1.059725049706467637e+01
3.000000000000000000e+00 1.059725049704690214e+01
3.000000000000000000e+00 1.059725049704690214e+01
3.000000000000000000e+00 1.059725049702912791e+01
3.000000000000000000e+00 9.995086351885358766e+00
3.000000000000000000e+00 9.995084902000034077e+00
3.000000000000000000e+00 9.995084901985434200e+00
3.000000000000000000e+00 9.995084901970832547e+00
3.000000000000000000e+00 9.644702786152393514e+00
3.000000000000000000e+00 9.644702786142108408e+00
3.000000000000000000e+00 9.644702786138680040e+00
3.000000000000000000e+00 9.644696193570226228e+00
3.000000000000000000e+00 8.665605748886568094e+00
3.000000000000000000e+00 8.665605748883992376e+00
3.000000000000000000e+00 8.665605748882704518e+00
3.000000000000000000e+00 8.665605748878840942e+00
3.000000000000000000e+00 5.009025954538778969e+00
3.500000000000000000e+00 2.470371236532147563e+01
3.500000000000000000e+00 2.470371236430460371e+01
3.500000000000000000e+00 2.435330546070573732e+01
3.500000000000000000e+00 2.435330545588283968e+01
3.500000000000000000e+00 2.006803187924932530e+01
3.500000000000000000e+00 2.006803187924555587e+01
3.500000000000000000e+00 1.971771019261010238e+01
3.500000000000000000e+00 1.971771019259448110e+01
3.500000000000000000e+00 1.971765559733573170e+01
3.500000000000000000e+00 1.971765559731616690e+01
3.500000000000000000e+00 1.971765559730010864e+01
3.500000000000000000e+00 1.971765559727931105e+01
3.500000000000000000e+00 1.971765203956763912e+01
3.500000000000000000e+00 1.971765203954802814e+01
3.500000000000000000e+00 1.936724834228589387e+01
3.500000000000000000e+00 1.936724834226800596e+01
3.500000000000000000e+00 1.813639819285932120e+01
3.500000000000000000e+00 1.813639819285008770e+01
3.500000000000000000e+00 1.778600935650006321e+01
3.500000000000000000e+00 1.778600935649749459e+01
3.500000000000000000e+00 1.778600904443284136e+01
3.500000000000000000e+00 1.778600904442771125e+01
3.500000000000000000e+00 1.778600904442632924e+01
3.500000000000000000e+00 1.778600904441845998e+01
3.500000000000000000e+00 1.778598732206868149e+01
3.500000000000000000e+00 1.778598732206753752e+01
3.500000000000000000e+00 1.743563974202793787e+01
3.500000000000000000e+00 1.743563974202246669e+01
3.500000000000000000e+00 1.638986905874518385e+01
3.500000000000000000e+00 1.638986905874513056e+01
3.500000000000000000e+00 1.508197378759869878e+01
3.500000000000000000e+00 1.508197378759843410e+01
3.500000000000000000e+00 1.473161004924685180e+01
3.500000000000000000e+00 1.473161004924654094e+01
3.500000000000000000e+00 1.315035627000517060e+01
3.500000000000000000e+00 1.315035627000515284e+01
3.500000000000000000e+00 1.315034082769018831e+01
3.500000000000000000e+00 1.315034082769017054e+01
3.500000000000000000e+00 1.315034082769015455e+01
3.500000000000000000e+00 1.315034082769012969e+01
3.500000000000000000e+00 1.315033786483703793e+01
3.500000000000000000e+00 1.315033786483701839e+01
3.500000000000000000e+00 1.279996380858633920e+01
3.500000000000000000e+00 1.279996380858632676e+01
3.500000000000000000e+00 1.279995603227744461e+01
3.500000000000000000e+00 1.279995603227742684e+01
3.500000000000000000e+00 1.279995603227742507e+01
3.500000000000000000e+00 1.279995603227740197e+01
3.500000000000000000e+00 1.279994395775087490e+01
3.500000000000000000e+00 1.279994395775086069e+01
3.500000000000000000e+00 1.182085996955098928e+01
3.500000000000000000e+00 1.182085996955098395e+01
3.500000000000000000e+00 1.121868492867388589e+01
3.500000000000000000e+00 1.121868492867386813e+01
3.500000000000000000e+00 1.086832357465540611e+01
3.500000000000000000e+00 1.086832357465539900e+01
3.500000000000000000e+00 8.164282529553934964e+00
3.500000000000000000e+00 8.164282529553934964e+00
3.500000000000000000e+00 6.232635847456684530e+00
3.500000000000000000e+00 6.232635847456684530e+00
4.000000000000000000e+00 2.129164729830650060e+01
4.000000000000000000e+00 2.094126828672579066e+01
4.000000000000000000e+00 2.094126091655850885e+01
4.000000000000000000e+00 2.094126091655822108e+01
4.000000000000000000e+00 2.094126091649681953e+01
4.000000000000000000e+00 2.059086524968349963e+01
4.000000000000000000e+00 1.630560059227912362e+01
4.000000000000000000e+00 1.630560059227782332e+01
4.000000000000000000e+00 1.630560059227770964e+01
4.000000000000000000e+00 1.630558583120341609e+01
4.000000000000000000e+00 1.595523100907445091e+01
4.000000000000000000e+00 1.595520537994058508e+01
4.000000000000000000e+00 1.595520537994037191e+01
4.000000000000000000e+00 1.595520537994032040e+01
4.000000000000000000e+00 1.437395141937375165e+01
4.000000000000000000e+00 1.437394362244494239e+01
4.000000000000000000e+00 1.437394362244477541e+01
4.000000000000000000e+00 1.437394362244477364e+01
4.000000000000000000e+00 1.402356924394792692e+01
4.000000000000000000e+00 1.402356924394792514e+01
4.000000000000000000e+00 1.402356924394772619e+01
4.000000000000000000e+00 1.402356156618992955e+01
4.000000000000000000e+00 1.131953576960474095e+01
4.000000000000000000e+00 9.387893681486508157e+00
4.000000000000000000e+00 9.387893134785400662e+00
4.000000000000000000e+00 9.387893134785400662e+00
4.000000000000000000e+00 9.387893134785398885e+00
4.000000000000000000e+00 7.456248038267355049e+00
4.500000000000000000e+00 1.752920159770769359e+01
4.500000000000000000e+00 1.752920159770755859e+01
4.500000000000000000e+00 1.717881680229497476e+01
4.500000000000000000e+00 1.717881680229476871e+01
4.500000000000000000e+00 1.254314858555910739e+01
4.500000000000000000e+00 1.254314858555910561e+01
4.500000000000000000e+00 1.061150203267044034e+01
4.500000000000000000e+00 1.061150203267043857e+01
5.000000000000000000e+00 1.376675569412354783e+01
