-5.000000000000000000e+00 1.646090659954392876e+01
-4.500000000000000000e+00 2.078201659333472762e+01
-4.500000000000000000e+00 2.078201659333412010e+01
-4.500000000000000000e+00 2.022429761646479207e+01
-4.500000000000000000e+00 2.022429761646472812e+01
-4.500000000000000000e+00 1.493583066764749390e+01
-4.500000000000000000e+00 1.493583066764748146e+01
-4.500000000000000000e+00 1.269712776246737462e+01
-4.500000000000000000e+00 1.269712776246736752e+01
-4.000000000000000000e+00 2.510313907571429581e+01
-4.000000000000000000e+00 2.454540512470105895e+01
-4.000000000000000000e+00 2.454540512468837932e+01
-4.000000000000000000e+00 2.454540512468767943e+01
-4.000000000000000000e+00 2.454539454464562453e+01
-4.000000000000000000e+00 2.398768872659642781e+01
-4.000000000000000000e+00 1.925694748824362890e+01
-4.000000000000000000e+00 1.925694748824267322e+01
-4.000000000000000000e+00 1.925694748824257729e+01
-4.000000000000000000e+00 1.925694257489102768e+01
-4.000000000000000000e+00 1.869922765632816208e+01
-4.000000000000000000e+00 1.869921734335278529e+01
-4.000000000000000000e+00 1.869921734335267161e+01
-4.000000000000000000e+00 1.869921734335256147e+01
-4.000000000000000000e+00 1.701823341502396048e+01
-4.000000000000000000e+00 1.701823341502390718e+01
-4.000000000000000000e+00 1.701823341502387876e+01
-4.000000000000000000e+00 1.701822393181140924e+01
-4.000000000000000000e+00 1.646052568711129283e+01
-4.000000000000000000e+00 1.646052560616497473e+01
-4.000000000000000000e+00 1.646052560616497473e+01
-4.000000000000000000e+00 1.646052560616496052e+01
-4.000000000000000000e+00 1.341075363138779508e+01
-4.000000000000000000e+00 1.117204934500518654e+01
-4.000000000000000000e+00 1.117204934500518476e+01
-4.000000000000000000e+00 1.117204934500518476e+01
-4.000000000000000000e+00 1.117204615407893442e+01
-4.000000000000000000e+00 8.933355222000386675e+00
-3.500000000000000000e+00 2.886652013788880922e+01
-3.500000000000000000e+00 2.886652012902350961e+01
-3.500000000000000000e+00 2.830878656910513769e+01
-3.500000000000000000e+00 2.830878656292531659e+01
-3.500000000000000000e+00 2.357807349828023646e+01
-3.500000000000000000e+00 2.357807349814597231e+01
-3.500000000000000000e+00 2.302034444552220194e+01
-3.500000000000000000e+00 2.302034444547085457e+01
-3.500000000000000000e+00 2.302033167854206042e+01
-3.500000000000000000e+00 2.302033167850832385e+01
-3.500000000000000000e+00 2.302033167835675087e+01
-3.500000000000000000e+00 2.302033167831105942e+01
-3.500000000000000000e+00 2.302032083077480351e+01
-3.500000000000000000e+00 2.302032083075264879e+01
-3.500000000000000000e+00 2.246260596731769965e+01
-3.500000000000000000e+00 2.246260596726968473e+01
-3.500000000000000000e+00 2.133934735011729700e+01
-3.500000000000000000e+00 2.133934735003592564e+01
-3.500000000000000000e+00 2.078162877320810509e+01
-3.500000000000000000e+00 2.078162877320303181e+01
-3.500000000000000000e+00 2.078162877318636248e+01
-3.500000000000000000e+00 2.078162877317560486e+01
-3.500000000000000000e+00 2.078162241161056656e+01
-3.500000000000000000e+00 2.078162241159880352e+01
-3.500000000000000000e+00 2.078161121918769538e+01
-3.500000000000000000e+00 2.078161121916696175e+01
-3.500000000000000000e+00 2.022392877498795016e+01
-3.500000000000000000e+00 2.022392877498172581e+01
-3.500000000000000000e+00 1.971233888793121380e+01
-3.500000000000000000e+00 1.971233888793120670e+01
-3.500000000000000000e+00 1.773187105148690534e+01
-3.500000000000000000e+00 1.773187105148445752e+01
-3.500000000000000000e+00 1.717414352011031298e+01
-3.500000000000000000e+00 1.717414352010789003e+01
-3.500000000000000000e+00 1.549316182436117728e+01
-3.500000000000000000e+00 1.549316182436117373e+01
-3.500000000000000000e+00 1.549316182436112044e+01
-3.500000000000000000e+00 1.549316182436110445e+01
-3.500000000000000000e+00 1.549315934284798146e+01
-3.500000000000000000e+00 1.549315934284793883e+01
-3.500000000000000000e+00 1.549314884415971960e+01
-3.500000000000000000e+00 1.549314884415968230e+01
-3.500000000000000000e+00 1.493544789611210888e+01
-3.500000000000000000e+00 1.493544789611190104e+01
-3.500000000000000000e+00 1.493544284749184570e+01
-3.500000000000000000e+00 1.493544284749179774e+01
-3.500000000000000000e+00 1.493544284749178352e+01
-3.500000000000000000e+00 1.493544284749178175e+01
-3.500000000000000000e+00 1.493543970906326024e+01
-3.500000000000000000e+00 1.493543970906303109e+01
-3.500000000000000000e+00 1.388669195120575850e+01
-3.500000000000000000e+00 1.388669195120575672e+01
-3.500000000000000000e+00 1.325445215969190471e+01
-3.500000000000000000e+00 1.325445215969184076e+01
-3.500000000000000000e+00 1.269675935427832236e+01
-3.500000000000000000e+00 1.269675935427826552e+01
-3.500000000000000000e+00 9.646969600550876933e+00
-3.500000000000000000e+00 9.646969600550875157e+00
-3.500000000000000000e+00 7.408272934202653204e+00
-3.500000000000000000e+00 7.408272934202652316e+00
-3.000000000000000000e+00 2.734147552348748178e+01
-3.000000000000000000e+00 2.734147552348748178e+01
-3.000000000000000000e+00 2.734130931389680441e+01
-3.000000000000000000e+00 2.678376123831172606e+01
-3.000000000000000000e+00 2.678376123831172606e+01
-3.000000000000000000e+00 2.678357092524615979e+01
-3.000000000000000000e+00 2.678347578229380233e+01
-3.000000000000000000e+00 2.510277313835475610e+01
-3.000000000000000000e+00 2.510273770123791692e+01
-3.000000000000000000e+00 2.510271998315040420e+01
-3.000000000000000000e+00 2.510268454791714987e+01
-3.000000000000000000e+00 2.454506014145718851e+01
-3.000000000000000000e+00 2.454503985295468382e+01
-3.000000000000000000e+00 2.454503985295468382e+01
-3.000000000000000000e+00 2.454501956486379299e+01
-3.000000000000000000e+00 2.403346789844436771e+01
-3.000000000000000000e+00 2.403344357094760397e+01
-3.000000000000000000e+00 2.403344357094760397e+01
-3.000000000000000000e+00 2.403344357094760397e+01
-3.000000000000000000e+00 2.347572623677349668e+01
-3.000000000000000000e+00 2.347572623677349668e+01
-3.000000000000000000e+00 2.347572275486116311e+01
-3.000000000000000000e+00 2.347572275486116311e+01
-3.000000000000000000e+00 2.205299108278325448e+01
-3.000000000000000000e+00 2.149526545186486004e+01
-3.000000000000000000e+00 2.149526112715507864e+01
-3.000000000000000000e+00 2.149526016611099877e+01
-3.000000000000000000e+00 2.149525776350484563e+01
-3.000000000000000000e+00 2.093752464180420603e+01
-3.000000000000000000e+00 1.981428876188259025e+01
-3.000000000000000000e+00 1.981428017281806220e+01
-3.000000000000000000e+00 1.981427945706601434e+01
-3.000000000000000000e+00 1.981427945706601434e+01
-3.000000000000000000e+00 1.925655884461131251e+01
-3.000000000000000000e+00 1.925655879338920329e+01
-3.000000000000000000e+00 1.925655869094499195e+01
-3.000000000000000000e+00 1.925655290286410093e+01
-3.000000000000000000e+00 1.925655285164229369e+01
-3.000000000000000000e+00 1.925655285164229369e+01
-3.000000000000000000e+00 1.925655285164229369e+01
-3.000000000000000000e+00 1.925655274919869342e+01
-3.000000000000000000e+00 1.925654762703194223e+01
-3.000000000000000000e+00 1.925654609038703313e+01
-3.000000000000000000e+00 1.925654609038703313e+01
-3.000000000000000000e+00 1.925654598794412209e+01
-3.000000000000000000e+00 1.925653594858985329e+01
-3.000000000000000000e+00 1.925653594858985329e+01
-3.000000000000000000e+00 1.925653589736891647e+01
-3.000000000000000000e+00 1.925651827752233203e+01
-3.000000000000000000e+00 1.869884455243565924e+01
-3.000000000000000000e+00 1.869884179584368411e+01
-3.000000000000000000e+00 1.869884170786746935e+01
-3.000000000000000000e+00 1.869884153191506115e+01
-3.000000000000000000e+00 1.820779382048085893e+01
-3.000000000000000000e+00 1.820779382048085893e+01
-3.000000000000000000e+00 1.820779382048085893e+01
-3.000000000000000000e+00 1.820779380253415880e+01
-3.000000000000000000e+00 1.818726698924589869e+01
-3.000000000000000000e+00 1.818726697166383133e+01
-3.000000000000000000e+00 1.818726693649970017e+01
-3.000000000000000000e+00 1.818726690133556900e+01
-3.000000000000000000e+00 1.765008962967128880e+01
-3.000000000000000000e+00 1.765008961939640741e+01
-3.000000000000000000e+00 1.765008960912152958e+01
-3.000000000000000000e+00 1.765008959884664819e+01
-3.000000000000000000e+00 1.757555974803996790e+01
-3.000000000000000000e+00 1.701785401419371269e+01
-3.000000000000000000e+00 1.701785400873361453e+01
-3.000000000000000000e+00 1.701785400327351994e+01
-3.000000000000000000e+00 1.701784382570556176e+01
-3.000000000000000000e+00 1.646016681517030378e+01
-3.000000000000000000e+00 1.594855452789972361e+01
-3.000000000000000000e+00 1.594855452602555168e+01
-3.000000000000000000e+00 1.594855452227720782e+01
-3.000000000000000000e+00 1.594855451852886397e+01
-3.000000000000000000e+00 1.396808507749625328e+01
-3.000000000000000000e+00 1.396808507697896573e+01
-3.000000000000000000e+00 1.396808507646167641e+01
-3.000000000000000000e+00 1.396807546076863105e+01
-3.000000000000000000e+00 1.341036381235767116e+01
-3.000000000000000000e+00 1.341036254585699261e+01
-3.000000000000000000e+00 1.341036254570891728e+01
-3.000000000000000000e+00 1.341036254526468596e+01
-3.000000000000000000e+00 1.236161199825851931e+01
-3.000000000000000000e+00 1.236161199810287314e+01
-3.000000000000000000e+00 1.236161199799910726e+01
-3.000000000000000000e+00 1.236161199784346110e+01
-3.000000000000000000e+00 1.172937612014986541e+01
-3.000000000000000000e+00 1.172937612009472375e+01
-3.000000000000000000e+00 1.172937612003958385e+01
-3.000000000000000000e+00 1.172937446178983301e+01
-3.000000000000000000e+00 1.117167655553392791e+01
-3.000000000000000000e+00 1.117167309329707869e+01
-3.000000000000000000e+00 1.117167309324972457e+01
-3.000000000000000000e+00 1.117167309320237045e+01
-3.000000000000000000e+00 1.012291864171517730e+01
-3.000000000000000000e+00 1.012291864169858613e+01
-3.000000000000000000e+00 1.012291864169305633e+01
-3.000000000000000000e+00 1.012291864168752475e+01
-3.000000000000000000e+00 5.883191339827681610e+00
-2.500000000000000000e+00 2.026966809106283307e+01
-2.500000000000000000e+00 2.026966794998941168e+01
-2.500000000000000000e+00 2.026966794998941168e+01
-2.500000000000000000e+00 2.026966752676926831e+01
-2.500000000000000000e+00 2.026966752676926831e+01
-2.500000000000000000e+00 2.026966710354930612e+01
-2.500000000000000000e+00 2.026966399994171297e+01
-2.500000000000000000e+00 2.026966385886887068e+01
-2.500000000000000000e+00 1.971194691930414322e+01
-2.500000000000000000e+00 1.971194675777162431e+01
-2.500000000000000000e+00 1.971194675777162431e+01
-2.500000000000000000e+00 1.971194667700537551e+01
-2.500000000000000000e+00 1.971194659623913381e+01
-2.500000000000000000e+00 1.971194643470666819e+01
-2.500000000000000000e+00 1.971194409248886004e+01
-2.500000000000000000e+00 1.971194409248886004e+01
-2.500000000000000000e+00 1.828920454363192150e+01
-2.500000000000000000e+00 1.828920450469417247e+01
-2.500000000000000000e+00 1.773147695291803672e+01
-2.500000000000000000e+00 1.773147694177193756e+01
-2.500000000000000000e+00 1.773147689718755160e+01
-2.500000000000000000e+00 1.773147686374926124e+01
-2.500000000000000000e+00 1.773147519183624610e+01
-2.500000000000000000e+00 1.773147518069016826e+01
-2.500000000000000000e+00 1.773146259684801862e+01
-2.500000000000000000e+00 1.773146258570208289e+01
-2.500000000000000000e+00 1.717375646367925413e+01
-2.500000000000000000e+00 1.717375641901028871e+01
-2.500000000000000000e+00 1.668271969615458161e+01
-2.500000000000000000e+00 1.668271968053342036e+01
-2.500000000000000000e+00 1.668271967662813182e+01
-2.500000000000000000e+00 1.668271967272283973e+01
-2.500000000000000000e+00 1.668271967272283973e+01
-2.500000000000000000e+00 1.668271966100697057e+01
-2.500000000000000000e+00 1.668271820433476549e+01
-2.500000000000000000e+00 1.668271820042948050e+01
-2.500000000000000000e+00 1.666219225161189499e+01
-2.500000000000000000e+00 1.666219224396001053e+01
-2.500000000000000000e+00 1.612501017651108981e+01
-2.500000000000000000e+00 1.612501016756768024e+01
-2.500000000000000000e+00 1.612500595970200834e+01
-2.500000000000000000e+00 1.612500595299448136e+01
-2.500000000000000000e+00 1.612500595299448136e+01
-2.500000000000000000e+00 1.612500595075863785e+01
-2.500000000000000000e+00 1.612500594852279434e+01
-2.500000000000000000e+00 1.612500594628695083e+01
-2.500000000000000000e+00 1.605049285060426101e+01
-2.500000000000000000e+00 1.605049284230306483e+01
-2.500000000000000000e+00 1.549277639351420710e+01
-2.500000000000000000e+00 1.549277638638536736e+01
-2.500000000000000000e+00 1.549277401129686282e+01
-2.500000000000000000e+00 1.549277400654431602e+01
-2.500000000000000000e+00 1.549277400179176745e+01
-2.500000000000000000e+00 1.549277400179176745e+01
-2.500000000000000000e+00 1.549275934147802758e+01
-2.500000000000000000e+00 1.549275933910178793e+01
-2.500000000000000000e+00 1.493507955446047220e+01
-2.500000000000000000e+00 1.493507955446047220e+01
-2.500000000000000000e+00 1.444401677698365916e+01
-2.500000000000000000e+00 1.444401677531849515e+01
-2.500000000000000000e+00 1.444401677531849515e+01
-2.500000000000000000e+00 1.444401677490220415e+01
-2.500000000000000000e+00 1.444401677448591315e+01
-2.500000000000000000e+00 1.444401677198816714e+01
-2.500000000000000000e+00 1.444400189802189338e+01
-2.500000000000000000e+00 1.444400189677303814e+01
-2.500000000000000000e+00 1.442347976656717279e+01
-2.500000000000000000e+00 1.442347976575151414e+01
-2.500000000000000000e+00 1.442347976493585726e+01
-2.500000000000000000e+00 1.442347976493585726e+01
-2.500000000000000000e+00 1.442347976452802882e+01
-2.500000000000000000e+00 1.442347976412020039e+01
-2.500000000000000000e+00 1.442347735385486551e+01
-2.500000000000000000e+00 1.442347735181572688e+01
-2.500000000000000000e+00 1.388632491120835866e+01
-2.500000000000000000e+00 1.388632491049334305e+01
-2.500000000000000000e+00 1.388632213790346093e+01
-2.500000000000000000e+00 1.388632213790346093e+01
-2.500000000000000000e+00 1.388632213766512358e+01
-2.500000000000000000e+00 1.388632213695010797e+01
-2.500000000000000000e+00 1.388632213671177063e+01
-2.500000000000000000e+00 1.388632213599675680e+01
-2.500000000000000000e+00 1.218477471519039312e+01
-2.500000000000000000e+00 1.218477471492955466e+01
-2.500000000000000000e+00 1.083653265627914131e+01
-2.500000000000000000e+00 1.083653265624527151e+01
-2.500000000000000000e+00 1.020429877750403413e+01
-2.500000000000000000e+00 1.020429877747403680e+01
-2.500000000000000000e+00 9.646589999011254690e+00
-2.500000000000000000e+00 9.646589999004383742e+00
-2.500000000000000000e+00 8.597836564577546525e+00
-2.500000000000000000e+00 8.597836564575139562e+00
-2.500000000000000000e+00 8.597836564575139562e+00
-2.500000000000000000e+00 8.597836564575139562e+00
-2.500000000000000000e+00 8.597836564575139562e+00
-2.500000000000000000e+00 8.597836564572732598e+00
-2.500000000000000000e+00 8.597832594251491045e+00
-2.500000000000000000e+00 8.597832594249084082e+00
-2.500000000000000000e+00 6.359153369069113992e+00
-2.500000000000000000e+00 6.359153369068729411e+00
-2.000000000000000000e+00 1.818687227943154383e+01
-2.000000000000000000e+00 1.818686705963211381e+01
-2.000000000000000000e+00 1.818686700690700775e+01
-2.000000000000000000e+00 1.818686695418190169e+01
-2.000000000000000000e+00 1.818686695418190169e+01
-2.000000000000000000e+00 1.818686695418190169e+01
-2.000000000000000000e+00 1.818686693660686871e+01
-2.000000000000000000e+00 1.818686691903183572e+01
-2.000000000000000000e+00 1.818686684873170023e+01
-2.000000000000000000e+00 1.818686270103259162e+01
-2.000000000000000000e+00 1.818686261315779618e+01
-2.000000000000000000e+00 1.818686261315779618e+01
-2.000000000000000000e+00 1.818686254285796622e+01
-2.000000000000000000e+00 1.764973115199591547e+01
-2.000000000000000000e+00 1.764973112118232379e+01
-2.000000000000000000e+00 1.764973108009753844e+01
-2.000000000000000000e+00 1.764973104928394676e+01
-2.000000000000000000e+00 1.713812430217209126e+01
-2.000000000000000000e+00 1.713812427754047008e+01
-2.000000000000000000e+00 1.713812427138256211e+01
-2.000000000000000000e+00 1.713811460967535538e+01
-2.000000000000000000e+00 1.650588120428061245e+01
-2.000000000000000000e+00 1.650588119446370783e+01
-2.000000000000000000e+00 1.650588117482989503e+01
-2.000000000000000000e+00 1.650588115192378424e+01
-2.000000000000000000e+00 1.594817298834687769e+01
-2.000000000000000000e+00 1.594817298647341985e+01
-2.000000000000000000e+00 1.594817297148576429e+01
-2.000000000000000000e+00 1.594817294713082134e+01
-2.000000000000000000e+00 1.515764493171865723e+01
-2.000000000000000000e+00 1.515764493171865723e+01
-2.000000000000000000e+00 1.515764493001903723e+01
-2.000000000000000000e+00 1.515764492237074812e+01
-2.000000000000000000e+00 1.459992533618868826e+01
-2.000000000000000000e+00 1.459992533229647016e+01
-2.000000000000000000e+00 1.459992532986383296e+01
-2.000000000000000000e+00 1.459992532743119575e+01
-2.000000000000000000e+00 1.452541713470336404e+01
-2.000000000000000000e+00 1.396769558782265364e+01
-2.000000000000000000e+00 1.396769558756411023e+01
-2.000000000000000000e+00 1.396769558213470042e+01
-2.000000000000000000e+00 1.396768500337313590e+01
-2.000000000000000000e+00 1.340999158329403684e+01
-2.000000000000000000e+00 1.291894053220954852e+01
-2.000000000000000000e+00 1.291894053193778902e+01
-2.000000000000000000e+00 1.291894053184720192e+01
-2.000000000000000000e+00 1.291894053175661483e+01
-2.000000000000000000e+00 1.291894053166602774e+01
-2.000000000000000000e+00 1.291894053157544064e+01
-2.000000000000000000e+00 1.291894053121309405e+01
-2.000000000000000000e+00 1.291894053094133454e+01
-2.000000000000000000e+00 1.291893709326962636e+01
-2.000000000000000000e+00 1.291893709227317544e+01
-2.000000000000000000e+00 1.291893709136731161e+01
-2.000000000000000000e+00 1.291893709109555211e+01
-2.000000000000000000e+00 1.291892305273772301e+01
-2.000000000000000000e+00 1.291892305201304225e+01
-2.000000000000000000e+00 1.291892305192245693e+01
-2.000000000000000000e+00 1.291892305183187162e+01
-2.000000000000000000e+00 1.289840354420122637e+01
-2.000000000000000000e+00 1.289840354366875452e+01
-2.000000000000000000e+00 1.289840354349126272e+01
-2.000000000000000000e+00 1.289840354340251771e+01
-2.000000000000000000e+00 1.236124128223742957e+01
-2.000000000000000000e+00 1.236124128125202937e+01
-2.000000000000000000e+00 1.236124128125202937e+01
-2.000000000000000000e+00 1.236124128114830256e+01
-2.000000000000000000e+00 1.236123635039871793e+01
-2.000000000000000000e+00 1.236123635034685542e+01
-2.000000000000000000e+00 1.236123635019126610e+01
-2.000000000000000000e+00 1.236123635013940358e+01
-2.000000000000000000e+00 1.236123635008754107e+01
-2.000000000000000000e+00 1.236123635003567856e+01
-2.000000000000000000e+00 1.236123634977636243e+01
-2.000000000000000000e+00 1.236123634977636243e+01
-2.000000000000000000e+00 1.236123416622017324e+01
-2.000000000000000000e+00 1.236123416601272318e+01
-2.000000000000000000e+00 1.236123416590899637e+01
-2.000000000000000000e+00 1.236123416585713386e+01
-2.000000000000000000e+00 1.131248210404828392e+01
-2.000000000000000000e+00 1.068024079672253990e+01
-2.000000000000000000e+00 1.068024079656803949e+01
-2.000000000000000000e+00 1.068024079652941438e+01
-2.000000000000000000e+00 1.068024079652941438e+01
-2.000000000000000000e+00 1.065969607226753801e+01
-2.000000000000000000e+00 1.065969607218239723e+01
-2.000000000000000000e+00 1.065969607217293813e+01
-2.000000000000000000e+00 1.065969607216347903e+01
-2.000000000000000000e+00 1.012256338878223083e+01
-2.000000000000000000e+00 1.012256338873800132e+01
-2.000000000000000000e+00 1.012256338872694528e+01
-2.000000000000000000e+00 1.012256338871035943e+01
-2.000000000000000000e+00 7.072753297919747162e+00
-2.000000000000000000e+00 7.072753297919485149e+00
-2.000000000000000000e+00 7.072753297915556736e+00
-2.000000000000000000e+00 7.072753297915032711e+00
-2.000000000000000000e+00 4.834067436239199544e+00
-2.000000000000000000e+00 4.834067436239031679e+00
-2.000000000000000000e+00 4.834067436238948190e+00
-2.000000000000000000e+00 4.834067436238948190e+00
-1.500000000000000000e+00 1.666179142679930436e+01
-1.500000000000000000e+00 1.666179142679930436e+01
-1.500000000000000000e+00 1.666179141915048589e+01
-1.500000000000000000e+00 1.666179141915048589e+01
-1.500000000000000000e+00 1.612466000270119437e+01
-1.500000000000000000e+00 1.612465999152584573e+01
-1.500000000000000000e+00 1.612464318841257338e+01
-1.500000000000000000e+00 1.612464318170747646e+01
-1.500000000000000000e+00 1.612464317947244652e+01
-1.500000000000000000e+00 1.612464317723741303e+01
-1.500000000000000000e+00 1.612464317723741303e+01
-1.500000000000000000e+00 1.612464317276734960e+01
-1.500000000000000000e+00 1.563357391358305648e+01
-1.500000000000000000e+00 1.563357390811195025e+01
-1.500000000000000000e+00 1.561304831710271834e+01
-1.500000000000000000e+00 1.561304831308275354e+01
-1.500000000000000000e+00 1.561304830772280106e+01
-1.500000000000000000e+00 1.561304830638281338e+01
-1.500000000000000000e+00 1.561304830370283625e+01
-1.500000000000000000e+00 1.561304830102286090e+01
-1.500000000000000000e+00 1.561303836238035636e+01
-1.500000000000000000e+00 1.561303835568048193e+01
-1.500000000000000000e+00 1.507588646775906405e+01
-1.500000000000000000e+00 1.507588645992811394e+01
-1.500000000000000000e+00 1.500133614769451995e+01
-1.500000000000000000e+00 1.500133614551400463e+01
-1.500000000000000000e+00 1.498081390845971761e+01
-1.500000000000000000e+00 1.498081390489934783e+01
-1.500000000000000000e+00 1.498080987955396104e+01
-1.500000000000000000e+00 1.498080987955396104e+01
-1.500000000000000000e+00 1.498080987741774805e+01
-1.500000000000000000e+00 1.498080987670567588e+01
-1.500000000000000000e+00 1.498080987599360547e+01
-1.500000000000000000e+00 1.498080987456946289e+01
-1.500000000000000000e+00 1.444365532127775609e+01
-1.500000000000000000e+00 1.444365532044547606e+01
-1.500000000000000000e+00 1.444364894685722867e+01
-1.500000000000000000e+00 1.444364894602495220e+01
-1.500000000000000000e+00 1.444364894519267573e+01
-1.500000000000000000e+00 1.444364894519267573e+01
-1.500000000000000000e+00 1.444364894519267573e+01
-1.500000000000000000e+00 1.444364894352812456e+01
-1.500000000000000000e+00 1.442308963982361014e+01
-1.500000000000000000e+00 1.442308963982361014e+01
-1.500000000000000000e+00 1.442308963900826946e+01
-1.500000000000000000e+00 1.442308963778526021e+01
-1.500000000000000000e+00 1.442308963737759164e+01
-1.500000000000000000e+00 1.442308963737759164e+01
-1.500000000000000000e+00 1.442308293775567130e+01
-1.500000000000000000e+00 1.442308293653267093e+01
-1.500000000000000000e+00 1.388596202004115376e+01
-1.500000000000000000e+00 1.388596201956464959e+01
-1.500000000000000000e+00 1.337434540339920552e+01
-1.500000000000000000e+00 1.337434540297069141e+01
-1.500000000000000000e+00 1.337434540268501415e+01
-1.500000000000000000e+00 1.337434540254217552e+01
-1.500000000000000000e+00 1.337434540239933867e+01
-1.500000000000000000e+00 1.337434540239933867e+01
-1.500000000000000000e+00 1.337433248754477155e+01
-1.500000000000000000e+00 1.337433248725909785e+01
-1.500000000000000000e+00 1.139386217792493028e+01
-1.500000000000000000e+00 1.139386217790521805e+01
-1.500000000000000000e+00 1.139386217784608135e+01
-1.500000000000000000e+00 1.139386217784608135e+01
-1.500000000000000000e+00 1.139386217780665866e+01
-1.500000000000000000e+00 1.139386217776723420e+01
-1.500000000000000000e+00 1.139385654450425456e+01
-1.500000000000000000e+00 1.139385654440569517e+01
-1.500000000000000000e+00 1.083615129965351720e+01
-1.500000000000000000e+00 1.083615129963094681e+01
-1.500000000000000000e+00 1.083615129961965984e+01
-1.500000000000000000e+00 1.083615129960837464e+01
-1.500000000000000000e+00 1.083615129956323386e+01
-1.500000000000000000e+00 1.083615129955194689e+01
-1.500000000000000000e+00 1.083614808611155667e+01
-1.500000000000000000e+00 1.083614808605513069e+01
-1.500000000000000000e+00 9.787398303583961123e+00
-1.500000000000000000e+00 9.787398303560236101e+00
-1.500000000000000000e+00 9.155160001345238996e+00
-1.500000000000000000e+00 9.155160001345238996e+00
-1.500000000000000000e+00 9.155160001345238996e+00
-1.500000000000000000e+00 9.155160001343137566e+00
-1.500000000000000000e+00 9.155160001343137566e+00
-1.500000000000000000e+00 9.155160001332632191e+00
-1.500000000000000000e+00 9.155152656878021489e+00
-1.500000000000000000e+00 9.155152656852807880e+00
-1.500000000000000000e+00 9.134619971613306078e+00
-1.500000000000000000e+00 9.134619971607129685e+00
-1.500000000000000000e+00 8.597487813919359567e+00
-1.500000000000000000e+00 8.597487813913343047e+00
-1.500000000000000000e+00 8.597474188867590073e+00
-1.500000000000000000e+00 8.597474188860370958e+00
-1.500000000000000000e+00 8.597474188857965771e+00
-1.500000000000000000e+00 8.597474188855558808e+00
-1.500000000000000000e+00 8.597474188855558808e+00
-1.500000000000000000e+00 8.597474188854356214e+00
-1.500000000000000000e+00 7.548715978459745735e+00
-1.500000000000000000e+00 7.548715978459324738e+00
-1.500000000000000000e+00 3.308980348150369011e+00
-1.500000000000000000e+00 3.308980348150369011e+00
-1.000000000000000000e+00 1.515725823762083380e+01
-1.000000000000000000e+00 1.515725823592187105e+01
-1.000000000000000000e+00 1.515725424251811404e+01
-1.000000000000000000e+00 1.515725424166863711e+01
-1.000000000000000000e+00 1.515725423996967969e+01
-1.000000000000000000e+00 1.515725423996967969e+01
-1.000000000000000000e+00 1.515723554908135107e+01
-1.000000000000000000e+00 1.515723554823188834e+01
-1.000000000000000000e+00 1.515723554568350195e+01
-1.000000000000000000e+00 1.515723554568350195e+01
-1.000000000000000000e+00 1.459955481381601494e+01
-1.000000000000000000e+00 1.459955481284332102e+01
-1.000000000000000000e+00 1.459955481284332102e+01
-1.000000000000000000e+00 1.459955480943889050e+01
-1.000000000000000000e+00 1.410849592360952620e+01
-1.000000000000000000e+00 1.410849522178942728e+01
-1.000000000000000000e+00 1.410849522089652552e+01
-1.000000000000000000e+00 1.410849522030125947e+01
-1.000000000000000000e+00 1.408797127322372944e+01
-1.000000000000000000e+00 1.408797127030785745e+01
-1.000000000000000000e+00 1.408797126884992146e+01
-1.000000000000000000e+00 1.408796387364349734e+01
-1.000000000000000000e+00 1.355080188959396459e+01
-1.000000000000000000e+00 1.355079941516665798e+01
-1.000000000000000000e+00 1.355079941448504499e+01
-1.000000000000000000e+00 1.355079941397383614e+01
-1.000000000000000000e+00 1.347626767682144511e+01
-1.000000000000000000e+00 1.347626767634695177e+01
-1.000000000000000000e+00 1.347626767587245844e+01
-1.000000000000000000e+00 1.347626767555612837e+01
-1.000000000000000000e+00 1.345573545814351135e+01
-1.000000000000000000e+00 1.345573545798855974e+01
-1.000000000000000000e+00 1.345573545783360991e+01
-1.000000000000000000e+00 1.345573545767866008e+01
-1.000000000000000000e+00 1.291856683737460187e+01
-1.000000000000000000e+00 1.291856683737460187e+01
-1.000000000000000000e+00 1.291856683719349697e+01
-1.000000000000000000e+00 1.291856683719349697e+01
-1.000000000000000000e+00 1.291856488383283086e+01
-1.000000000000000000e+00 1.291856488374227752e+01
-1.000000000000000000e+00 1.291856488374227752e+01
-1.000000000000000000e+00 1.291856488365172595e+01
-1.000000000000000000e+00 1.291856488365172595e+01
-1.000000000000000000e+00 1.291856488365172595e+01
-1.000000000000000000e+00 1.291856488356117261e+01
-1.000000000000000000e+00 1.291856488347061926e+01
-1.000000000000000000e+00 1.291855120887563402e+01
-1.000000000000000000e+00 1.291855120869453089e+01
-1.000000000000000000e+00 1.291855120860397932e+01
-1.000000000000000000e+00 1.291855120815122149e+01
-1.000000000000000000e+00 1.289801039900665103e+01
-1.000000000000000000e+00 1.289801039900665103e+01
-1.000000000000000000e+00 1.289801039891794154e+01
-1.000000000000000000e+00 1.289801039882923028e+01
-1.000000000000000000e+00 1.236088623704806899e+01
-1.000000000000000000e+00 1.236088623684068999e+01
-1.000000000000000000e+00 1.236088623652962148e+01
-1.000000000000000000e+00 1.236088623647777673e+01
-1.000000000000000000e+00 1.186980453588910400e+01
-1.000000000000000000e+00 1.186980453585737649e+01
-1.000000000000000000e+00 1.186980453573046823e+01
-1.000000000000000000e+00 1.186978102477317520e+01
-1.000000000000000000e+00 1.184926698529323730e+01
-1.000000000000000000e+00 1.184926698523107191e+01
-1.000000000000000000e+00 1.184926698519999100e+01
-1.000000000000000000e+00 1.184926698507566201e+01
-1.000000000000000000e+00 1.184926698507566201e+01
-1.000000000000000000e+00 1.184926698504457931e+01
-1.000000000000000000e+00 1.184926698498241571e+01
-1.000000000000000000e+00 1.184926698498241571e+01
-1.000000000000000000e+00 1.184926698495133301e+01
-1.000000000000000000e+00 1.184926379416846132e+01
-1.000000000000000000e+00 1.184926379404413410e+01
-1.000000000000000000e+00 1.184926379401305141e+01
-1.000000000000000000e+00 1.184925391880249812e+01
-1.000000000000000000e+00 1.184925391877141543e+01
-1.000000000000000000e+00 1.184925391874033451e+01
-1.000000000000000000e+00 1.184925109286701606e+01
-1.000000000000000000e+00 1.131213143222811723e+01
-1.000000000000000000e+00 1.131212544978816048e+01
-1.000000000000000000e+00 1.131212544960651023e+01
-1.000000000000000000e+00 1.131212544957018018e+01
-1.000000000000000000e+00 9.610572862057768617e+00
-1.000000000000000000e+00 9.610572862051142806e+00
-1.000000000000000000e+00 9.610572862037889408e+00
-1.000000000000000000e+00 9.610553727796085965e+00
-1.000000000000000000e+00 8.262315380501380702e+00
-1.000000000000000000e+00 7.630079736928325751e+00
-1.000000000000000000e+00 7.630079736927410927e+00
-1.000000000000000000e+00 7.630079736927410927e+00
-1.000000000000000000e+00 7.630079736926039580e+00
-1.000000000000000000e+00 7.072387238959248812e+00
-1.000000000000000000e+00 7.072387238959248812e+00
-1.000000000000000000e+00 7.072387238958986799e+00
-1.000000000000000000e+00 7.072387238958724787e+00
-1.000000000000000000e+00 6.023630317286320590e+00
-1.000000000000000000e+00 6.023630317285586955e+00
-1.000000000000000000e+00 6.023630317285403990e+00
-1.000000000000000000e+00 6.023625385066507576e+00
-1.000000000000000000e+00 3.784961083233081336e+00
-5.000000000000000000e-01 1.561266048920026428e+01
-5.000000000000000000e-01 1.561266048786079530e+01
-5.000000000000000000e-01 1.561266048786079530e+01
-5.000000000000000000e-01 1.561266048786079530e+01
-5.000000000000000000e-01 1.561266048384239014e+01
-5.000000000000000000e-01 1.561266048384239014e+01
-5.000000000000000000e-01 1.561266048116345218e+01
-5.000000000000000000e-01 1.561266047714504701e+01
-5.000000000000000000e-01 1.561265735752767725e+01
-5.000000000000000000e-01 1.561265735484874995e+01
-5.000000000000000000e-01 1.561265734547249906e+01
-5.000000000000000000e-01 1.561265734413303363e+01
-5.000000000000000000e-01 1.561265734413303363e+01
-5.000000000000000000e-01 1.561265734145410633e+01
-5.000000000000000000e-01 1.561264712541175292e+01
-5.000000000000000000e-01 1.561264712005394983e+01
-5.000000000000000000e-01 1.561264711871450039e+01
-5.000000000000000000e-01 1.561264710665944477e+01
-5.000000000000000000e-01 1.561264644898940013e+01
-5.000000000000000000e-01 1.561264644631049947e+01
-5.000000000000000000e-01 1.561262760310897235e+01
-5.000000000000000000e-01 1.561262759105415299e+01
-5.000000000000000000e-01 1.507553237920305733e+01
-5.000000000000000000e-01 1.507553237842023819e+01
-5.000000000000000000e-01 1.456390959544115837e+01
-5.000000000000000000e-01 1.456390959544115837e+01
-5.000000000000000000e-01 1.393166980532349264e+01
-5.000000000000000000e-01 1.393166980457530890e+01
-5.000000000000000000e-01 1.393166980407651856e+01
-5.000000000000000000e-01 1.393166980233075414e+01
-5.000000000000000000e-01 1.393166980133317523e+01
-5.000000000000000000e-01 1.393166979983680598e+01
-5.000000000000000000e-01 1.393165807859526595e+01
-5.000000000000000000e-01 1.393165807759769770e+01
-5.000000000000000000e-01 1.391112874856952608e+01
-5.000000000000000000e-01 1.391112874466033844e+01
-5.000000000000000000e-01 1.337397699819600305e+01
-5.000000000000000000e-01 1.337397699619700298e+01
-5.000000000000000000e-01 1.337397699419800468e+01
-5.000000000000000000e-01 1.337397699348407620e+01
-5.000000000000000000e-01 1.337397699348407620e+01
-5.000000000000000000e-01 1.337397699262736062e+01
-5.000000000000000000e-01 1.337395660725314173e+01
-5.000000000000000000e-01 1.337395660639644568e+01
-5.000000000000000000e-01 1.258342462127326300e+01
-5.000000000000000000e-01 1.258342461926549305e+01
-5.000000000000000000e-01 1.202571011613824759e+01
-5.000000000000000000e-01 1.202571011580452698e+01
-5.000000000000000000e-01 1.195119265997595726e+01
-5.000000000000000000e-01 1.195119265952853205e+01
-5.000000000000000000e-01 1.139348280653847212e+01
-5.000000000000000000e-01 1.139348280640053979e+01
-5.000000000000000000e-01 1.139348280624290410e+01
-5.000000000000000000e-01 1.139348280618379050e+01
-5.000000000000000000e-01 1.139348280616408537e+01
-5.000000000000000000e-01 1.139348280610497177e+01
-5.000000000000000000e-01 1.139346871526997873e+01
-5.000000000000000000e-01 1.139346871503352787e+01
-5.000000000000000000e-01 1.083579596934660572e+01
-5.000000000000000000e-01 1.083579596930148092e+01
-5.000000000000000000e-01 1.034472398529414328e+01
-5.000000000000000000e-01 1.034472398523891101e+01
-5.000000000000000000e-01 1.034472398519748815e+01
-5.000000000000000000e-01 1.034472398513535296e+01
-5.000000000000000000e-01 1.034471454910080723e+01
-5.000000000000000000e-01 1.034471454898344156e+01
-5.000000000000000000e-01 1.034469882135361019e+01
-5.000000000000000000e-01 1.034469882123624629e+01
-5.000000000000000000e-01 1.032418724064273796e+01
-5.000000000000000000e-01 1.032418724062244664e+01
-5.000000000000000000e-01 1.032418724056833881e+01
-5.000000000000000000e-01 1.032418724053452053e+01
-5.000000000000000000e-01 1.032418724050070225e+01
-5.000000000000000000e-01 1.032418724049393788e+01
-5.000000000000000000e-01 1.032418009179905027e+01
-5.000000000000000000e-01 1.032418009173141549e+01
-5.000000000000000000e-01 9.787049693115934090e+00
-5.000000000000000000e-01 9.787049693032926712e+00
-5.000000000000000000e-01 9.787038006663870249e+00
-5.000000000000000000e-01 9.787038006612483798e+00
-5.000000000000000000e-01 9.787036538562828625e+00
-5.000000000000000000e-01 9.787036538515396344e+00
-5.000000000000000000e-01 9.787036538487727810e+00
-5.000000000000000000e-01 9.787036538483775416e+00
-5.000000000000000000e-01 8.106035296135162938e+00
-5.000000000000000000e-01 8.106035296124860068e+00
-5.000000000000000000e-01 8.085490574265028485e+00
-5.000000000000000000e-01 8.085490574258539453e+00
-5.000000000000000000e-01 8.085490574252050422e+00
-5.000000000000000000e-01 8.085490574249167395e+00
-5.000000000000000000e-01 8.085490574249167395e+00
-5.000000000000000000e-01 8.085490574248446194e+00
-5.000000000000000000e-01 8.085471503079794786e+00
-5.000000000000000000e-01 8.085471503079073585e+00
-5.000000000000000000e-01 7.548377616667496071e+00
-5.000000000000000000e-01 7.548377616665810308e+00
-5.000000000000000000e-01 4.498540569750066886e+00
-5.000000000000000000e-01 4.498540569750026918e+00
-5.000000000000000000e-01 2.259871473817448795e+00
-5.000000000000000000e-01 2.259871473817438137e+00
0.000000000000000000e+00 1.410812834892522361e+01
0.000000000000000000e+00 1.410812834714007735e+01
0.000000000000000000e+00 1.410812834624750423e+01
0.000000000000000000e+00 1.410812834475988353e+01
0.000000000000000000e+00 1.410812834327226106e+01
0.000000000000000000e+00 1.410812362752243487e+01
0.000000000000000000e+00 1.410812245320005154e+01
0.000000000000000000e+00 1.410812245111739394e+01
0.000000000000000000e+00 1.410812244695207696e+01
0.000000000000000000e+00 1.410809733636028085e+01
0.000000000000000000e+00 1.410809733368264496e+01
0.000000000000000000e+00 1.410809732921991788e+01
0.000000000000000000e+00 1.408758145197180234e+01
0.000000000000000000e+00 1.408758145168032883e+01
0.000000000000000000e+00 1.408758145109738180e+01
0.000000000000000000e+00 1.408758018756044983e+01
0.000000000000000000e+00 1.408758018697750281e+01
0.000000000000000000e+00 1.408758018668603107e+01
0.000000000000000000e+00 1.408758018668603107e+01
0.000000000000000000e+00 1.408758018581161053e+01
0.000000000000000000e+00 1.408758018581161053e+01
0.000000000000000000e+00 1.408758018435424475e+01
0.000000000000000000e+00 1.408758018377129950e+01
0.000000000000000000e+00 1.408758018202246021e+01
0.000000000000000000e+00 1.408756573992339156e+01
0.000000000000000000e+00 1.408756573934045342e+01
0.000000000000000000e+00 1.408756573904898524e+01
0.000000000000000000e+00 1.408749558274885416e+01
0.000000000000000000e+00 1.355045127702975094e+01
0.000000000000000000e+00 1.355045127651871972e+01
0.000000000000000000e+00 1.355045127566699925e+01
0.000000000000000000e+00 1.355037930023281945e+01
0.000000000000000000e+00 1.303882963811429185e+01
0.000000000000000000e+00 1.303882963780791826e+01
0.000000000000000000e+00 1.303882963770579195e+01
0.000000000000000000e+00 1.303882963699091846e+01
0.000000000000000000e+00 1.242714816604789085e+01
0.000000000000000000e+00 1.240659376077739218e+01
0.000000000000000000e+00 1.240659376066885322e+01
0.000000000000000000e+00 1.240659376045177531e+01
0.000000000000000000e+00 1.240659376034323635e+01
0.000000000000000000e+00 1.240659376028896688e+01
0.000000000000000000e+00 1.240659376018042792e+01
0.000000000000000000e+00 1.240659376001761949e+01
0.000000000000000000e+00 1.240659375990908053e+01
0.000000000000000000e+00 1.240659375947492471e+01
0.000000000000000000e+00 1.240659210189729755e+01
0.000000000000000000e+00 1.240659210184302808e+01
0.000000000000000000e+00 1.240659210173448912e+01
0.000000000000000000e+00 1.240658201064178812e+01
0.000000000000000000e+00 1.240658201020763762e+01
0.000000000000000000e+00 1.240658201009910044e+01
0.000000000000000000e+00 1.240651744594317840e+01
0.000000000000000000e+00 1.238606479752496092e+01
0.000000000000000000e+00 1.186945034762998752e+01
0.000000000000000000e+00 1.186945034740797666e+01
0.000000000000000000e+00 1.186945034737625981e+01
0.000000000000000000e+00 1.186937812235477807e+01
0.000000000000000000e+00 1.184896323428174369e+01
0.000000000000000000e+00 1.184889419581398329e+01
0.000000000000000000e+00 1.184889419568970048e+01
0.000000000000000000e+00 1.184889419544113487e+01
0.000000000000000000e+00 1.184889073354572986e+01
0.000000000000000000e+00 1.184889073351465782e+01
0.000000000000000000e+00 1.184889073329716602e+01
0.000000000000000000e+00 1.184889073329716602e+01
0.000000000000000000e+00 1.184889073329716602e+01
0.000000000000000000e+00 1.184889073326609399e+01
0.000000000000000000e+00 1.184889073323502373e+01
0.000000000000000000e+00 1.184889073323502373e+01
0.000000000000000000e+00 1.184889073320395347e+01
0.000000000000000000e+00 1.184887046533711441e+01
0.000000000000000000e+00 1.184887046505748565e+01
0.000000000000000000e+00 1.184887046483999740e+01
0.000000000000000000e+00 1.131183768720242355e+01
0.000000000000000000e+00 1.080013628196605957e+01
0.000000000000000000e+00 1.080013628191162844e+01
0.000000000000000000e+00 1.080013628178099339e+01
0.000000000000000000e+00 1.080013628173744777e+01
0.000000000000000000e+00 8.819642197259749850e+00
0.000000000000000000e+00 8.819642197255243232e+00
0.000000000000000000e+00 8.819642197252237636e+00
0.000000000000000000e+00 8.819579520828122909e+00
0.000000000000000000e+00 8.261975290279190531e+00
0.000000000000000000e+00 8.261947276191401457e+00
0.000000000000000000e+00 8.261947276181079047e+00
0.000000000000000000e+00 8.261947276167317611e+00
0.000000000000000000e+00 6.580968177414376896e+00
0.000000000000000000e+00 6.580949757558630431e+00
0.000000000000000000e+00 6.580949757558630431e+00
0.000000000000000000e+00 6.580949757558469670e+00
0.000000000000000000e+00 6.560408979877341729e+00
0.000000000000000000e+00 6.560408979877027313e+00
0.000000000000000000e+00 6.560408979876243052e+00
0.000000000000000000e+00 6.560376582054013639e+00
0.000000000000000000e+00 6.023285418559473747e+00
0.000000000000000000e+00 6.023285418558832482e+00
0.000000000000000000e+00 6.023285418556998394e+00
0.000000000000000000e+00 6.023264547616599351e+00
0.000000000000000000e+00 7.347855552811940472e-01
5.000000000000000000e-01 1.616997697334559092e+01
5.000000000000000000e-01 1.616997697100690701e+01
5.000000000000000000e-01 1.616997558416681002e+01
5.000000000000000000e-01 1.616997556545734582e+01
5.000000000000000000e-01 1.616994525424446749e+01
5.000000000000000000e-01 1.616994524956724177e+01
5.000000000000000000e-01 1.614944208972441331e+01
5.000000000000000000e-01 1.614944208972441331e+01
5.000000000000000000e-01 1.563285495491104982e+01
5.000000000000000000e-01 1.563285495491104982e+01
5.000000000000000000e-01 1.561229720827470224e+01
5.000000000000000000e-01 1.561229719622386547e+01
5.000000000000000000e-01 1.561229719488488321e+01
5.000000000000000000e-01 1.561229719488488321e+01
5.000000000000000000e-01 1.561229719220691869e+01
5.000000000000000000e-01 1.561229718149506240e+01
5.000000000000000000e-01 1.561228051800281591e+01
5.000000000000000000e-01 1.561228049657946215e+01
5.000000000000000000e-01 1.512123442313024135e+01
5.000000000000000000e-01 1.512123442067196954e+01
5.000000000000000000e-01 1.512123442067196954e+01
5.000000000000000000e-01 1.512123441985254502e+01
5.000000000000000000e-01 1.512123441657484690e+01
5.000000000000000000e-01 1.512123441329714879e+01
5.000000000000000000e-01 1.512121953921609752e+01
5.000000000000000000e-01 1.512121953757727155e+01
5.000000000000000000e-01 1.510069740941354510e+01
5.000000000000000000e-01 1.510069740941354510e+01
5.000000000000000000e-01 1.510069740539970873e+01
5.000000000000000000e-01 1.510069740218863821e+01
5.000000000000000000e-01 1.510069740058310295e+01
5.000000000000000000e-01 1.510069739817480006e+01
5.000000000000000000e-01 1.510069499710010987e+01
5.000000000000000000e-01 1.510069499469181231e+01
5.000000000000000000e-01 1.456354255407799236e+01
5.000000000000000000e-01 1.456354254797911807e+01
5.000000000000000000e-01 1.456353978190848864e+01
5.000000000000000000e-01 1.456353978097020274e+01
5.000000000000000000e-01 1.456353978003191685e+01
5.000000000000000000e-01 1.456353977862448801e+01
5.000000000000000000e-01 1.456353977674791622e+01
5.000000000000000000e-01 1.456353977440220149e+01
5.000000000000000000e-01 1.314075931495649918e+01
5.000000000000000000e-01 1.314075931461724878e+01
5.000000000000000000e-01 1.286199235499879201e+01
5.000000000000000000e-01 1.286199235448535916e+01
5.000000000000000000e-01 1.258304454552783724e+01
5.000000000000000000e-01 1.258304454533361039e+01
5.000000000000000000e-01 1.258304454494515845e+01
5.000000000000000000e-01 1.258304454449196363e+01
5.000000000000000000e-01 1.258303595538363595e+01
5.000000000000000000e-01 1.258303595402406394e+01
5.000000000000000000e-01 1.258300794792012134e+01
5.000000000000000000e-01 1.258300794759642294e+01
5.000000000000000000e-01 1.202536130891004973e+01
5.000000000000000000e-01 1.202536130865058084e+01
5.000000000000000000e-01 1.151375029645213388e+01
5.000000000000000000e-01 1.151375029600767874e+01
5.000000000000000000e-01 1.090204244565077651e+01
5.000000000000000000e-01 1.090204244554228730e+01
5.000000000000000000e-01 1.088151641764740951e+01
5.000000000000000000e-01 1.088151641762379107e+01
5.000000000000000000e-01 1.088151641755293575e+01
5.000000000000000000e-01 1.088151641750569709e+01
5.000000000000000000e-01 1.088151641749388787e+01
5.000000000000000000e-01 1.088151641748207865e+01
5.000000000000000000e-01 1.088151274525116641e+01
5.000000000000000000e-01 1.088151274520392953e+01
5.000000000000000000e-01 1.034437175921421925e+01
5.000000000000000000e-01 1.034437175917281060e+01
5.000000000000000000e-01 1.034436222019291662e+01
5.000000000000000000e-01 1.034436222018601548e+01
5.000000000000000000e-01 1.034436222017911433e+01
5.000000000000000000e-01 1.034436222017911433e+01
5.000000000000000000e-01 1.034435369077873546e+01
5.000000000000000000e-01 1.034435369077183431e+01
5.000000000000000000e-01 1.032380763909167243e+01
5.000000000000000000e-01 1.032380763908491161e+01
5.000000000000000000e-01 1.032380763907814902e+01
5.000000000000000000e-01 1.032380763905786658e+01
5.000000000000000000e-01 1.032380763905786658e+01
5.000000000000000000e-01 1.032380763905786658e+01
5.000000000000000000e-01 1.032378509138923661e+01
5.000000000000000000e-01 1.032378509137571498e+01
5.000000000000000000e-01 9.786701264407435374e+00
5.000000000000000000e-01 9.786701264375825104e+00
5.000000000000000000e-01 9.275054204673450542e+00
5.000000000000000000e-01 9.275054204626073329e+00
5.000000000000000000e-01 9.275054204614228581e+00
5.000000000000000000e-01 9.275054204609491038e+00
5.000000000000000000e-01 9.275054204609491038e+00
5.000000000000000000e-01 9.275054204607121378e+00
5.000000000000000000e-01 9.275050234308604757e+00
5.000000000000000000e-01 9.275050234301499330e+00
5.000000000000000000e-01 7.036371009120302666e+00
5.000000000000000000e-01 7.036371009116767716e+00
5.000000000000000000e-01 5.055862532594368020e+00
5.000000000000000000e-01 5.055862532593740966e+00
5.000000000000000000e-01 4.498195752679592374e+00
5.000000000000000000e-01 4.498195752679502668e+00
1.000000000000000000e+00 1.583486256101608980e+01
1.000000000000000000e+00 1.583486255934333009e+01
1.000000000000000000e+00 1.527714297447619707e+01
1.000000000000000000e+00 1.527714297351852046e+01
1.000000000000000000e+00 1.527714297256084386e+01
1.000000000000000000e+00 1.527714296394174909e+01
1.000000000000000000e+00 1.520263478452798900e+01
1.000000000000000000e+00 1.520263478275015778e+01
1.000000000000000000e+00 1.520263478186124217e+01
1.000000000000000000e+00 1.520263082797161580e+01
1.000000000000000000e+00 1.466545325303713199e+01
1.000000000000000000e+00 1.466545077825561805e+01
1.000000000000000000e+00 1.466545077773614381e+01
1.000000000000000000e+00 1.466545077513876905e+01
1.000000000000000000e+00 1.464491322889307057e+01
1.000000000000000000e+00 1.464491322736632561e+01
1.000000000000000000e+00 1.464491322736632561e+01
1.000000000000000000e+00 1.464491322736632561e+01
1.000000000000000000e+00 1.464491322685741181e+01
1.000000000000000000e+00 1.464491322685741181e+01
1.000000000000000000e+00 1.464491322634849624e+01
1.000000000000000000e+00 1.464491322634849624e+01
1.000000000000000000e+00 1.464491322583958066e+01
1.000000000000000000e+00 1.464490264657111318e+01
1.000000000000000000e+00 1.464490264657111318e+01
1.000000000000000000e+00 1.464490264504438422e+01
1.000000000000000000e+00 1.464490016055086663e+01
1.000000000000000000e+00 1.464490015953304969e+01
1.000000000000000000e+00 1.464490015851523452e+01
1.000000000000000000e+00 1.464488844351429364e+01
1.000000000000000000e+00 1.410777239449663867e+01
1.000000000000000000e+00 1.410777169169705125e+01
1.000000000000000000e+00 1.410777169139963227e+01
1.000000000000000000e+00 1.410777169080479609e+01
1.000000000000000000e+00 1.408720922503793105e+01
1.000000000000000000e+00 1.408720922474656589e+01
1.000000000000000000e+00 1.408720922387247043e+01
1.000000000000000000e+00 1.408718814645546935e+01
1.000000000000000000e+00 1.359615817240640112e+01
1.000000000000000000e+00 1.359615817222809220e+01
1.000000000000000000e+00 1.359615817169316010e+01
1.000000000000000000e+00 1.359615817151484940e+01
1.000000000000000000e+00 1.359615817133653870e+01
1.000000000000000000e+00 1.359615817097991908e+01
1.000000000000000000e+00 1.359615817062329768e+01
1.000000000000000000e+00 1.359615817062329768e+01
1.000000000000000000e+00 1.359615473325031232e+01
1.000000000000000000e+00 1.359615473289369270e+01
1.000000000000000000e+00 1.359615473200214453e+01
1.000000000000000000e+00 1.359615473111059458e+01
1.000000000000000000e+00 1.359614069270067738e+01
1.000000000000000000e+00 1.359614069252237023e+01
1.000000000000000000e+00 1.359614069163083272e+01
1.000000000000000000e+00 1.359614069127421843e+01
1.000000000000000000e+00 1.357562118388542771e+01
1.000000000000000000e+00 1.357562118371074078e+01
1.000000000000000000e+00 1.357562118283731323e+01
1.000000000000000000e+00 1.357562118266262630e+01
1.000000000000000000e+00 1.303845892156834019e+01
1.000000000000000000e+00 1.303845892136416573e+01
1.000000000000000000e+00 1.303845892095581682e+01
1.000000000000000000e+00 1.303845892095581682e+01
1.000000000000000000e+00 1.303845399046593734e+01
1.000000000000000000e+00 1.303845399026176288e+01
1.000000000000000000e+00 1.303845399005759020e+01
1.000000000000000000e+00 1.303845398995550298e+01
1.000000000000000000e+00 1.303845398985341753e+01
1.000000000000000000e+00 1.303845398985341753e+01
1.000000000000000000e+00 1.303845398954715762e+01
1.000000000000000000e+00 1.303845398934298316e+01
1.000000000000000000e+00 1.303845180591663500e+01
1.000000000000000000e+00 1.303845180581454777e+01
1.000000000000000000e+00 1.303845180561037509e+01
1.000000000000000000e+00 1.303845180550828964e+01
1.000000000000000000e+00 1.135745843665221599e+01
1.000000000000000000e+00 1.135745843663320720e+01
1.000000000000000000e+00 1.135745843663320720e+01
1.000000000000000000e+00 1.135745843657618614e+01
1.000000000000000000e+00 1.133691371227384259e+01
1.000000000000000000e+00 1.133691371225522282e+01
1.000000000000000000e+00 1.133691371223660127e+01
1.000000000000000000e+00 1.133691371221798150e+01
1.000000000000000000e+00 1.079978102879804958e+01
1.000000000000000000e+00 1.079978102879804958e+01
1.000000000000000000e+00 1.079978102878716584e+01
1.000000000000000000e+00 1.079978102878716584e+01
1.000000000000000000e+00 9.376970153941559971e+00
1.000000000000000000e+00 8.819276559029900042e+00
1.000000000000000000e+00 8.819276559023892403e+00
1.000000000000000000e+00 8.819276559022391382e+00
1.000000000000000000e+00 8.819259526313523168e+00
1.000000000000000000e+00 8.261610893715406689e+00
1.000000000000000000e+00 7.749970937966093487e+00
1.000000000000000000e+00 7.749970937964547169e+00
1.000000000000000000e+00 7.749970937964547169e+00
1.000000000000000000e+00 7.749970937964032025e+00
1.000000000000000000e+00 5.511285076288260143e+00
1.000000000000000000e+00 5.511285076288205076e+00
1.000000000000000000e+00 5.511285076287984808e+00
1.000000000000000000e+00 5.511285076287930629e+00
1.500000000000000000e+00 1.735954945693962870e+01
1.500000000000000000e+00 1.735954945693962870e+01
1.500000000000000000e+00 1.735954944157129631e+01
1.500000000000000000e+00 1.735954941851879596e+01
1.500000000000000000e+00 1.735953352010543327e+01
1.500000000000000000e+00 1.735953352010543327e+01
1.500000000000000000e+00 1.735953347400116797e+01
1.500000000000000000e+00 1.735953346631712435e+01
1.500000000000000000e+00 1.735953345863308073e+01
1.500000000000000000e+00 1.735953343558094986e+01
1.500000000000000000e+00 1.735948418975986840e+01
1.500000000000000000e+00 1.735948411292322291e+01
1.500000000000000000e+00 1.733901482413609330e+01
1.500000000000000000e+00 1.733901473380029046e+01
1.500000000000000000e+00 1.733900911794052746e+01
1.500000000000000000e+00 1.733900911794052746e+01
1.500000000000000000e+00 1.733900908782876371e+01
1.500000000000000000e+00 1.733900908030082633e+01
1.500000000000000000e+00 1.733900908030082633e+01
1.500000000000000000e+00 1.733900904266112164e+01
1.500000000000000000e+00 1.680187764584429644e+01
1.500000000000000000e+00 1.680187762824631292e+01
1.500000000000000000e+00 1.680186085310730348e+01
1.500000000000000000e+00 1.680186083550961484e+01
1.500000000000000000e+00 1.680186082671076875e+01
1.500000000000000000e+00 1.680186082231134748e+01
1.500000000000000000e+00 1.680186080911308011e+01
1.500000000000000000e+00 1.680186080471365884e+01
1.500000000000000000e+00 1.629026595323532334e+01
1.500000000000000000e+00 1.629026594268482953e+01
1.500000000000000000e+00 1.567855379110873493e+01
1.500000000000000000e+00 1.567855378109381093e+01
1.500000000000000000e+00 1.565803154603140968e+01
1.500000000000000000e+00 1.565803154462976821e+01
1.500000000000000000e+00 1.565802751912371349e+01
1.500000000000000000e+00 1.565802751632044298e+01
1.500000000000000000e+00 1.565802751491880684e+01
1.500000000000000000e+00 1.565802751071390020e+01
1.500000000000000000e+00 1.565802750510735564e+01
1.500000000000000000e+00 1.565802750370572127e+01
1.500000000000000000e+00 1.512087296456199503e+01
1.500000000000000000e+00 1.512087295473245518e+01
1.500000000000000000e+00 1.512086659504084096e+01
1.500000000000000000e+00 1.512086659340259409e+01
1.500000000000000000e+00 1.512086658766873271e+01
1.500000000000000000e+00 1.512086658521136329e+01
1.500000000000000000e+00 1.512086658357311819e+01
1.500000000000000000e+00 1.512086657865837935e+01
1.500000000000000000e+00 1.510030728231603625e+01
1.500000000000000000e+00 1.510030727990867305e+01
1.500000000000000000e+00 1.510030727990867305e+01
1.500000000000000000e+00 1.510030727910621806e+01
1.500000000000000000e+00 1.510030727669885486e+01
1.500000000000000000e+00 1.510030727509394666e+01
1.500000000000000000e+00 1.510030058023949273e+01
1.500000000000000000e+00 1.510030057943704307e+01
1.500000000000000000e+00 1.456317966437373634e+01
1.500000000000000000e+00 1.456317965921502200e+01
1.500000000000000000e+00 1.405156304328553496e+01
1.500000000000000000e+00 1.405156304244204968e+01
1.500000000000000000e+00 1.314037022844859592e+01
1.500000000000000000e+00 1.314037022675300292e+01
1.500000000000000000e+00 1.258268278059738066e+01
1.500000000000000000e+00 1.258268277930300449e+01
1.500000000000000000e+00 1.207107981815503273e+01
1.500000000000000000e+00 1.207107981803862806e+01
1.500000000000000000e+00 1.207107981788342421e+01
1.500000000000000000e+00 1.207107981780582229e+01
1.500000000000000000e+00 1.207107981768941940e+01
1.500000000000000000e+00 1.207107981753421555e+01
1.500000000000000000e+00 1.207107418456751446e+01
1.500000000000000000e+00 1.207107418429590950e+01
1.500000000000000000e+00 1.151336893977517128e+01
1.500000000000000000e+00 1.151336893975295617e+01
1.500000000000000000e+00 1.151336893970852771e+01
1.500000000000000000e+00 1.151336893964188590e+01
1.500000000000000000e+00 1.151336893944195694e+01
1.500000000000000000e+00 1.151336893928645644e+01
1.500000000000000000e+00 1.151336572619163690e+01
1.500000000000000000e+00 1.151336572608056485e+01
1.500000000000000000e+00 9.832377641433931004e+00
1.500000000000000000e+00 9.832377641413250657e+00
1.500000000000000000e+00 9.832377641404978164e+00
1.500000000000000000e+00 9.832377641392570311e+00
1.500000000000000000e+00 9.832377641376025323e+00
1.500000000000000000e+00 9.832377641371889965e+00
1.500000000000000000e+00 9.832370296934820786e+00
1.500000000000000000e+00 9.832370296860371894e+00
1.500000000000000000e+00 9.811837611698221551e+00
1.500000000000000000e+00 9.811837611690117811e+00
1.500000000000000000e+00 9.274705453969028568e+00
1.500000000000000000e+00 9.274705453966660684e+00
1.500000000000000000e+00 9.274691828926057369e+00
1.500000000000000000e+00 9.274691828918953718e+00
1.500000000000000000e+00 9.274691828909482183e+00
1.500000000000000000e+00 9.274691828907114299e+00
1.500000000000000000e+00 9.274691828900008872e+00
1.500000000000000000e+00 9.274691828900008872e+00
1.500000000000000000e+00 3.986197988199431386e+00
1.500000000000000000e+00 3.986197988199407405e+00
2.000000000000000000e+00 1.942142113610069032e+01
2.000000000000000000e+00 1.942141859919107105e+01
2.000000000000000000e+00 1.942141847838601265e+01
2.000000000000000000e+00 1.942141841798348878e+01
2.000000000000000000e+00 1.942141841798348878e+01
2.000000000000000000e+00 1.942141841798348878e+01
2.000000000000000000e+00 1.942141835758096846e+01
2.000000000000000000e+00 1.942141829717844814e+01
2.000000000000000000e+00 1.942141829717844814e+01
2.000000000000000000e+00 1.942140283425413116e+01
2.000000000000000000e+00 1.942140283425413116e+01
2.000000000000000000e+00 1.942140283425413116e+01
2.000000000000000000e+00 1.942140271345097702e+01
2.000000000000000000e+00 1.888427224221148748e+01
2.000000000000000000e+00 1.888427220691142594e+01
2.000000000000000000e+00 1.888427213631130996e+01
2.000000000000000000e+00 1.888427213631130996e+01
2.000000000000000000e+00 1.886370829767034607e+01
2.000000000000000000e+00 1.886370826308878179e+01
2.000000000000000000e+00 1.886370819392565323e+01
2.000000000000000000e+00 1.886370802101786026e+01
2.000000000000000000e+00 1.837266870654415740e+01
2.000000000000000000e+00 1.837266864305345848e+01
2.000000000000000000e+00 1.837266857956276311e+01
2.000000000000000000e+00 1.837265926763792478e+01
2.000000000000000000e+00 1.781496093261025138e+01
2.000000000000000000e+00 1.781496090837712742e+01
2.000000000000000000e+00 1.781496090837712742e+01
2.000000000000000000e+00 1.781496088414399992e+01
2.000000000000000000e+00 1.690377460168349089e+01
2.000000000000000000e+00 1.639219608754333635e+01
2.000000000000000000e+00 1.639219607878136742e+01
2.000000000000000000e+00 1.639219607878136742e+01
2.000000000000000000e+00 1.639219607586070993e+01
2.000000000000000000e+00 1.583447588696098762e+01
2.000000000000000000e+00 1.583447588528887451e+01
2.000000000000000000e+00 1.583447588361676139e+01
2.000000000000000000e+00 1.583447588194464828e+01
2.000000000000000000e+00 1.583447588194464828e+01
2.000000000000000000e+00 1.583447588027253339e+01
2.000000000000000000e+00 1.583447587692830716e+01
2.000000000000000000e+00 1.583447587525619404e+01
2.000000000000000000e+00 1.583447188392952221e+01
2.000000000000000000e+00 1.583447188225741620e+01
2.000000000000000000e+00 1.583447188058530841e+01
2.000000000000000000e+00 1.583447188058530841e+01
2.000000000000000000e+00 1.583445319162336240e+01
2.000000000000000000e+00 1.583445318827921255e+01
2.000000000000000000e+00 1.583445318493506093e+01
2.000000000000000000e+00 1.583445317824675946e+01
2.000000000000000000e+00 1.527677245894489744e+01
2.000000000000000000e+00 1.527677245224364100e+01
2.000000000000000000e+00 1.527677245128631789e+01
2.000000000000000000e+00 1.527677245032899656e+01
2.000000000000000000e+00 1.476518891578679060e+01
2.000000000000000000e+00 1.415348531745433824e+01
2.000000000000000000e+00 1.415348531745433824e+01
2.000000000000000000e+00 1.415348531620901795e+01
2.000000000000000000e+00 1.415348531558635869e+01
2.000000000000000000e+00 1.413295309875696049e+01
2.000000000000000000e+00 1.413295309845195824e+01
2.000000000000000000e+00 1.413295309753694973e+01
2.000000000000000000e+00 1.413295309662194121e+01
2.000000000000000000e+00 1.359578447767869847e+01
2.000000000000000000e+00 1.359578447696572390e+01
2.000000000000000000e+00 1.359578447660923572e+01
2.000000000000000000e+00 1.359578447643099253e+01
2.000000000000000000e+00 1.359578252412869936e+01
2.000000000000000000e+00 1.359578252395045617e+01
2.000000000000000000e+00 1.359578252359396799e+01
2.000000000000000000e+00 1.359578252341572480e+01
2.000000000000000000e+00 1.359578252341572480e+01
2.000000000000000000e+00 1.359578252323748160e+01
2.000000000000000000e+00 1.359578252323748160e+01
2.000000000000000000e+00 1.359578252198977744e+01
2.000000000000000000e+00 1.359576884920731565e+01
2.000000000000000000e+00 1.359576884867259139e+01
2.000000000000000000e+00 1.359576884831611032e+01
2.000000000000000000e+00 1.359576884831611032e+01
2.000000000000000000e+00 1.357522803943149725e+01
2.000000000000000000e+00 1.357522803943149725e+01
2.000000000000000000e+00 1.357522803890764607e+01
2.000000000000000000e+00 1.357522803855841254e+01
2.000000000000000000e+00 1.303810387697818385e+01
2.000000000000000000e+00 1.303810387677408222e+01
2.000000000000000000e+00 1.303810387667203052e+01
2.000000000000000000e+00 1.303810387656997882e+01
2.000000000000000000e+00 1.252648462530050821e+01
2.000000000000000000e+00 1.252648462517814387e+01
2.000000000000000000e+00 1.252648462493341697e+01
2.000000000000000000e+00 1.252648143426877603e+01
2.000000000000000000e+00 1.028779050208756907e+01
2.000000000000000000e+00 8.307297376978256764e+00
2.000000000000000000e+00 8.307297376977356151e+00
2.000000000000000000e+00 8.307297376976457315e+00
2.000000000000000000e+00 8.307297376975556702e+00
2.000000000000000000e+00 7.749604879010087544e+00
2.000000000000000000e+00 7.749604879009056368e+00
2.000000000000000000e+00 7.749604879009056368e+00
2.000000000000000000e+00 7.749604879009056368e+00
2.500000000000000000e+00 2.318480774116535059e+01
2.500000000000000000e+00 2.318480513816799871e+01
2.500000000000000000e+00 2.318480253517742184e+01
2.500000000000000000e+00 2.318479993219362356e+01
2.500000000000000000e+00 2.269378319330830251e+01
2.500000000000000000e+00 2.269377841421777831e+01
2.500000000000000000e+00 2.213606696702222365e+01
2.500000000000000000e+00 2.213606423091809816e+01
2.500000000000000000e+00 2.213606423091809816e+01
2.500000000000000000e+00 2.213606331888505352e+01
2.500000000000000000e+00 2.213605693467702906e+01
2.500000000000000000e+00 2.213605693467702906e+01
2.500000000000000000e+00 2.213604963848919738e+01
2.500000000000000000e+00 2.213604507839883340e+01
2.500000000000000000e+00 2.157836568026600332e+01
2.500000000000000000e+00 2.157836359161967721e+01
2.500000000000000000e+00 2.015558631193798433e+01
2.500000000000000000e+00 2.015558593434726475e+01
2.500000000000000000e+00 2.015558404639579848e+01
2.500000000000000000e+00 2.015558392053249293e+01
2.500000000000000000e+00 2.015558392053249293e+01
2.500000000000000000e+00 2.015558354294267573e+01
2.500000000000000000e+00 2.015558354294267573e+01
2.500000000000000000e+00 2.015558341707943413e+01
2.500000000000000000e+00 1.959787018844630779e+01
2.500000000000000000e+00 1.959786997226989058e+01
2.500000000000000000e+00 1.959786990021109787e+01
2.500000000000000000e+00 1.959786982815230516e+01
2.500000000000000000e+00 1.959786961197596611e+01
2.500000000000000000e+00 1.959786961197596611e+01
2.500000000000000000e+00 1.959785520032547268e+01
2.500000000000000000e+00 1.959785491209458286e+01
2.500000000000000000e+00 1.908630637848860800e+01
2.500000000000000000e+00 1.908630620567508629e+01
2.500000000000000000e+00 1.852857884795349008e+01
2.500000000000000000e+00 1.852857872428195662e+01
2.500000000000000000e+00 1.845407680253075711e+01
2.500000000000000000e+00 1.845407668773814791e+01
2.500000000000000000e+00 1.791688485803395636e+01
2.500000000000000000e+00 1.791688485803395636e+01
2.500000000000000000e+00 1.791688072571085399e+01
2.500000000000000000e+00 1.791688069887764456e+01
2.500000000000000000e+00 1.791688067204443158e+01
2.500000000000000000e+00 1.791688064521122215e+01
2.500000000000000000e+00 1.791688063179461921e+01
2.500000000000000000e+00 1.791688061837801271e+01
2.500000000000000000e+00 1.789634369718435991e+01
2.500000000000000000e+00 1.789634365775272684e+01
2.500000000000000000e+00 1.789634365775272684e+01
2.500000000000000000e+00 1.789634364460884797e+01
2.500000000000000000e+00 1.789634364460884797e+01
2.500000000000000000e+00 1.789634359203333958e+01
2.500000000000000000e+00 1.789633661265888875e+01
2.500000000000000000e+00 1.789633659951510225e+01
2.500000000000000000e+00 1.735918605422179795e+01
2.500000000000000000e+00 1.735918603117767489e+01
2.500000000000000000e+00 1.735918603117767489e+01
2.500000000000000000e+00 1.735918601581492382e+01
2.500000000000000000e+00 1.735918600045217630e+01
2.500000000000000000e+00 1.735918600045217630e+01
2.500000000000000000e+00 1.735918457939898119e+01
2.500000000000000000e+00 1.735918457171761986e+01
2.500000000000000000e+00 1.733862248236416903e+01
2.500000000000000000e+00 1.733862248236416903e+01
2.500000000000000000e+00 1.684759712792867603e+01
2.500000000000000000e+00 1.684759709569151909e+01
2.500000000000000000e+00 1.684759709108621095e+01
2.500000000000000000e+00 1.684759709108621095e+01
2.500000000000000000e+00 1.684759462724949586e+01
2.500000000000000000e+00 1.684759461803890446e+01
2.500000000000000000e+00 1.684758412262313243e+01
2.500000000000000000e+00 1.684758410880738921e+01
2.500000000000000000e+00 1.628988318333277974e+01
2.500000000000000000e+00 1.628988317278632536e+01
2.500000000000000000e+00 1.628987813422914854e+01
2.500000000000000000e+00 1.628987813159254472e+01
2.500000000000000000e+00 1.628987812368274390e+01
2.500000000000000000e+00 1.628987811577293954e+01
2.500000000000000000e+00 1.628987499140571060e+01
2.500000000000000000e+00 1.628987498613252427e+01
2.500000000000000000e+00 1.460888743995888817e+01
2.500000000000000000e+00 1.460888743848616578e+01
2.500000000000000000e+00 1.405119463523099199e+01
2.500000000000000000e+00 1.405119463466887453e+01
2.500000000000000000e+00 1.262841030041055035e+01
2.500000000000000000e+00 1.262841030007181509e+01
2.500000000000000000e+00 1.207070044649712059e+01
2.500000000000000000e+00 1.207070044645833562e+01
2.500000000000000000e+00 1.207070044638076212e+01
2.500000000000000000e+00 1.207070044638076212e+01
2.500000000000000000e+00 1.207070044634197536e+01
2.500000000000000000e+00 1.207070044630319039e+01
2.500000000000000000e+00 1.207068635528565181e+01
2.500000000000000000e+00 1.207068635513050836e+01
2.500000000000000000e+00 1.151301360943200613e+01
2.500000000000000000e+00 1.151301360936538742e+01
2.500000000000000000e+00 1.100140488066946354e+01
2.500000000000000000e+00 1.100140488064283772e+01
2.500000000000000000e+00 8.762708214300610976e+00
2.500000000000000000e+00 8.762708214299191667e+00
3.000000000000000000e+00 2.974470414226121306e+01
3.000000000000000000e+00 2.974470414226121306e+01
3.000000000000000000e+00 2.974286759445391226e+01
3.000000000000000000e+00 2.869699822594061800e+01
3.000000000000000000e+00 2.869635368837399270e+01
3.000000000000000000e+00 2.869635368837399270e+01
3.000000000000000000e+00 2.869570956596846756e+01
3.000000000000000000e+00 2.813821174005687098e+01
3.000000000000000000e+00 2.813821174005687098e+01
3.000000000000000000e+00 2.813747454872234144e+01
3.000000000000000000e+00 2.813747454872234144e+01
3.000000000000000000e+00 2.750606950805318363e+01
3.000000000000000000e+00 2.750587356409253204e+01
3.000000000000000000e+00 2.750567765851839042e+01
3.000000000000000000e+00 2.750548179131572724e+01
3.000000000000000000e+00 2.645727671972361961e+01
3.000000000000000000e+00 2.645713941366820876e+01
3.000000000000000000e+00 2.645707076770971256e+01
3.000000000000000000e+00 2.645700212646315919e+01
3.000000000000000000e+00 2.589957537166309720e+01
3.000000000000000000e+00 2.589953606425954291e+01
3.000000000000000000e+00 2.589949675840099985e+01
3.000000000000000000e+00 2.589945745408734723e+01
3.000000000000000000e+00 2.391899689400134932e+01
3.000000000000000000e+00 2.391899146990480318e+01
3.000000000000000000e+00 2.391896434986335862e+01
3.000000000000000000e+00 2.391895350205271953e+01
3.000000000000000000e+00 2.340741977086121395e+01
3.000000000000000000e+00 2.284970450401353759e+01
3.000000000000000000e+00 2.284969891852909640e+01
3.000000000000000000e+00 2.284969705670788187e+01
3.000000000000000000e+00 2.284969333307584805e+01
3.000000000000000000e+00 2.229195947956993962e+01
3.000000000000000000e+00 2.221746702094925041e+01
3.000000000000000000e+00 2.221746603156876532e+01
3.000000000000000000e+00 2.221746405281073322e+01
3.000000000000000000e+00 2.221746306343318622e+01
3.000000000000000000e+00 2.168028157208606288e+01
3.000000000000000000e+00 2.168028099390115315e+01
3.000000000000000000e+00 2.168028041571657738e+01
3.000000000000000000e+00 2.168028041571657738e+01
3.000000000000000000e+00 2.165973098507004124e+01
3.000000000000000000e+00 2.165973098507004124e+01
3.000000000000000000e+00 2.165972985222209601e+01
3.000000000000000000e+00 2.165972815295258158e+01
3.000000000000000000e+00 2.116872400267608612e+01
3.000000000000000000e+00 2.116871533628316016e+01
3.000000000000000000e+00 2.116871464297497241e+01
3.000000000000000000e+00 2.116871429632105617e+01
3.000000000000000000e+00 2.061099432192118286e+01
3.000000000000000000e+00 2.061099432192118286e+01
3.000000000000000000e+00 2.061099352806625618e+01
3.000000000000000000e+00 2.061098856648723654e+01
3.000000000000000000e+00 2.061098816956197766e+01
3.000000000000000000e+00 2.061098816956197766e+01
3.000000000000000000e+00 2.061098797109940861e+01
3.000000000000000000e+00 2.061098797109940861e+01
3.000000000000000000e+00 2.061098360493283010e+01
3.000000000000000000e+00 2.061098221570200906e+01
3.000000000000000000e+00 2.061098181877927260e+01
3.000000000000000000e+00 2.061098102493427220e+01
3.000000000000000000e+00 2.061097130038413638e+01
3.000000000000000000e+00 2.061097130038413638e+01
3.000000000000000000e+00 2.061097070500659001e+01
3.000000000000000000e+00 2.061095343921188316e+01
3.000000000000000000e+00 2.005327986585654187e+01
3.000000000000000000e+00 2.005327702526750144e+01
3.000000000000000000e+00 2.005327691164410808e+01
3.000000000000000000e+00 2.005327691164410808e+01
3.000000000000000000e+00 1.892999500783890809e+01
3.000000000000000000e+00 1.837228933692541233e+01
3.000000000000000000e+00 1.837228929461433324e+01
3.000000000000000000e+00 1.837228920999218573e+01
3.000000000000000000e+00 1.837227907654140679e+01
3.000000000000000000e+00 1.781460209228103153e+01
3.000000000000000000e+00 1.639180441655480536e+01
3.000000000000000000e+00 1.639180441363529184e+01
3.000000000000000000e+00 1.639180441071577832e+01
3.000000000000000000e+00 1.639180440779626480e+01
3.000000000000000000e+00 1.583410023866120930e+01
3.000000000000000000e+00 1.583410023531823718e+01
3.000000000000000000e+00 1.583410023197526684e+01
3.000000000000000000e+00 1.583410023030378078e+01
3.000000000000000000e+00 1.532252035998922501e+01
3.000000000000000000e+00 1.532252035798495449e+01
3.000000000000000000e+00 1.532252035497854870e+01
3.000000000000000000e+00 1.532251073953869636e+01
3.000000000000000000e+00 1.476479909190069506e+01
3.000000000000000000e+00 1.476479782796429774e+01
3.000000000000000000e+00 1.476479782681682984e+01
3.000000000000000000e+00 1.476479782452189404e+01
3.000000000000000000e+00 1.308381140042557611e+01
3.000000000000000000e+00 1.308381140021192834e+01
3.000000000000000000e+00 1.308381139978463459e+01
3.000000000000000000e+00 1.308380974209696745e+01
3.000000000000000000e+00 1.252611183563444719e+01
3.000000000000000000e+00 1.252610837339010352e+01
3.000000000000000000e+00 1.252610837314546899e+01
3.000000000000000000e+00 1.252610837302315083e+01
3.000000000000000000e+00 7.237626619926039950e+00
3.500000000000000000e+00 3.245926747392797296e+01
3.500000000000000000e+00 3.245926744919557194e+01
3.500000000000000000e+00 3.022055602174087596e+01
3.500000000000000000e+00 3.022055601927984014e+01
3.500000000000000000e+00 2.717082158974683281e+01
3.500000000000000000e+00 2.717082158971052763e+01
3.500000000000000000e+00 2.661307454806214068e+01
3.500000000000000000e+00 2.661307454799146299e+01
3.500000000000000000e+00 2.598084901145633907e+01
3.500000000000000000e+00 2.598084901145386638e+01
3.500000000000000000e+00 2.493211349795733867e+01
3.500000000000000000e+00 2.493211349790324149e+01
3.500000000000000000e+00 2.493209811517456487e+01
3.500000000000000000e+00 2.493209811516932461e+01
3.500000000000000000e+00 2.493209811516307184e+01
3.500000000000000000e+00 2.493209811516044283e+01
3.500000000000000000e+00 2.493209522825236490e+01
3.500000000000000000e+00 2.493209522822507651e+01
3.500000000000000000e+00 2.437437913830079239e+01
3.500000000000000000e+00 2.437437913829896630e+01
3.500000000000000000e+00 2.437437913829517910e+01
3.500000000000000000e+00 2.437437913827779923e+01
3.500000000000000000e+00 2.437437080512558296e+01
3.500000000000000000e+00 2.437437080511441678e+01
3.500000000000000000e+00 2.437436775824955859e+01
3.500000000000000000e+00 2.437436775822323298e+01
3.500000000000000000e+00 2.269338818187600992e+01
3.500000000000000000e+00 2.269338818187397422e+01
3.500000000000000000e+00 2.213569009622740680e+01
3.500000000000000000e+00 2.213569009622326078e+01
3.500000000000000000e+00 2.015520207473085534e+01
3.500000000000000000e+00 2.015520207473083403e+01
3.500000000000000000e+00 1.964363976198085737e+01
3.500000000000000000e+00 1.964363976197973827e+01
3.500000000000000000e+00 1.908591218948369672e+01
3.500000000000000000e+00 1.908591218948366830e+01
3.500000000000000000e+00 1.908591218948362567e+01
3.500000000000000000e+00 1.908591218948321355e+01
3.500000000000000000e+00 1.908591047006002128e+01
3.500000000000000000e+00 1.908591047005980812e+01
3.500000000000000000e+00 1.908589785939543049e+01
3.500000000000000000e+00 1.908589785939535588e+01
3.500000000000000000e+00 1.852819174132736890e+01
3.500000000000000000e+00 1.852819174132735114e+01
3.500000000000000000e+00 1.740492812979178794e+01
3.500000000000000000e+00 1.740492812979167070e+01
3.500000000000000000e+00 1.684721166858586372e+01
3.500000000000000000e+00 1.684721166858581398e+01
3.500000000000000000e+00 1.684720928430356324e+01
3.500000000000000000e+00 1.684720928430355968e+01
3.500000000000000000e+00 1.684720928430355258e+01
3.500000000000000000e+00 1.684720928430354547e+01
3.500000000000000000e+00 1.684719461936717622e+01
3.500000000000000000e+00 1.684719461936711227e+01
3.500000000000000000e+00 1.628951483497701602e+01
3.500000000000000000e+00 1.628951483497697694e+01
3.500000000000000000e+00 1.155873405758952366e+01
3.500000000000000000e+00 1.155873405758952188e+01
3.500000000000000000e+00 1.100102527909700889e+01
3.500000000000000000e+00 1.100102527909700711e+01
4.000000000000000000e+00 3.093419833402226260e+01
4.000000000000000000e+00 2.869548664654107029e+01
4.000000000000000000e+00 2.869548664652271697e+01
4.000000000000000000e+00 2.869548664651969005e+01
4.000000000000000000e+00 2.869548345561808134e+01
4.000000000000000000e+00 2.645678512255335590e+01
4.000000000000000000e+00 2.340702909099810469e+01
4.000000000000000000e+00 2.340702901007913184e+01
4.000000000000000000e+00 2.340702901007911763e+01
4.000000000000000000e+00 2.340702901007874814e+01
4.000000000000000000e+00 2.284929886518882824e+01
4.000000000000000000e+00 2.284929886518878916e+01
4.000000000000000000e+00 2.284929886518864706e+01
4.000000000000000000e+00 2.284928938196819814e+01
4.000000000000000000e+00 2.116832524985373709e+01
4.000000000000000000e+00 2.116831493686012422e+01
4.000000000000000000e+00 2.116831493686011711e+01
4.000000000000000000e+00 2.116831493686007803e+01
4.000000000000000000e+00 2.061060712800116335e+01
4.000000000000000000e+00 2.061060712800116335e+01
4.000000000000000000e+00 2.061060712800115979e+01
4.000000000000000000e+00 2.061060221467971232e+01
4.000000000000000000e+00 1.587985242245485296e+01
4.000000000000000000e+00 1.532213086684137160e+01
4.000000000000000000e+00 1.532213086684136982e+01
4.000000000000000000e+00 1.532213086684136982e+01
4.000000000000000000e+00 1.532212028660287295e+01
4.000000000000000000e+00 1.476442686391161807e+01
4.500000000000000000e+00 2.717041320019526651e+01
4.500000000000000000e+00 2.717041320019470163e+01
4.500000000000000000e+00 2.493171029501468539e+01
4.500000000000000000e+00 2.493171029501459657e+01
4.500000000000000000e+00 1.964324334619730550e+01
4.500000000000000000e+00 1.964324334619728774e+01
4.500000000000000000e+00 1.908552436932797747e+01
4.500000000000000000e+00 1.908552436932795615e+01
5.000000000000000000e+00 2.340663436311814749e+01
