-5.000000000000000000e+00 2.250968718333099972e+01
-4.500000000000000000e+00 2.530729918048687210e+01
-4.500000000000000000e+00 2.530729917767180481e+01
-4.500000000000000000e+00 2.336569592089083258e+01
-4.500000000000000000e+00 2.336569591707695537e+01
-4.500000000000000000e+00 1.870397967253017057e+01
-4.500000000000000000e+00 1.870397966378891752e+01
-4.500000000000000000e+00 1.869452724091678775e+01
-4.500000000000000000e+00 1.869452723317429843e+01
-4.000000000000000000e+00 2.783942831530603002e+01
-4.000000000000000000e+00 2.620199951415964179e+01
-4.000000000000000000e+00 2.618390366278306658e+01
-4.000000000000000000e+00 2.615854287802012834e+01
-4.000000000000000000e+00 2.615854287701987957e+01
-4.000000000000000000e+00 2.419117746571805583e+01
-4.000000000000000000e+00 2.212656275642367021e+01
-4.000000000000000000e+00 2.160109161131234501e+01
-4.000000000000000000e+00 2.151969954531768181e+01
-4.000000000000000000e+00 2.151969954038164090e+01
-4.000000000000000000e+00 2.147935290200952707e+01
-4.000000000000000000e+00 2.147935289044475482e+01
-4.000000000000000000e+00 2.138572294429464904e+01
-4.000000000000000000e+00 2.138215555913961552e+01
-4.000000000000000000e+00 1.972088407275805011e+01
-4.000000000000000000e+00 1.964256833610022923e+01
-4.000000000000000000e+00 1.958686693531724998e+01
-4.000000000000000000e+00 1.958686693040266036e+01
-4.000000000000000000e+00 1.953621158248456169e+01
-4.000000000000000000e+00 1.952788636492203622e+01
-4.000000000000000000e+00 1.952788635338183099e+01
-4.000000000000000000e+00 1.943762057828208611e+01
-4.000000000000000000e+00 1.578015938309627231e+01
-4.000000000000000000e+00 1.490904316224830239e+01
-4.000000000000000000e+00 1.488403430170930086e+01
-4.000000000000000000e+00 1.488403430071216782e+01
-4.000000000000000000e+00 1.487005805783439172e+01
-4.000000000000000000e+00 1.360843409090255562e+01
-3.500000000000000000e+00 2.871276257478076843e+01
-3.500000000000000000e+00 2.871276257199079396e+01
-3.500000000000000000e+00 2.699922430697255393e+01
-3.500000000000000000e+00 2.699922430537697338e+01
-3.500000000000000000e+00 2.445460492662127550e+01
-3.500000000000000000e+00 2.445460492519892881e+01
-3.500000000000000000e+00 2.391168290906979266e+01
-3.500000000000000000e+00 2.391168290893978821e+01
-3.500000000000000000e+00 2.390467010917333468e+01
-3.500000000000000000e+00 2.390467010599000730e+01
-3.500000000000000000e+00 2.295250205498748741e+01
-3.500000000000000000e+00 2.295250205021427448e+01
-3.500000000000000000e+00 2.255970097616505754e+01
-3.500000000000000000e+00 2.255970096877466702e+01
-3.500000000000000000e+00 2.242360309149998443e+01
-3.500000000000000000e+00 2.242360308750934905e+01
-3.500000000000000000e+00 2.236440314197763968e+01
-3.500000000000000000e+00 2.236440313718220807e+01
-3.500000000000000000e+00 2.235760040343213362e+01
-3.500000000000000000e+00 2.235760039568975799e+01
-3.500000000000000000e+00 2.234814797281767795e+01
-3.500000000000000000e+00 2.234814796407761861e+01
-3.500000000000000000e+00 2.227832739605436529e+01
-3.500000000000000000e+00 2.227832738741496499e+01
-3.500000000000000000e+00 2.222022129549321789e+01
-3.500000000000000000e+00 2.222022127528561697e+01
-3.500000000000000000e+00 2.050170698154563809e+01
-3.500000000000000000e+00 2.050170697539879683e+01
-3.500000000000000000e+00 2.037037492500248348e+01
-3.500000000000000000e+00 2.037037491580333182e+01
-3.500000000000000000e+00 2.008437829117443840e+01
-3.500000000000000000e+00 2.008437828990460972e+01
-3.500000000000000000e+00 1.909076116955115765e+01
-3.500000000000000000e+00 1.909076116341709550e+01
-3.500000000000000000e+00 1.795787283714108185e+01
-3.500000000000000000e+00 1.795787283371680942e+01
-3.500000000000000000e+00 1.778469046175453272e+01
-3.500000000000000000e+00 1.778469045791861092e+01
-3.500000000000000000e+00 1.768643171952959392e+01
-3.500000000000000000e+00 1.768643171571563144e+01
-3.500000000000000000e+00 1.768160072812352368e+01
-3.500000000000000000e+00 1.768160072489025580e+01
-3.500000000000000000e+00 1.672214204123865144e+01
-3.500000000000000000e+00 1.672214204009200600e+01
-3.500000000000000000e+00 1.596337445738848082e+01
-3.500000000000000000e+00 1.596337445504222963e+01
-3.500000000000000000e+00 1.584990116241828595e+01
-3.500000000000000000e+00 1.584990116235178093e+01
-3.500000000000000000e+00 1.577975094709499082e+01
-3.500000000000000000e+00 1.577975094338341577e+01
-3.500000000000000000e+00 1.574482845893452065e+01
-3.500000000000000000e+00 1.574482845611932724e+01
-3.500000000000000000e+00 1.566480746914864852e+01
-3.500000000000000000e+00 1.566480745254690454e+01
-3.500000000000000000e+00 1.476504872717604400e+01
-3.500000000000000000e+00 1.476504872367882726e+01
-3.500000000000000000e+00 1.104557033851984649e+01
-3.500000000000000000e+00 1.104557032773572800e+01
-3.500000000000000000e+00 1.071111850498488849e+01
-3.500000000000000000e+00 1.071111849410698724e+01
-3.000000000000000000e+00 2.648710263625012473e+01
-3.000000000000000000e+00 2.648703190238625638e+01
-3.000000000000000000e+00 2.635801094944402934e+01
-3.000000000000000000e+00 2.563972393756977652e+01
-3.000000000000000000e+00 2.530112338709281872e+01
-3.000000000000000000e+00 2.530112338709281872e+01
-3.000000000000000000e+00 2.515278310459946098e+01
-3.000000000000000000e+00 2.493257956868525582e+01
-3.000000000000000000e+00 2.493257956868525582e+01
-3.000000000000000000e+00 2.489915739695426211e+01
-3.000000000000000000e+00 2.478656255315958745e+01
-3.000000000000000000e+00 2.478654963785172072e+01
-3.000000000000000000e+00 2.477650059352149725e+01
-3.000000000000000000e+00 2.462366591980619646e+01
-3.000000000000000000e+00 2.460463283999489903e+01
-3.000000000000000000e+00 2.359970228617252630e+01
-3.000000000000000000e+00 2.347892775726462133e+01
-3.000000000000000000e+00 2.334459022396091044e+01
-3.000000000000000000e+00 2.334459022396091044e+01
-3.000000000000000000e+00 2.333743898964810271e+01
-3.000000000000000000e+00 2.323499851923414994e+01
-3.000000000000000000e+00 2.309235120503207384e+01
-3.000000000000000000e+00 2.309234883190817555e+01
-3.000000000000000000e+00 2.306671123766721720e+01
-3.000000000000000000e+00 2.301356978783212170e+01
-3.000000000000000000e+00 2.301356759449132383e+01
-3.000000000000000000e+00 2.269382301995089790e+01
-3.000000000000000000e+00 2.147553829800552805e+01
-3.000000000000000000e+00 2.141397563738360077e+01
-3.000000000000000000e+00 2.132371215249138885e+01
-3.000000000000000000e+00 2.112859298213186676e+01
-3.000000000000000000e+00 2.083441318043441015e+01
-3.000000000000000000e+00 2.083441293228636937e+01
-3.000000000000000000e+00 2.051385313244180608e+01
-3.000000000000000000e+00 2.050547338098759553e+01
-3.000000000000000000e+00 2.046881323842515599e+01
-3.000000000000000000e+00 2.046881323842515599e+01
-3.000000000000000000e+00 2.012214419659460063e+01
-3.000000000000000000e+00 2.008914629833112286e+01
-3.000000000000000000e+00 2.008914606278522186e+01
-3.000000000000000000e+00 2.005858857037034326e+01
-3.000000000000000000e+00 2.005320578593313385e+01
-3.000000000000000000e+00 2.005320521785676391e+01
-3.000000000000000000e+00 2.004017541385712775e+01
-3.000000000000000000e+00 1.990607212188965747e+01
-3.000000000000000000e+00 1.981727022035429187e+01
-3.000000000000000000e+00 1.968323481255378837e+01
-3.000000000000000000e+00 1.968323434167227504e+01
-3.000000000000000000e+00 1.915989121808261331e+01
-3.000000000000000000e+00 1.890364310531581182e+01
-3.000000000000000000e+00 1.887220017071022582e+01
-3.000000000000000000e+00 1.887220006608079714e+01
-3.000000000000000000e+00 1.879485086829219398e+01
-3.000000000000000000e+00 1.869149951784953245e+01
-3.000000000000000000e+00 1.866609487842925219e+01
-3.000000000000000000e+00 1.866609487842925219e+01
-3.000000000000000000e+00 1.865586305220512031e+01
-3.000000000000000000e+00 1.861401727121693028e+01
-3.000000000000000000e+00 1.861401721733598436e+01
-3.000000000000000000e+00 1.857442311213691610e+01
-3.000000000000000000e+00 1.854244048119365118e+01
-3.000000000000000000e+00 1.854244045611409675e+01
-3.000000000000000000e+00 1.854244045611409675e+01
-3.000000000000000000e+00 1.854244045611409675e+01
-3.000000000000000000e+00 1.851738911030561141e+01
-3.000000000000000000e+00 1.764389249732431608e+01
-3.000000000000000000e+00 1.740622986716342524e+01
-3.000000000000000000e+00 1.735228679365392779e+01
-3.000000000000000000e+00 1.735228679365392779e+01
-3.000000000000000000e+00 1.669008164139883377e+01
-3.000000000000000000e+00 1.667204609858537623e+01
-3.000000000000000000e+00 1.667204609472154786e+01
-3.000000000000000000e+00 1.666935847960354877e+01
-3.000000000000000000e+00 1.649501389071278368e+01
-3.000000000000000000e+00 1.637414352411109064e+01
-3.000000000000000000e+00 1.632298400915629699e+01
-3.000000000000000000e+00 1.632298399825490165e+01
-3.000000000000000000e+00 1.625844370155411767e+01
-3.000000000000000000e+00 1.625844369133407952e+01
-3.000000000000000000e+00 1.620961821389989410e+01
-3.000000000000000000e+00 1.615346906966493634e+01
-3.000000000000000000e+00 1.595592589995569277e+01
-3.000000000000000000e+00 1.475206047734213577e+01
-3.000000000000000000e+00 1.410253095424897474e+01
-3.000000000000000000e+00 1.386003530722295984e+01
-3.000000000000000000e+00 1.386003530420495267e+01
-3.000000000000000000e+00 1.378283535055856746e+01
-3.000000000000000000e+00 1.374234434043190589e+01
-3.000000000000000000e+00 1.370129197140794552e+01
-3.000000000000000000e+00 1.369682275846874120e+01
-3.000000000000000000e+00 1.369682274841182235e+01
-3.000000000000000000e+00 1.209733923628279584e+01
-3.000000000000000000e+00 1.199357016482365168e+01
-3.000000000000000000e+00 1.199357015656499570e+01
-3.000000000000000000e+00 1.185440999197876799e+01
-3.000000000000000000e+00 1.165602294479565337e+01
-3.000000000000000000e+00 1.153796043703111707e+01
-3.000000000000000000e+00 1.153796042052477766e+01
-3.000000000000000000e+00 1.135798342382897985e+01
-3.000000000000000000e+00 6.920070183563201915e+00
-2.500000000000000000e+00 2.065645912372099247e+01
-2.500000000000000000e+00 2.065645912372099247e+01
-2.500000000000000000e+00 2.035483778412654488e+01
-2.500000000000000000e+00 2.035483778412654488e+01
-2.500000000000000000e+00 1.991533675086711952e+01
-2.500000000000000000e+00 1.991533635493476950e+01
-2.500000000000000000e+00 1.974025745551029942e+01
-2.500000000000000000e+00 1.974025737242482847e+01
-2.500000000000000000e+00 1.959325812340017947e+01
-2.500000000000000000e+00 1.959325805167294376e+01
-2.500000000000000000e+00 1.953451344531194422e+01
-2.500000000000000000e+00 1.953451337767692664e+01
-2.500000000000000000e+00 1.945467081163502598e+01
-2.500000000000000000e+00 1.945467062430059002e+01
-2.500000000000000000e+00 1.935256259713038673e+01
-2.500000000000000000e+00 1.935256237159675408e+01
-2.500000000000000000e+00 1.932990272119937813e+01
-2.500000000000000000e+00 1.932990272119937813e+01
-2.500000000000000000e+00 1.926980613732193959e+01
-2.500000000000000000e+00 1.926980608541676432e+01
-2.500000000000000000e+00 1.921096477122438628e+01
-2.500000000000000000e+00 1.921096462440701558e+01
-2.500000000000000000e+00 1.916281737966524901e+01
-2.500000000000000000e+00 1.916281719311062304e+01
-2.500000000000000000e+00 1.897650607420160540e+01
-2.500000000000000000e+00 1.897650607420160540e+01
-2.500000000000000000e+00 1.881541409189155090e+01
-2.500000000000000000e+00 1.881541405894038732e+01
-2.500000000000000000e+00 1.878737425289214968e+01
-2.500000000000000000e+00 1.878737422085210085e+01
-2.500000000000000000e+00 1.854955948804218124e+01
-2.500000000000000000e+00 1.854955943752471725e+01
-2.500000000000000000e+00 1.788790458880080791e+01
-2.500000000000000000e+00 1.788790453666711855e+01
-2.500000000000000000e+00 1.751808969002083671e+01
-2.500000000000000000e+00 1.751808966300793813e+01
-2.500000000000000000e+00 1.738397270940512129e+01
-2.500000000000000000e+00 1.738397264641192663e+01
-2.500000000000000000e+00 1.721921536122514951e+01
-2.500000000000000000e+00 1.721921535454708874e+01
-2.500000000000000000e+00 1.704906760799136123e+01
-2.500000000000000000e+00 1.704906760235815000e+01
-2.500000000000000000e+00 1.702863390042783465e+01
-2.500000000000000000e+00 1.702863387835073894e+01
-2.500000000000000000e+00 1.697571736230901962e+01
-2.500000000000000000e+00 1.697571735183940689e+01
-2.500000000000000000e+00 1.696902532757549409e+01
-2.500000000000000000e+00 1.696902529637614521e+01
-2.500000000000000000e+00 1.680114256664476002e+01
-2.500000000000000000e+00 1.680114256224849711e+01
-2.500000000000000000e+00 1.661220161592532207e+01
-2.500000000000000000e+00 1.661220160864655782e+01
-2.500000000000000000e+00 1.644883847390939380e+01
-2.500000000000000000e+00 1.644883846463680044e+01
-2.500000000000000000e+00 1.627724949751335259e+01
-2.500000000000000000e+00 1.627724949230632490e+01
-2.500000000000000000e+00 1.621942929440969650e+01
-2.500000000000000000e+00 1.621942927475171814e+01
-2.500000000000000000e+00 1.619478738540625429e+01
-2.500000000000000000e+00 1.619478735903445710e+01
-2.500000000000000000e+00 1.618684675870884249e+01
-2.500000000000000000e+00 1.618684675395189387e+01
-2.500000000000000000e+00 1.519590694915295970e+01
-2.500000000000000000e+00 1.519590694827000377e+01
-2.500000000000000000e+00 1.512013754031990054e+01
-2.500000000000000000e+00 1.512013753295316576e+01
-2.500000000000000000e+00 1.474874177982256995e+01
-2.500000000000000000e+00 1.474874177869337899e+01
-2.500000000000000000e+00 1.471512261605907668e+01
-2.500000000000000000e+00 1.471512261496721585e+01
-2.500000000000000000e+00 1.467648548652963214e+01
-2.500000000000000000e+00 1.467648547812580873e+01
-2.500000000000000000e+00 1.461059038981054670e+01
-2.500000000000000000e+00 1.461059038194264481e+01
-2.500000000000000000e+00 1.458795033297596966e+01
-2.500000000000000000e+00 1.458795032239977907e+01
-2.500000000000000000e+00 1.457853244939457227e+01
-2.500000000000000000e+00 1.457853243939375076e+01
-2.500000000000000000e+00 1.446687123353457771e+01
-2.500000000000000000e+00 1.446687121862756698e+01
-2.500000000000000000e+00 1.315987451203106318e+01
-2.500000000000000000e+00 1.315987450684409588e+01
-2.500000000000000000e+00 1.285505241464306181e+01
-2.500000000000000000e+00 1.285505240478534006e+01
-2.500000000000000000e+00 1.252406589890718536e+01
-2.500000000000000000e+00 1.252406589115584801e+01
-2.500000000000000000e+00 1.247079134482128993e+01
-2.500000000000000000e+00 1.247079134320099492e+01
-2.500000000000000000e+00 1.244045969906449223e+01
-2.500000000000000000e+00 1.244045969564002441e+01
-2.500000000000000000e+00 1.229647541628764884e+01
-2.500000000000000000e+00 1.229647541444044201e+01
-2.500000000000000000e+00 1.208103884601010058e+01
-2.500000000000000000e+00 1.208103884177764442e+01
-2.500000000000000000e+00 1.127023193631247189e+01
-2.500000000000000000e+00 1.127023193596407857e+01
-2.500000000000000000e+00 9.772991466667054539e+00
-2.500000000000000000e+00 9.772991462999419454e+00
-2.500000000000000000e+00 7.801571589449809885e+00
-2.500000000000000000e+00 7.801571584397390069e+00
-2.000000000000000000e+00 1.735058661294416993e+01
-2.000000000000000000e+00 1.734520275144397772e+01
-2.000000000000000000e+00 1.732448176886908797e+01
-2.000000000000000000e+00 1.732448176144971796e+01
-2.000000000000000000e+00 1.731026808526903693e+01
-2.000000000000000000e+00 1.731026807063971873e+01
-2.000000000000000000e+00 1.727379906674923760e+01
-2.000000000000000000e+00 1.726485642785968011e+01
-2.000000000000000000e+00 1.726485638592017224e+01
-2.000000000000000000e+00 1.711645717879627071e+01
-2.000000000000000000e+00 1.702652049261896039e+01
-2.000000000000000000e+00 1.701800324430498534e+01
-2.000000000000000000e+00 1.701800324430498534e+01
-2.000000000000000000e+00 1.695661733027341356e+01
-2.000000000000000000e+00 1.695661732000187527e+01
-2.000000000000000000e+00 1.694923922047131981e+01
-2.000000000000000000e+00 1.692790273423613812e+01
-2.000000000000000000e+00 1.686749034887052190e+01
-2.000000000000000000e+00 1.680590408717555917e+01
-2.000000000000000000e+00 1.680590407834106514e+01
-2.000000000000000000e+00 1.678026356858876156e+01
-2.000000000000000000e+00 1.641710337626513194e+01
-2.000000000000000000e+00 1.602451384218513653e+01
-2.000000000000000000e+00 1.598252830695722437e+01
-2.000000000000000000e+00 1.598252829532359165e+01
-2.000000000000000000e+00 1.590244217515909853e+01
-2.000000000000000000e+00 1.574718300339386801e+01
-2.000000000000000000e+00 1.574718299879685013e+01
-2.000000000000000000e+00 1.562346251901835714e+01
-2.000000000000000000e+00 1.560373190746860672e+01
-2.000000000000000000e+00 1.556264631433097101e+01
-2.000000000000000000e+00 1.554488648847934762e+01
-2.000000000000000000e+00 1.554488648722765198e+01
-2.000000000000000000e+00 1.546994137483727449e+01
-2.000000000000000000e+00 1.546994137251464352e+01
-2.000000000000000000e+00 1.544733786993737645e+01
-2.000000000000000000e+00 1.543473640383053258e+01
-2.000000000000000000e+00 1.543473640046710216e+01
-2.000000000000000000e+00 1.542859881958509050e+01
-2.000000000000000000e+00 1.539542790393219640e+01
-2.000000000000000000e+00 1.539542790069841338e+01
-2.000000000000000000e+00 1.528205364316974979e+01
-2.000000000000000000e+00 1.528205363739540168e+01
-2.000000000000000000e+00 1.527363940674125153e+01
-2.000000000000000000e+00 1.526225237044057437e+01
-2.000000000000000000e+00 1.514493548010134916e+01
-2.000000000000000000e+00 1.502806538998021146e+01
-2.000000000000000000e+00 1.500094042699514851e+01
-2.000000000000000000e+00 1.491405826523935119e+01
-2.000000000000000000e+00 1.491405826190889705e+01
-2.000000000000000000e+00 1.442692813161340482e+01
-2.000000000000000000e+00 1.440093239497578459e+01
-2.000000000000000000e+00 1.419227870526940549e+01
-2.000000000000000000e+00 1.419227870397482683e+01
-2.000000000000000000e+00 1.417598715783032226e+01
-2.000000000000000000e+00 1.370385097587506884e+01
-2.000000000000000000e+00 1.370385096733590125e+01
-2.000000000000000000e+00 1.365578302715536374e+01
-2.000000000000000000e+00 1.362390782181867799e+01
-2.000000000000000000e+00 1.351164476866084030e+01
-2.000000000000000000e+00 1.342731806458449029e+01
-2.000000000000000000e+00 1.342731806322901100e+01
-2.000000000000000000e+00 1.341640642459850952e+01
-2.000000000000000000e+00 1.324899302176400440e+01
-2.000000000000000000e+00 1.315449130600321226e+01
-2.000000000000000000e+00 1.315449130221985641e+01
-2.000000000000000000e+00 1.304682015587975386e+01
-2.000000000000000000e+00 1.304682014960015302e+01
-2.000000000000000000e+00 1.301762739795080925e+01
-2.000000000000000000e+00 1.301762739185187812e+01
-2.000000000000000000e+00 1.290725411355944097e+01
-2.000000000000000000e+00 1.288690661961676120e+01
-2.000000000000000000e+00 1.270686956082671415e+01
-2.000000000000000000e+00 1.270686955672324103e+01
-2.000000000000000000e+00 1.266918812158848340e+01
-2.000000000000000000e+00 1.266918811876582396e+01
-2.000000000000000000e+00 1.249895482310393113e+01
-2.000000000000000000e+00 1.247748259645721269e+01
-2.000000000000000000e+00 1.240047326295828611e+01
-2.000000000000000000e+00 1.230108525880037185e+01
-2.000000000000000000e+00 1.222648169098486726e+01
-2.000000000000000000e+00 1.209656733386664840e+01
-2.000000000000000000e+00 1.209656732566728898e+01
-2.000000000000000000e+00 1.206412868919790249e+01
-2.000000000000000000e+00 1.206412868284007622e+01
-2.000000000000000000e+00 1.203194385856886583e+01
-2.000000000000000000e+00 1.177989922642701970e+01
-2.000000000000000000e+00 1.080766506889191980e+01
-2.000000000000000000e+00 1.072836699416184914e+01
-2.000000000000000000e+00 1.072836699408079042e+01
-2.000000000000000000e+00 1.064032044147172051e+01
-2.000000000000000000e+00 8.710027858438612824e+00
-2.000000000000000000e+00 8.498091680527121383e+00
-2.000000000000000000e+00 8.498091662684107206e+00
-2.000000000000000000e+00 8.450247654856109847e+00
-2.000000000000000000e+00 8.399164942905073872e+00
-2.000000000000000000e+00 8.232144332693675182e+00
-2.000000000000000000e+00 8.153389009995473558e+00
-2.000000000000000000e+00 8.153388989406316512e+00
-2.000000000000000000e+00 7.676138046402880555e+00
-1.500000000000000000e+00 1.581376628034926313e+01
-1.500000000000000000e+00 1.581376626888437720e+01
-1.500000000000000000e+00 1.569137737034750302e+01
-1.500000000000000000e+00 1.569137735875415629e+01
-1.500000000000000000e+00 1.561743056112933736e+01
-1.500000000000000000e+00 1.561743055574584460e+01
-1.500000000000000000e+00 1.530662217322333696e+01
-1.500000000000000000e+00 1.530662217223700772e+01
-1.500000000000000000e+00 1.521970171215333956e+01
-1.500000000000000000e+00 1.521970170672803668e+01
-1.500000000000000000e+00 1.516195742539548164e+01
-1.500000000000000000e+00 1.516195741942110331e+01
-1.500000000000000000e+00 1.516144350575993727e+01
-1.500000000000000000e+00 1.516144350405384955e+01
-1.500000000000000000e+00 1.513147613958388860e+01
-1.500000000000000000e+00 1.513147613792816770e+01
-1.500000000000000000e+00 1.507278010085791919e+01
-1.500000000000000000e+00 1.507278009461258783e+01
-1.500000000000000000e+00 1.494353579673578736e+01
-1.500000000000000000e+00 1.494353579330569737e+01
-1.500000000000000000e+00 1.490307253867607074e+01
-1.500000000000000000e+00 1.490307253472319182e+01
-1.500000000000000000e+00 1.489886633732925780e+01
-1.500000000000000000e+00 1.489886633536111482e+01
-1.500000000000000000e+00 1.488334592538256196e+01
-1.500000000000000000e+00 1.488334592344472895e+01
-1.500000000000000000e+00 1.479564975523137349e+01
-1.500000000000000000e+00 1.479564975286453254e+01
-1.500000000000000000e+00 1.439978003344241131e+01
-1.500000000000000000e+00 1.439978003264585737e+01
-1.500000000000000000e+00 1.439117966511932067e+01
-1.500000000000000000e+00 1.439117966156552342e+01
-1.500000000000000000e+00 1.434216874829350097e+01
-1.500000000000000000e+00 1.434216874490967975e+01
-1.500000000000000000e+00 1.406487052158829343e+01
-1.500000000000000000e+00 1.406487051959379464e+01
-1.500000000000000000e+00 1.406463701989164861e+01
-1.500000000000000000e+00 1.406463701732788962e+01
-1.500000000000000000e+00 1.363685545559226320e+01
-1.500000000000000000e+00 1.363685544110634851e+01
-1.500000000000000000e+00 1.356724693316514063e+01
-1.500000000000000000e+00 1.356724693281868177e+01
-1.500000000000000000e+00 1.354607838237774331e+01
-1.500000000000000000e+00 1.354607837864653064e+01
-1.500000000000000000e+00 1.344605916129785150e+01
-1.500000000000000000e+00 1.344605916007018820e+01
-1.500000000000000000e+00 1.342012985430885585e+01
-1.500000000000000000e+00 1.342012983681383709e+01
-1.500000000000000000e+00 1.331501079304846868e+01
-1.500000000000000000e+00 1.331501079291385992e+01
-1.500000000000000000e+00 1.321149556351278775e+01
-1.500000000000000000e+00 1.321149555853652124e+01
-1.500000000000000000e+00 1.319741738988997248e+01
-1.500000000000000000e+00 1.319741738701775802e+01
-1.500000000000000000e+00 1.302693256347216000e+01
-1.500000000000000000e+00 1.302693256074739558e+01
-1.500000000000000000e+00 1.280884169170130171e+01
-1.500000000000000000e+00 1.280884168902359299e+01
-1.500000000000000000e+00 1.259477031741929487e+01
-1.500000000000000000e+00 1.259477031525760538e+01
-1.500000000000000000e+00 1.200712300263490917e+01
-1.500000000000000000e+00 1.200712300147019995e+01
-1.500000000000000000e+00 1.169400620876825414e+01
-1.500000000000000000e+00 1.169400620240791078e+01
-1.500000000000000000e+00 1.164522732574219255e+01
-1.500000000000000000e+00 1.164522732346111056e+01
-1.500000000000000000e+00 1.156828926092862808e+01
-1.500000000000000000e+00 1.156828925703286615e+01
-1.500000000000000000e+00 1.153582822663094376e+01
-1.500000000000000000e+00 1.153582822065588154e+01
-1.500000000000000000e+00 1.142719941252285309e+01
-1.500000000000000000e+00 1.142719941244133075e+01
-1.500000000000000000e+00 1.136371847413813896e+01
-1.500000000000000000e+00 1.136371845939143910e+01
-1.500000000000000000e+00 1.125447525958114170e+01
-1.500000000000000000e+00 1.125447524865828619e+01
-1.500000000000000000e+00 1.095645175368079727e+01
-1.500000000000000000e+00 1.095645174169083802e+01
-1.500000000000000000e+00 1.081015488502720068e+01
-1.500000000000000000e+00 1.081015487775890982e+01
-1.500000000000000000e+00 9.606512056809053846e+00
-1.500000000000000000e+00 9.606512036909252927e+00
-1.500000000000000000e+00 9.532535914113775988e+00
-1.500000000000000000e+00 9.532535896723937086e+00
-1.500000000000000000e+00 9.423533473055378806e+00
-1.500000000000000000e+00 9.423533455418224847e+00
-1.500000000000000000e+00 9.219056666730519822e+00
-1.500000000000000000e+00 9.219056652024557152e+00
-1.500000000000000000e+00 9.185130174762592858e+00
-1.500000000000000000e+00 9.185130159146320139e+00
-1.500000000000000000e+00 9.112144647625703087e+00
-1.500000000000000000e+00 9.112144628067607499e+00
-1.500000000000000000e+00 8.942675618388868486e+00
-1.500000000000000000e+00 8.942675588774344320e+00
-1.500000000000000000e+00 8.393006944116672585e+00
-1.500000000000000000e+00 8.393006942562966088e+00
-1.500000000000000000e+00 8.201129783738689838e+00
-1.500000000000000000e+00 8.201129779737582837e+00
-1.500000000000000000e+00 4.259287038317267182e+00
-1.500000000000000000e+00 4.259287038266722725e+00
-1.000000000000000000e+00 1.446322711485135670e+01
-1.000000000000000000e+00 1.444848099811496134e+01
-1.000000000000000000e+00 1.437851278601866412e+01
-1.000000000000000000e+00 1.436354620531643178e+01
-1.000000000000000000e+00 1.435087831893982013e+01
-1.000000000000000000e+00 1.435087831400932146e+01
-1.000000000000000000e+00 1.427950683974524715e+01
-1.000000000000000000e+00 1.427888356830394478e+01
-1.000000000000000000e+00 1.427888354959899964e+01
-1.000000000000000000e+00 1.424631330054458900e+01
-1.000000000000000000e+00 1.423612797092749638e+01
-1.000000000000000000e+00 1.423612796856043161e+01
-1.000000000000000000e+00 1.420884945206946703e+01
-1.000000000000000000e+00 1.418069365068612697e+01
-1.000000000000000000e+00 1.412285821038445199e+01
-1.000000000000000000e+00 1.409736931273452676e+01
-1.000000000000000000e+00 1.409736931037980234e+01
-1.000000000000000000e+00 1.402812482717809139e+01
-1.000000000000000000e+00 1.394031785991722039e+01
-1.000000000000000000e+00 1.380662719680573325e+01
-1.000000000000000000e+00 1.380662719482500655e+01
-1.000000000000000000e+00 1.377942699301880047e+01
-1.000000000000000000e+00 1.377942699066287169e+01
-1.000000000000000000e+00 1.377748259975251877e+01
-1.000000000000000000e+00 1.370983934004753024e+01
-1.000000000000000000e+00 1.370160661642569266e+01
-1.000000000000000000e+00 1.370160661325545171e+01
-1.000000000000000000e+00 1.365151615207421010e+01
-1.000000000000000000e+00 1.364117994566783310e+01
-1.000000000000000000e+00 1.364117994305652815e+01
-1.000000000000000000e+00 1.360252907178816528e+01
-1.000000000000000000e+00 1.360252907089091501e+01
-1.000000000000000000e+00 1.358363674427492285e+01
-1.000000000000000000e+00 1.358008517881514621e+01
-1.000000000000000000e+00 1.297163020746603479e+01
-1.000000000000000000e+00 1.294976717098632335e+01
-1.000000000000000000e+00 1.293157779839629562e+01
-1.000000000000000000e+00 1.291633405183037553e+01
-1.000000000000000000e+00 1.291633404948125019e+01
-1.000000000000000000e+00 1.291625541822437739e+01
-1.000000000000000000e+00 1.282611268960730122e+01
-1.000000000000000000e+00 1.282611268292024143e+01
-1.000000000000000000e+00 1.254379474495804736e+01
-1.000000000000000000e+00 1.248096136120235577e+01
-1.000000000000000000e+00 1.248096134413226821e+01
-1.000000000000000000e+00 1.244280677336772811e+01
-1.000000000000000000e+00 1.244280676397051622e+01
-1.000000000000000000e+00 1.243389506143899048e+01
-1.000000000000000000e+00 1.241736288970547442e+01
-1.000000000000000000e+00 1.241736288926661835e+01
-1.000000000000000000e+00 1.240552429586294991e+01
-1.000000000000000000e+00 1.239078022377974619e+01
-1.000000000000000000e+00 1.228253228716014256e+01
-1.000000000000000000e+00 1.228253227440874262e+01
-1.000000000000000000e+00 1.224152052323053397e+01
-1.000000000000000000e+00 1.223979435690159434e+01
-1.000000000000000000e+00 1.223917716094575425e+01
-1.000000000000000000e+00 1.223917715658490657e+01
-1.000000000000000000e+00 1.209595118741926711e+01
-1.000000000000000000e+00 1.209595117628137295e+01
-1.000000000000000000e+00 1.193637700962165304e+01
-1.000000000000000000e+00 1.193637699799011820e+01
-1.000000000000000000e+00 1.192068364680599579e+01
-1.000000000000000000e+00 1.191656324327188798e+01
-1.000000000000000000e+00 1.191351136267038235e+01
-1.000000000000000000e+00 1.191351135461624899e+01
-1.000000000000000000e+00 1.165607684837280367e+01
-1.000000000000000000e+00 1.165607682310968229e+01
-1.000000000000000000e+00 1.161725598463734777e+01
-1.000000000000000000e+00 1.155713358863712159e+01
-1.000000000000000000e+00 1.133809511948778415e+01
-1.000000000000000000e+00 1.103483719007692621e+01
-1.000000000000000000e+00 1.103483718801201974e+01
-1.000000000000000000e+00 1.093296318196147432e+01
-1.000000000000000000e+00 1.036242984286231916e+01
-1.000000000000000000e+00 1.034807209129691330e+01
-1.000000000000000000e+00 1.034807207569710563e+01
-1.000000000000000000e+00 1.027649431022943816e+01
-1.000000000000000000e+00 1.014423600750251175e+01
-1.000000000000000000e+00 1.005307474509664090e+01
-1.000000000000000000e+00 1.005307472380668266e+01
-1.000000000000000000e+00 9.802647805445884543e+00
-1.000000000000000000e+00 9.720712950508735517e+00
-1.000000000000000000e+00 9.492867062979692960e+00
-1.000000000000000000e+00 9.490084258118965721e+00
-1.000000000000000000e+00 9.425335880703860525e+00
-1.000000000000000000e+00 9.425335877146940433e+00
-1.000000000000000000e+00 9.375565662629774977e+00
-1.000000000000000000e+00 9.375565657152675314e+00
-1.000000000000000000e+00 9.122963746572059662e+00
-1.000000000000000000e+00 8.784607500634525223e+00
-1.000000000000000000e+00 8.734360642884308135e+00
-1.000000000000000000e+00 7.543450876964355345e+00
-1.000000000000000000e+00 7.483686405187347290e+00
-1.000000000000000000e+00 7.483686399748810558e+00
-1.000000000000000000e+00 6.763886855478925320e+00
-1.000000000000000000e+00 5.417347743731021126e+00
-1.000000000000000000e+00 5.214571588748948550e+00
-1.000000000000000000e+00 4.957932827896627259e+00
-1.000000000000000000e+00 4.957932819100473232e+00
-5.000000000000000000e-01 1.440504497084929625e+01
-5.000000000000000000e-01 1.440504496244132859e+01
-5.000000000000000000e-01 1.434873614509862527e+01
-5.000000000000000000e-01 1.434873614055713453e+01
-5.000000000000000000e-01 1.430124668931928511e+01
-5.000000000000000000e-01 1.430124668354480733e+01
-5.000000000000000000e-01 1.397706199456739640e+01
-5.000000000000000000e-01 1.397706199378446712e+01
-5.000000000000000000e-01 1.394155568834984749e+01
-5.000000000000000000e-01 1.394155568784610288e+01
-5.000000000000000000e-01 1.392398533436295693e+01
-5.000000000000000000e-01 1.392398533213558665e+01
-5.000000000000000000e-01 1.372367592679649384e+01
-5.000000000000000000e-01 1.372367592173245576e+01
-5.000000000000000000e-01 1.353188913899407453e+01
-5.000000000000000000e-01 1.353188913832522999e+01
-5.000000000000000000e-01 1.346631476847651143e+01
-5.000000000000000000e-01 1.346631476722372689e+01
-5.000000000000000000e-01 1.331336869458871774e+01
-5.000000000000000000e-01 1.331336868934755735e+01
-5.000000000000000000e-01 1.329826869457982852e+01
-5.000000000000000000e-01 1.329826868888771685e+01
-5.000000000000000000e-01 1.325179135331407565e+01
-5.000000000000000000e-01 1.325179135015499909e+01
-5.000000000000000000e-01 1.323095314031977843e+01
-5.000000000000000000e-01 1.323095313970099340e+01
-5.000000000000000000e-01 1.313490508762507503e+01
-5.000000000000000000e-01 1.313490508425237024e+01
-5.000000000000000000e-01 1.306037470271872003e+01
-5.000000000000000000e-01 1.306037468664895229e+01
-5.000000000000000000e-01 1.300844426786097507e+01
-5.000000000000000000e-01 1.300844426746470006e+01
-5.000000000000000000e-01 1.285403581988013144e+01
-5.000000000000000000e-01 1.285403580884391062e+01
-5.000000000000000000e-01 1.278318461771648629e+01
-5.000000000000000000e-01 1.278318461716287402e+01
-5.000000000000000000e-01 1.268965598717412391e+01
-5.000000000000000000e-01 1.268965597248087107e+01
-5.000000000000000000e-01 1.267354220114733643e+01
-5.000000000000000000e-01 1.267354219469776133e+01
-5.000000000000000000e-01 1.248559521449898391e+01
-5.000000000000000000e-01 1.248559520610049134e+01
-5.000000000000000000e-01 1.246206108306239102e+01
-5.000000000000000000e-01 1.246206107262201890e+01
-5.000000000000000000e-01 1.231855608852447581e+01
-5.000000000000000000e-01 1.231855608166643279e+01
-5.000000000000000000e-01 1.220034743155932055e+01
-5.000000000000000000e-01 1.220034743133854427e+01
-5.000000000000000000e-01 1.190878195331325529e+01
-5.000000000000000000e-01 1.190878195212568080e+01
-5.000000000000000000e-01 1.172596598003763191e+01
-5.000000000000000000e-01 1.172596597992772516e+01
-5.000000000000000000e-01 1.159681414321212678e+01
-5.000000000000000000e-01 1.159681414309138958e+01
-5.000000000000000000e-01 1.101775972345815013e+01
-5.000000000000000000e-01 1.101775972107635226e+01
-5.000000000000000000e-01 1.076419284909279206e+01
-5.000000000000000000e-01 1.076419284576367552e+01
-5.000000000000000000e-01 1.059165351518512921e+01
-5.000000000000000000e-01 1.059165350609118406e+01
-5.000000000000000000e-01 1.048775901403249655e+01
-5.000000000000000000e-01 1.048775901032054847e+01
-5.000000000000000000e-01 1.032619774047715566e+01
-5.000000000000000000e-01 1.032619773482496406e+01
-5.000000000000000000e-01 1.024153344495521090e+01
-5.000000000000000000e-01 1.024153343691610196e+01
-5.000000000000000000e-01 1.022390355497326908e+01
-5.000000000000000000e-01 1.022390355315615729e+01
-5.000000000000000000e-01 1.022255548026737593e+01
-5.000000000000000000e-01 1.022255547998631720e+01
-5.000000000000000000e-01 9.890599836315155713e+00
-5.000000000000000000e-01 9.890599824997790890e+00
-5.000000000000000000e-01 9.847691194048525887e+00
-5.000000000000000000e-01 9.847691190151026674e+00
-5.000000000000000000e-01 9.813824233744842473e+00
-5.000000000000000000e-01 9.813824226201294465e+00
-5.000000000000000000e-01 9.803582345727201997e+00
-5.000000000000000000e-01 9.803582344851133001e+00
-5.000000000000000000e-01 9.621518125044929093e+00
-5.000000000000000000e-01 9.621518114836563385e+00
-5.000000000000000000e-01 9.576588626868053566e+00
-5.000000000000000000e-01 9.576588617077769428e+00
-5.000000000000000000e-01 9.374274014798171351e+00
-5.000000000000000000e-01 9.374274006637598688e+00
-5.000000000000000000e-01 8.950038793483237498e+00
-5.000000000000000000e-01 8.950038784039692885e+00
-5.000000000000000000e-01 8.574366171317684859e+00
-5.000000000000000000e-01 8.574366165743239065e+00
-5.000000000000000000e-01 8.439893603172425429e+00
-5.000000000000000000e-01 8.439893601356592612e+00
-5.000000000000000000e-01 8.231698206701382858e+00
-5.000000000000000000e-01 8.231698205137549351e+00
-5.000000000000000000e-01 7.757995549060176188e+00
-5.000000000000000000e-01 7.757995541144120821e+00
-5.000000000000000000e-01 6.049375257495278824e+00
-5.000000000000000000e-01 6.049375256610473706e+00
-5.000000000000000000e-01 5.596561016994079374e+00
-5.000000000000000000e-01 5.596560989246003537e+00
-5.000000000000000000e-01 4.919048510130751062e+00
-5.000000000000000000e-01 4.919048479240779592e+00
0.000000000000000000e+00 1.297497312795350055e+01
0.000000000000000000e+00 1.297497312268408898e+01
0.000000000000000000e+00 1.290618846910181716e+01
0.000000000000000000e+00 1.287195311607020365e+01
0.000000000000000000e+00 1.283850520502086745e+01
0.000000000000000000e+00 1.283850519866835249e+01
0.000000000000000000e+00 1.281899640405815255e+01
0.000000000000000000e+00 1.279940376081438025e+01
0.000000000000000000e+00 1.279940375864410562e+01
0.000000000000000000e+00 1.276637476301084284e+01
0.000000000000000000e+00 1.276362334255306585e+01
0.000000000000000000e+00 1.276362333906307889e+01
0.000000000000000000e+00 1.271649775122721060e+01
0.000000000000000000e+00 1.271649774737997873e+01
0.000000000000000000e+00 1.267478030301023217e+01
0.000000000000000000e+00 1.265718914527317196e+01
0.000000000000000000e+00 1.262389890999546260e+01
0.000000000000000000e+00 1.262389890520708846e+01
0.000000000000000000e+00 1.262007227571824153e+01
0.000000000000000000e+00 1.259234900003968249e+01
0.000000000000000000e+00 1.259234899062966662e+01
0.000000000000000000e+00 1.250692258126249179e+01
0.000000000000000000e+00 1.243038806900466398e+01
0.000000000000000000e+00 1.241696278213147231e+01
0.000000000000000000e+00 1.239320806483936188e+01
0.000000000000000000e+00 1.239320805991295771e+01
0.000000000000000000e+00 1.238722687124045052e+01
0.000000000000000000e+00 1.238722686479979807e+01
0.000000000000000000e+00 1.235345808932866873e+01
0.000000000000000000e+00 1.230262344957828091e+01
0.000000000000000000e+00 1.226034690427342433e+01
0.000000000000000000e+00 1.226034689611529771e+01
0.000000000000000000e+00 1.205621226267525437e+01
0.000000000000000000e+00 1.203477593415491143e+01
0.000000000000000000e+00 1.198163552663642939e+01
0.000000000000000000e+00 1.198163552518169972e+01
0.000000000000000000e+00 1.148505063834441486e+01
0.000000000000000000e+00 1.144758667778968508e+01
0.000000000000000000e+00 1.133306941869165918e+01
0.000000000000000000e+00 1.133306940741362645e+01
0.000000000000000000e+00 1.125409053531242343e+01
0.000000000000000000e+00 1.125319066201948459e+01
0.000000000000000000e+00 1.124787356767648561e+01
0.000000000000000000e+00 1.124787355864819638e+01
0.000000000000000000e+00 1.124066568467844895e+01
0.000000000000000000e+00 1.121787819844364265e+01
0.000000000000000000e+00 1.101461556443887879e+01
0.000000000000000000e+00 1.094951499315619259e+01
0.000000000000000000e+00 1.092825799201209591e+01
0.000000000000000000e+00 1.092825798711185392e+01
0.000000000000000000e+00 1.092417636416159965e+01
0.000000000000000000e+00 1.092417635583061397e+01
0.000000000000000000e+00 1.091797800096624904e+01
0.000000000000000000e+00 1.091797799042089956e+01
0.000000000000000000e+00 1.075374816134969080e+01
0.000000000000000000e+00 1.075044930659000109e+01
0.000000000000000000e+00 1.075044930070631644e+01
0.000000000000000000e+00 1.069162274607766605e+01
0.000000000000000000e+00 1.068038665727228143e+01
0.000000000000000000e+00 1.064591899551732901e+01
0.000000000000000000e+00 1.064591898646676071e+01
0.000000000000000000e+00 1.052000219417950255e+01
0.000000000000000000e+00 1.052000219116857593e+01
0.000000000000000000e+00 1.049520786172675102e+01
0.000000000000000000e+00 1.045177085751811852e+01
0.000000000000000000e+00 1.045177084111664811e+01
0.000000000000000000e+00 1.044855952104641439e+01
0.000000000000000000e+00 1.044855950570473446e+01
0.000000000000000000e+00 1.036164977889287542e+01
0.000000000000000000e+00 1.031288166612136159e+01
0.000000000000000000e+00 1.013610522239357969e+01
0.000000000000000000e+00 1.013610521760219640e+01
0.000000000000000000e+00 1.012118273239658883e+01
0.000000000000000000e+00 9.331189342352374183e+00
0.000000000000000000e+00 9.285209099598391802e+00
0.000000000000000000e+00 9.232092362184840084e+00
0.000000000000000000e+00 9.220581191209310745e+00
0.000000000000000000e+00 9.220581188015970042e+00
0.000000000000000000e+00 8.868312278045184627e+00
0.000000000000000000e+00 8.686962451570975574e+00
0.000000000000000000e+00 8.537262117270605799e+00
0.000000000000000000e+00 8.537262109791763365e+00
0.000000000000000000e+00 8.534075236033144662e+00
0.000000000000000000e+00 8.534075212648966513e+00
0.000000000000000000e+00 8.371884532055467787e+00
0.000000000000000000e+00 8.311498382787119610e+00
0.000000000000000000e+00 7.393387569518004021e+00
0.000000000000000000e+00 6.700293926745703565e+00
0.000000000000000000e+00 6.417409468857205646e+00
0.000000000000000000e+00 6.378292238889105903e+00
0.000000000000000000e+00 6.378292213268368371e+00
0.000000000000000000e+00 6.300376158473198984e+00
0.000000000000000000e+00 6.260758881044754531e+00
0.000000000000000000e+00 6.260758849759571198e+00
0.000000000000000000e+00 6.114193188216586528e+00
0.000000000000000000e+00 5.644808460476074430e+00
0.000000000000000000e+00 5.583810483300499783e+00
0.000000000000000000e+00 5.583810467642918773e+00
0.000000000000000000e+00 3.545750797090205797e+00
0.000000000000000000e+00 1.365445561689282883e+00
5.000000000000000000e-01 1.353179331467424618e+01
5.000000000000000000e-01 1.353179330664888447e+01
5.000000000000000000e-01 1.350210115649932874e+01
5.000000000000000000e-01 1.350210114870875344e+01
5.000000000000000000e-01 1.347388495722624491e+01
5.000000000000000000e-01 1.347388494602329345e+01
5.000000000000000000e-01 1.344443881253998541e+01
5.000000000000000000e-01 1.344443880212173603e+01
5.000000000000000000e-01 1.333174035698619164e+01
5.000000000000000000e-01 1.333174035397482093e+01
5.000000000000000000e-01 1.333079014912297211e+01
5.000000000000000000e-01 1.333079014679821306e+01
5.000000000000000000e-01 1.324226182135295637e+01
5.000000000000000000e-01 1.324226181008814329e+01
5.000000000000000000e-01 1.322461210869463955e+01
5.000000000000000000e-01 1.322461210611216664e+01
5.000000000000000000e-01 1.312184603438139874e+01
5.000000000000000000e-01 1.312184602916604881e+01
5.000000000000000000e-01 1.303470541803479144e+01
5.000000000000000000e-01 1.303470541467853749e+01
5.000000000000000000e-01 1.262335907351475939e+01
5.000000000000000000e-01 1.262335907189702766e+01
5.000000000000000000e-01 1.255923192397402843e+01
5.000000000000000000e-01 1.255923191120385773e+01
5.000000000000000000e-01 1.225741007597371990e+01
5.000000000000000000e-01 1.225741007298183050e+01
5.000000000000000000e-01 1.216160495380822937e+01
5.000000000000000000e-01 1.216160494858350738e+01
5.000000000000000000e-01 1.211492383017401053e+01
5.000000000000000000e-01 1.211492382502541787e+01
5.000000000000000000e-01 1.194527392127354126e+01
5.000000000000000000e-01 1.194527392038397018e+01
5.000000000000000000e-01 1.178997759013399360e+01
5.000000000000000000e-01 1.178997758738046109e+01
5.000000000000000000e-01 1.176517343742322375e+01
5.000000000000000000e-01 1.176517342650747722e+01
5.000000000000000000e-01 1.171323585022178015e+01
5.000000000000000000e-01 1.171323584951642438e+01
5.000000000000000000e-01 1.160612674199736460e+01
5.000000000000000000e-01 1.160612673085869773e+01
5.000000000000000000e-01 1.156241766700061291e+01
5.000000000000000000e-01 1.156241765437851221e+01
5.000000000000000000e-01 1.147770434957112684e+01
5.000000000000000000e-01 1.147770434483376967e+01
5.000000000000000000e-01 1.140832098515141801e+01
5.000000000000000000e-01 1.140832097987164850e+01
5.000000000000000000e-01 1.136876276106244532e+01
5.000000000000000000e-01 1.136876275133538350e+01
5.000000000000000000e-01 1.119239223778330938e+01
5.000000000000000000e-01 1.119239223565610786e+01
5.000000000000000000e-01 1.111619173422488416e+01
5.000000000000000000e-01 1.111619173213429335e+01
5.000000000000000000e-01 1.111144656612875892e+01
5.000000000000000000e-01 1.111144656336440839e+01
5.000000000000000000e-01 1.108797808476311531e+01
5.000000000000000000e-01 1.108797808364527704e+01
5.000000000000000000e-01 1.040780746516219502e+01
5.000000000000000000e-01 1.040780746439007842e+01
5.000000000000000000e-01 1.024284559341606204e+01
5.000000000000000000e-01 1.024284558544745494e+01
5.000000000000000000e-01 1.021505200347915832e+01
5.000000000000000000e-01 1.021505200271505664e+01
5.000000000000000000e-01 9.699706579286907271e+00
5.000000000000000000e-01 9.699706570030443231e+00
5.000000000000000000e-01 9.625648935092829817e+00
5.000000000000000000e-01 9.625648916917528553e+00
5.000000000000000000e-01 9.623791427951942978e+00
5.000000000000000000e-01 9.623791427092454498e+00
5.000000000000000000e-01 9.437217285680006285e+00
5.000000000000000000e-01 9.437217278936641307e+00
5.000000000000000000e-01 9.372849424716150679e+00
5.000000000000000000e-01 9.372849405540829792e+00
5.000000000000000000e-01 9.277190732076418200e+00
5.000000000000000000e-01 9.277190712196896172e+00
5.000000000000000000e-01 9.218360201124157882e+00
5.000000000000000000e-01 9.218360184342314412e+00
5.000000000000000000e-01 8.955012655562290647e+00
5.000000000000000000e-01 8.955012651046176941e+00
5.000000000000000000e-01 8.749210042610810589e+00
5.000000000000000000e-01 8.749210041867332421e+00
5.000000000000000000e-01 8.715567219375456531e+00
5.000000000000000000e-01 8.715567217746126971e+00
5.000000000000000000e-01 8.216817724000202716e+00
5.000000000000000000e-01 8.216817718665588188e+00
5.000000000000000000e-01 7.946265683324710061e+00
5.000000000000000000e-01 7.946265675015167673e+00
5.000000000000000000e-01 7.120903165159891302e+00
5.000000000000000000e-01 7.120903150168438778e+00
5.000000000000000000e-01 6.917188449952961449e+00
5.000000000000000000e-01 6.917188416361417680e+00
5.000000000000000000e-01 6.730735418689184790e+00
5.000000000000000000e-01 6.730735413735636996e+00
5.000000000000000000e-01 6.614156552992121796e+00
5.000000000000000000e-01 6.614156550704040072e+00
5.000000000000000000e-01 6.477791066155761612e+00
5.000000000000000000e-01 6.477791061559740271e+00
5.000000000000000000e-01 4.576006623994142153e+00
5.000000000000000000e-01 4.576006615760999985e+00
5.000000000000000000e-01 2.028946618574063443e+00
5.000000000000000000e-01 2.028946604830897282e+00
1.000000000000000000e+00 1.405405612016822658e+01
1.000000000000000000e+00 1.405405611594026993e+01
1.000000000000000000e+00 1.402145291170509367e+01
1.000000000000000000e+00 1.395139560039341831e+01
1.000000000000000000e+00 1.395139559403433793e+01
1.000000000000000000e+00 1.349196717012748259e+01
1.000000000000000000e+00 1.328877113862306736e+01
1.000000000000000000e+00 1.328877113613172334e+01
1.000000000000000000e+00 1.316110446960774638e+01
1.000000000000000000e+00 1.310644565372942338e+01
1.000000000000000000e+00 1.310644565307380915e+01
1.000000000000000000e+00 1.306255577450317773e+01
1.000000000000000000e+00 1.305948648717231997e+01
1.000000000000000000e+00 1.284783494849444274e+01
1.000000000000000000e+00 1.277058543066273799e+01
1.000000000000000000e+00 1.277058542519593942e+01
1.000000000000000000e+00 1.271153664310543441e+01
1.000000000000000000e+00 1.261863180215998526e+01
1.000000000000000000e+00 1.259581129712259973e+01
1.000000000000000000e+00 1.257682487033499008e+01
1.000000000000000000e+00 1.257682485798157224e+01
1.000000000000000000e+00 1.249496570372442328e+01
1.000000000000000000e+00 1.249496568137449160e+01
1.000000000000000000e+00 1.238260247556432070e+01
1.000000000000000000e+00 1.238260246825267252e+01
1.000000000000000000e+00 1.231391038482422040e+01
1.000000000000000000e+00 1.228157939898890305e+01
1.000000000000000000e+00 1.225163908262843648e+01
1.000000000000000000e+00 1.220723301747611522e+01
1.000000000000000000e+00 1.220723301329682897e+01
1.000000000000000000e+00 1.219430730599796675e+01
1.000000000000000000e+00 1.219430728058594759e+01
1.000000000000000000e+00 1.214578731925596955e+01
1.000000000000000000e+00 1.206030542521710203e+01
1.000000000000000000e+00 1.200694814047486503e+01
1.000000000000000000e+00 1.200694813850976139e+01
1.000000000000000000e+00 1.199924257163605112e+01
1.000000000000000000e+00 1.198265657725068500e+01
1.000000000000000000e+00 1.193507641262266006e+01
1.000000000000000000e+00 1.190050411436891409e+01
1.000000000000000000e+00 1.186147142410462862e+01
1.000000000000000000e+00 1.186147142382145425e+01
1.000000000000000000e+00 1.185087253651872885e+01
1.000000000000000000e+00 1.185087253029230325e+01
1.000000000000000000e+00 1.150870569438645674e+01
1.000000000000000000e+00 1.147424402526044140e+01
1.000000000000000000e+00 1.141534454768988738e+01
1.000000000000000000e+00 1.137763406064705940e+01
1.000000000000000000e+00 1.134198607674020742e+01
1.000000000000000000e+00 1.134198607110683099e+01
1.000000000000000000e+00 1.130740251113510553e+01
1.000000000000000000e+00 1.130740250652487155e+01
1.000000000000000000e+00 1.126692099425790516e+01
1.000000000000000000e+00 1.117025536894659687e+01
1.000000000000000000e+00 1.115316208248334284e+01
1.000000000000000000e+00 1.115316207819117444e+01
1.000000000000000000e+00 1.103550231213709409e+01
1.000000000000000000e+00 1.088645254182153543e+01
1.000000000000000000e+00 1.088072225416183336e+01
1.000000000000000000e+00 1.066164306346150425e+01
1.000000000000000000e+00 1.057827753171062923e+01
1.000000000000000000e+00 1.057827752683602185e+01
1.000000000000000000e+00 1.037585125944203845e+01
1.000000000000000000e+00 1.037585125469864167e+01
1.000000000000000000e+00 1.030613382398034972e+01
1.000000000000000000e+00 1.029426032866061647e+01
1.000000000000000000e+00 1.029261094276953159e+01
1.000000000000000000e+00 1.015243391305454779e+01
1.000000000000000000e+00 1.011211920695228095e+01
1.000000000000000000e+00 1.011211918005889387e+01
1.000000000000000000e+00 9.829395499144993664e+00
1.000000000000000000e+00 9.829395498138797649e+00
1.000000000000000000e+00 9.705352413312780868e+00
1.000000000000000000e+00 9.705352411950416425e+00
1.000000000000000000e+00 9.676251102377687374e+00
1.000000000000000000e+00 9.646680943779420758e+00
1.000000000000000000e+00 9.633628734232994262e+00
1.000000000000000000e+00 9.633628732263076699e+00
1.000000000000000000e+00 9.440727320813026680e+00
1.000000000000000000e+00 9.440727316318882956e+00
1.000000000000000000e+00 9.220162259038779951e+00
1.000000000000000000e+00 8.924928740904590541e+00
1.000000000000000000e+00 8.336556043466469390e+00
1.000000000000000000e+00 7.658238125120782058e+00
1.000000000000000000e+00 7.641996597341536912e+00
1.000000000000000000e+00 7.612952459648760772e+00
1.000000000000000000e+00 7.612952459108044856e+00
1.000000000000000000e+00 7.427965680518707536e+00
1.000000000000000000e+00 7.356664690143621677e+00
1.000000000000000000e+00 7.329065291406950955e+00
1.000000000000000000e+00 7.326172991182294147e+00
1.000000000000000000e+00 7.326172972193587540e+00
1.000000000000000000e+00 6.923655596993908645e+00
1.000000000000000000e+00 6.923655579552848494e+00
1.000000000000000000e+00 6.690981966986989882e+00
1.000000000000000000e+00 5.507973076442922888e+00
1.000000000000000000e+00 5.459606003856659839e+00
1.000000000000000000e+00 5.459606001152663701e+00
1.000000000000000000e+00 5.284218039813379342e+00
1.000000000000000000e+00 3.022681733562317064e+00
1.500000000000000000e+00 1.405208147351892300e+01
1.500000000000000000e+00 1.405208146704884520e+01
1.500000000000000000e+00 1.402486231845830744e+01
1.500000000000000000e+00 1.402486231599452182e+01
1.500000000000000000e+00 1.400628486835555897e+01
1.500000000000000000e+00 1.400628485895052222e+01
1.500000000000000000e+00 1.381930212454020079e+01
1.500000000000000000e+00 1.381930212320287232e+01
1.500000000000000000e+00 1.372437584379006914e+01
1.500000000000000000e+00 1.372437583750626544e+01
1.500000000000000000e+00 1.368069997047053477e+01
1.500000000000000000e+00 1.368069996814204714e+01
1.500000000000000000e+00 1.349710506637356922e+01
1.500000000000000000e+00 1.349710506362815821e+01
1.500000000000000000e+00 1.344115993895365690e+01
1.500000000000000000e+00 1.344115992627889256e+01
1.500000000000000000e+00 1.331557873127226621e+01
1.500000000000000000e+00 1.331557872723168501e+01
1.500000000000000000e+00 1.316228916845491881e+01
1.500000000000000000e+00 1.316228915597609905e+01
1.500000000000000000e+00 1.309511225972432236e+01
1.500000000000000000e+00 1.309511225594300221e+01
1.500000000000000000e+00 1.296502344216430203e+01
1.500000000000000000e+00 1.296502344036198018e+01
1.500000000000000000e+00 1.289510998336756664e+01
1.500000000000000000e+00 1.289510997761808397e+01
1.500000000000000000e+00 1.288193828737976965e+01
1.500000000000000000e+00 1.288193828720517864e+01
1.500000000000000000e+00 1.264477596439502349e+01
1.500000000000000000e+00 1.264477595978108937e+01
1.500000000000000000e+00 1.248157176649226408e+01
1.500000000000000000e+00 1.248157176327504558e+01
1.500000000000000000e+00 1.240339854990897095e+01
1.500000000000000000e+00 1.240339854953029608e+01
1.500000000000000000e+00 1.233432980994210837e+01
1.500000000000000000e+00 1.233432980913433141e+01
1.500000000000000000e+00 1.228302365519844486e+01
1.500000000000000000e+00 1.228302365495863846e+01
1.500000000000000000e+00 1.226969679151294734e+01
1.500000000000000000e+00 1.226969679075572728e+01
1.500000000000000000e+00 1.217929452708263938e+01
1.500000000000000000e+00 1.217929452608822238e+01
1.500000000000000000e+00 1.217057049509632449e+01
1.500000000000000000e+00 1.217057049132464641e+01
1.500000000000000000e+00 1.200571558190771881e+01
1.500000000000000000e+00 1.200571558019945684e+01
1.500000000000000000e+00 1.181238699884953469e+01
1.500000000000000000e+00 1.181238699618338472e+01
1.500000000000000000e+00 1.163968597280776329e+01
1.500000000000000000e+00 1.163968597270694261e+01
1.500000000000000000e+00 1.125213858836769631e+01
1.500000000000000000e+00 1.125213858739257944e+01
1.500000000000000000e+00 1.097620540071064887e+01
1.500000000000000000e+00 1.097620539906191972e+01
1.500000000000000000e+00 1.070259322993224060e+01
1.500000000000000000e+00 1.070259322871767083e+01
1.500000000000000000e+00 1.068964536438784840e+01
1.500000000000000000e+00 1.068964536116141772e+01
1.500000000000000000e+00 1.060656698529281883e+01
1.500000000000000000e+00 1.060656697869057474e+01
1.500000000000000000e+00 1.059629770035293284e+01
1.500000000000000000e+00 1.059629769644626585e+01
1.500000000000000000e+00 1.037001004518404557e+01
1.500000000000000000e+00 1.037001004222429756e+01
1.500000000000000000e+00 1.032015198833284408e+01
1.500000000000000000e+00 1.032015198698557334e+01
1.500000000000000000e+00 1.015490398384565118e+01
1.500000000000000000e+00 1.015490398173283992e+01
1.500000000000000000e+00 1.013916194809440263e+01
1.500000000000000000e+00 1.013916194764471257e+01
1.500000000000000000e+00 1.013573343447825437e+01
1.500000000000000000e+00 1.013573342434446545e+01
1.500000000000000000e+00 1.007966365738104209e+01
1.500000000000000000e+00 1.007966364313631757e+01
1.500000000000000000e+00 9.922936072558853127e+00
1.500000000000000000e+00 9.922936067636802804e+00
1.500000000000000000e+00 8.531873506467373858e+00
1.500000000000000000e+00 8.531873485012173575e+00
1.500000000000000000e+00 8.487676095049863534e+00
1.500000000000000000e+00 8.487676094980875163e+00
1.500000000000000000e+00 8.481738217004423319e+00
1.500000000000000000e+00 8.481738207748911407e+00
1.500000000000000000e+00 8.478602078046350243e+00
1.500000000000000000e+00 8.478602060149819764e+00
1.500000000000000000e+00 8.119500049444329903e+00
1.500000000000000000e+00 8.119500033119793514e+00
1.500000000000000000e+00 8.016693534150739708e+00
1.500000000000000000e+00 8.016693502188031673e+00
1.500000000000000000e+00 8.011747500629464724e+00
1.500000000000000000e+00 8.011747481062378995e+00
1.500000000000000000e+00 7.817905780766627011e+00
1.500000000000000000e+00 7.817905766374078524e+00
1.500000000000000000e+00 7.414129572203053797e+00
1.500000000000000000e+00 7.414129568386664815e+00
1.500000000000000000e+00 7.155569394969359287e+00
1.500000000000000000e+00 7.155569389815710224e+00
1.500000000000000000e+00 6.292971914639026387e+00
1.500000000000000000e+00 6.292971908814194215e+00
1.500000000000000000e+00 3.172059244005364764e+00
1.500000000000000000e+00 3.172059244001558920e+00
2.000000000000000000e+00 1.497576173118879694e+01
2.000000000000000000e+00 1.496289750112209127e+01
2.000000000000000000e+00 1.496289749552665427e+01
2.000000000000000000e+00 1.495872018847416562e+01
2.000000000000000000e+00 1.481277528430727131e+01
2.000000000000000000e+00 1.481277527467637256e+01
2.000000000000000000e+00 1.476354972663095211e+01
2.000000000000000000e+00 1.476354972261982468e+01
2.000000000000000000e+00 1.466193484316782758e+01
2.000000000000000000e+00 1.463863731170875582e+01
2.000000000000000000e+00 1.463678562569613995e+01
2.000000000000000000e+00 1.460520653188999951e+01
2.000000000000000000e+00 1.460520652161882538e+01
2.000000000000000000e+00 1.442632075810858794e+01
2.000000000000000000e+00 1.442632075565465222e+01
2.000000000000000000e+00 1.436586820603378278e+01
2.000000000000000000e+00 1.433305799517420986e+01
2.000000000000000000e+00 1.379608912675145405e+01
2.000000000000000000e+00 1.363556241148717341e+01
2.000000000000000000e+00 1.362329808502117601e+01
2.000000000000000000e+00 1.346461049864102932e+01
2.000000000000000000e+00 1.336935003861533389e+01
2.000000000000000000e+00 1.336935003833108127e+01
2.000000000000000000e+00 1.332662807445418274e+01
2.000000000000000000e+00 1.331977961520537157e+01
2.000000000000000000e+00 1.327329369506517232e+01
2.000000000000000000e+00 1.327329369377407708e+01
2.000000000000000000e+00 1.315526575974434387e+01
2.000000000000000000e+00 1.312465160451631263e+01
2.000000000000000000e+00 1.312465160151184307e+01
2.000000000000000000e+00 1.310210986631729391e+01
2.000000000000000000e+00 1.304949816591471290e+01
2.000000000000000000e+00 1.304949816116657679e+01
2.000000000000000000e+00 1.303702864701603126e+01
2.000000000000000000e+00 1.299577261793445615e+01
2.000000000000000000e+00 1.293942516954223443e+01
2.000000000000000000e+00 1.293942516639854112e+01
2.000000000000000000e+00 1.270755322889942995e+01
2.000000000000000000e+00 1.269046813875147173e+01
2.000000000000000000e+00 1.269046813774229143e+01
2.000000000000000000e+00 1.262783692012557779e+01
2.000000000000000000e+00 1.220602233947512261e+01
2.000000000000000000e+00 1.207809157876102724e+01
2.000000000000000000e+00 1.198304237141333672e+01
2.000000000000000000e+00 1.198304236459135375e+01
2.000000000000000000e+00 1.186615659100932518e+01
2.000000000000000000e+00 1.165320867999596288e+01
2.000000000000000000e+00 1.162716460081318459e+01
2.000000000000000000e+00 1.162716460016600095e+01
2.000000000000000000e+00 1.162664761329872931e+01
2.000000000000000000e+00 1.140932866400432033e+01
2.000000000000000000e+00 1.140932865853905476e+01
2.000000000000000000e+00 1.138993734591187845e+01
2.000000000000000000e+00 1.134811319476150615e+01
2.000000000000000000e+00 1.129370786742260968e+01
2.000000000000000000e+00 1.129370785196101323e+01
2.000000000000000000e+00 1.127093554559462518e+01
2.000000000000000000e+00 1.123766798519712573e+01
2.000000000000000000e+00 1.123766797189336408e+01
2.000000000000000000e+00 1.122702682320390721e+01
2.000000000000000000e+00 1.122702681119209522e+01
2.000000000000000000e+00 1.109274750233085349e+01
2.000000000000000000e+00 1.099448242166350731e+01
2.000000000000000000e+00 1.097401125944327838e+01
2.000000000000000000e+00 1.097401124851038290e+01
2.000000000000000000e+00 1.094739573796121235e+01
2.000000000000000000e+00 1.090788746627741013e+01
2.000000000000000000e+00 1.090788745452845276e+01
2.000000000000000000e+00 1.087525734103490471e+01
2.000000000000000000e+00 1.087525733975572706e+01
2.000000000000000000e+00 1.078948037336753174e+01
2.000000000000000000e+00 1.078948035484158297e+01
2.000000000000000000e+00 1.078461613671940889e+01
2.000000000000000000e+00 1.076525481462756417e+01
2.000000000000000000e+00 1.068846958915360901e+01
2.000000000000000000e+00 1.022945858667036845e+01
2.000000000000000000e+00 1.022945858636890648e+01
2.000000000000000000e+00 1.021304117861270733e+01
2.000000000000000000e+00 9.719884642044567258e+00
2.000000000000000000e+00 9.628180080186391265e+00
2.000000000000000000e+00 9.306132615335810598e+00
2.000000000000000000e+00 9.112926226622828807e+00
2.000000000000000000e+00 9.112926202559467725e+00
2.000000000000000000e+00 8.997286701364775041e+00
2.000000000000000000e+00 8.910441085044196186e+00
2.000000000000000000e+00 8.816395519561082139e+00
2.000000000000000000e+00 8.759435950616081712e+00
2.000000000000000000e+00 8.759435932551005166e+00
2.000000000000000000e+00 8.413232494619457214e+00
2.000000000000000000e+00 8.122327944624810669e+00
2.000000000000000000e+00 8.076254336688869273e+00
2.000000000000000000e+00 8.076254336182749682e+00
2.000000000000000000e+00 6.559520437081863165e+00
2.000000000000000000e+00 6.253190074841078250e+00
2.000000000000000000e+00 6.253190067267432539e+00
2.000000000000000000e+00 6.213466467888416389e+00
2.000000000000000000e+00 4.304969501938368026e+00
2.000000000000000000e+00 4.304969492574380219e+00
2.000000000000000000e+00 3.913933698810293738e+00
2.000000000000000000e+00 3.804955046792995788e+00
2.500000000000000000e+00 1.696010524746546366e+01
2.500000000000000000e+00 1.696010524231175154e+01
2.500000000000000000e+00 1.655137308723084644e+01
2.500000000000000000e+00 1.655137308038164079e+01
2.500000000000000000e+00 1.615992178350169794e+01
2.500000000000000000e+00 1.615992177424054432e+01
2.500000000000000000e+00 1.604117742064235941e+01
2.500000000000000000e+00 1.604117741653024609e+01
2.500000000000000000e+00 1.603910771275577574e+01
2.500000000000000000e+00 1.603910770865216406e+01
2.500000000000000000e+00 1.602706449659755705e+01
2.500000000000000000e+00 1.602706448848858400e+01
2.500000000000000000e+00 1.580563391588401601e+01
2.500000000000000000e+00 1.580563390613656516e+01
2.500000000000000000e+00 1.573215392888787711e+01
2.500000000000000000e+00 1.573215392888787711e+01
2.500000000000000000e+00 1.557540879786110466e+01
2.500000000000000000e+00 1.557540879528012745e+01
2.500000000000000000e+00 1.553296644156978168e+01
2.500000000000000000e+00 1.553296644033291685e+01
2.500000000000000000e+00 1.548093338245084105e+01
2.500000000000000000e+00 1.548093338010253817e+01
2.500000000000000000e+00 1.547691799731126494e+01
2.500000000000000000e+00 1.547691799263347967e+01
2.500000000000000000e+00 1.530571551337368952e+01
2.500000000000000000e+00 1.530571551140281983e+01
2.500000000000000000e+00 1.470632926235403026e+01
2.500000000000000000e+00 1.470632925964827997e+01
2.500000000000000000e+00 1.449443266944330766e+01
2.500000000000000000e+00 1.449443266856767387e+01
2.500000000000000000e+00 1.425519063234986028e+01
2.500000000000000000e+00 1.425519062028676132e+01
2.500000000000000000e+00 1.417459447940513328e+01
2.500000000000000000e+00 1.417459446986598337e+01
2.500000000000000000e+00 1.416414936442316375e+01
2.500000000000000000e+00 1.416414934711644058e+01
2.500000000000000000e+00 1.404285945106656186e+01
2.500000000000000000e+00 1.404285943991754415e+01
2.500000000000000000e+00 1.400758136028363410e+01
2.500000000000000000e+00 1.400758135355703615e+01
2.500000000000000000e+00 1.390246820772068759e+01
2.500000000000000000e+00 1.390246820650960125e+01
2.500000000000000000e+00 1.382826468984035095e+01
2.500000000000000000e+00 1.382826468849098234e+01
2.500000000000000000e+00 1.373492197307290930e+01
2.500000000000000000e+00 1.373492196508366625e+01
2.500000000000000000e+00 1.366420473425500504e+01
2.500000000000000000e+00 1.366420473349154108e+01
2.500000000000000000e+00 1.360678569516454672e+01
2.500000000000000000e+00 1.360678569174045194e+01
2.500000000000000000e+00 1.357066442142465768e+01
2.500000000000000000e+00 1.357066441846968274e+01
2.500000000000000000e+00 1.352268624964924726e+01
2.500000000000000000e+00 1.352268623606354581e+01
2.500000000000000000e+00 1.303301243045915392e+01
2.500000000000000000e+00 1.303301242883463296e+01
2.500000000000000000e+00 1.276105009198975182e+01
2.500000000000000000e+00 1.276105008920493766e+01
2.500000000000000000e+00 1.264026425565034195e+01
2.500000000000000000e+00 1.264026425023452127e+01
2.500000000000000000e+00 1.252215935499406640e+01
2.500000000000000000e+00 1.252215934817126275e+01
2.500000000000000000e+00 1.210109942267178162e+01
2.500000000000000000e+00 1.210109941727400695e+01
2.500000000000000000e+00 1.201426948576251874e+01
2.500000000000000000e+00 1.201426948169345899e+01
2.500000000000000000e+00 1.192372277854055795e+01
2.500000000000000000e+00 1.192372277197754471e+01
2.500000000000000000e+00 1.187891901743363121e+01
2.500000000000000000e+00 1.187891900084849794e+01
2.500000000000000000e+00 1.185248718708859172e+01
2.500000000000000000e+00 1.185248717146619235e+01
2.500000000000000000e+00 1.178109131098504925e+01
2.500000000000000000e+00 1.178109129864570370e+01
2.500000000000000000e+00 1.139233838247179520e+01
2.500000000000000000e+00 1.139233838125150911e+01
2.500000000000000000e+00 1.121596657157454402e+01
2.500000000000000000e+00 1.121596656954509719e+01
2.500000000000000000e+00 1.113910723931444835e+01
2.500000000000000000e+00 1.113910723884080234e+01
2.500000000000000000e+00 1.058267499124617927e+01
2.500000000000000000e+00 1.058267499075569340e+01
2.500000000000000000e+00 9.230433674326256721e+00
2.500000000000000000e+00 9.230433672622590180e+00
2.500000000000000000e+00 9.173446480053941698e+00
2.500000000000000000e+00 9.173446478274517091e+00
2.500000000000000000e+00 8.852333033718927879e+00
2.500000000000000000e+00 8.852333023005348522e+00
2.500000000000000000e+00 8.551031273691004131e+00
2.500000000000000000e+00 8.551031264542581667e+00
2.500000000000000000e+00 7.575252899440685361e+00
2.500000000000000000e+00 7.575252889244411314e+00
2.500000000000000000e+00 7.428302270272953756e+00
2.500000000000000000e+00 7.428302268753345317e+00
2.500000000000000000e+00 7.048579777372993682e+00
2.500000000000000000e+00 7.048579775414539839e+00
2.500000000000000000e+00 6.984212066807510055e+00
2.500000000000000000e+00 6.984212056156885673e+00
2.500000000000000000e+00 4.986631161942631785e+00
2.500000000000000000e+00 4.986631161051771954e+00
3.000000000000000000e+00 2.314865496060130923e+01
3.000000000000000000e+00 2.314865245002865990e+01
3.000000000000000000e+00 2.299847995904598008e+01
3.000000000000000000e+00 2.275156411490529251e+01
3.000000000000000000e+00 2.266564209767032168e+01
3.000000000000000000e+00 2.263524227405889278e+01
3.000000000000000000e+00 2.263523926915639706e+01
3.000000000000000000e+00 2.149283263564264601e+01
3.000000000000000000e+00 2.134423563131566581e+01
3.000000000000000000e+00 2.118397159287970766e+01
3.000000000000000000e+00 2.118397124089636208e+01
3.000000000000000000e+00 2.113076797445467747e+01
3.000000000000000000e+00 2.103641489010739107e+01
3.000000000000000000e+00 2.100274107565383019e+01
3.000000000000000000e+00 2.100274078201416827e+01
3.000000000000000000e+00 1.938988739629793301e+01
3.000000000000000000e+00 1.926536240521385679e+01
3.000000000000000000e+00 1.861193884686807465e+01
3.000000000000000000e+00 1.859990439664607464e+01
3.000000000000000000e+00 1.859990437008313791e+01
3.000000000000000000e+00 1.858797935083554975e+01
3.000000000000000000e+00 1.858797935083554975e+01
3.000000000000000000e+00 1.854485514437014615e+01
3.000000000000000000e+00 1.852543570892109770e+01
3.000000000000000000e+00 1.827733412063528107e+01
3.000000000000000000e+00 1.827020035901962203e+01
3.000000000000000000e+00 1.826045541012236484e+01
3.000000000000000000e+00 1.826045533445384805e+01
3.000000000000000000e+00 1.824272912289001880e+01
3.000000000000000000e+00 1.775094295218627849e+01
3.000000000000000000e+00 1.762683971264137739e+01
3.000000000000000000e+00 1.762683967248639760e+01
3.000000000000000000e+00 1.702983850077312056e+01
3.000000000000000000e+00 1.674307468548092004e+01
3.000000000000000000e+00 1.674307468133266852e+01
3.000000000000000000e+00 1.673485679163676565e+01
3.000000000000000000e+00 1.667545936186705902e+01
3.000000000000000000e+00 1.652996031704798341e+01
3.000000000000000000e+00 1.650527621600851091e+01
3.000000000000000000e+00 1.650527620619754288e+01
3.000000000000000000e+00 1.649193345920061304e+01
3.000000000000000000e+00 1.645778467740014150e+01
3.000000000000000000e+00 1.645778467428150194e+01
3.000000000000000000e+00 1.639863332402884311e+01
3.000000000000000000e+00 1.636919270966998852e+01
3.000000000000000000e+00 1.636919270966998852e+01
3.000000000000000000e+00 1.636919270966998852e+01
3.000000000000000000e+00 1.636919270681574901e+01
3.000000000000000000e+00 1.634553450673988451e+01
3.000000000000000000e+00 1.566925701188673514e+01
3.000000000000000000e+00 1.555656754293256050e+01
3.000000000000000000e+00 1.538205169150459639e+01
3.000000000000000000e+00 1.538205169044099208e+01
3.000000000000000000e+00 1.512713613699165016e+01
3.000000000000000000e+00 1.501292046544553926e+01
3.000000000000000000e+00 1.488324002676745472e+01
3.000000000000000000e+00 1.484037073142385132e+01
3.000000000000000000e+00 1.484037072090471021e+01
3.000000000000000000e+00 1.482893923492863841e+01
3.000000000000000000e+00 1.482505669040700624e+01
3.000000000000000000e+00 1.482505667761025059e+01
3.000000000000000000e+00 1.446328665805811831e+01
3.000000000000000000e+00 1.443888622109713538e+01
3.000000000000000000e+00 1.443485429287646582e+01
3.000000000000000000e+00 1.443485428998900666e+01
3.000000000000000000e+00 1.427184953418404767e+01
3.000000000000000000e+00 1.410243501633709506e+01
3.000000000000000000e+00 1.378241204544323040e+01
3.000000000000000000e+00 1.364327909834289621e+01
3.000000000000000000e+00 1.364327909591301946e+01
3.000000000000000000e+00 1.263580983829468529e+01
3.000000000000000000e+00 1.223060281408662142e+01
3.000000000000000000e+00 1.221560176559078847e+01
3.000000000000000000e+00 1.221560176451476920e+01
3.000000000000000000e+00 1.201181777913484972e+01
3.000000000000000000e+00 1.170233256871038741e+01
3.000000000000000000e+00 1.170233256680511502e+01
3.000000000000000000e+00 1.166155351756820835e+01
3.000000000000000000e+00 1.161882333118870925e+01
3.000000000000000000e+00 1.159740912784778111e+01
3.000000000000000000e+00 1.159080338531379262e+01
3.000000000000000000e+00 1.156849247467005526e+01
3.000000000000000000e+00 1.156849246478782867e+01
3.000000000000000000e+00 1.035408679921723518e+01
3.000000000000000000e+00 1.035408679396618403e+01
3.000000000000000000e+00 1.000123149799939348e+01
3.000000000000000000e+00 9.982799073479862173e+00
3.000000000000000000e+00 9.880110924243849624e+00
3.000000000000000000e+00 9.843035394563717233e+00
3.000000000000000000e+00 9.843035386269834319e+00
3.000000000000000000e+00 9.705060409341729866e+00
3.000000000000000000e+00 9.499991656503368631e+00
3.000000000000000000e+00 9.433842908675167394e+00
3.000000000000000000e+00 9.382736956071854095e+00
3.000000000000000000e+00 9.382736939451064018e+00
3.000000000000000000e+00 8.298338800080582445e+00
3.000000000000000000e+00 8.090627065302655296e+00
3.000000000000000000e+00 8.090627061033842438e+00
3.000000000000000000e+00 7.970840502285686746e+00
3.000000000000000000e+00 4.746379344337844586e+00
3.500000000000000000e+00 2.381672960521155602e+01
3.500000000000000000e+00 2.381672959708727078e+01
3.500000000000000000e+00 2.357358151274999258e+01
3.500000000000000000e+00 2.357358150596753532e+01
3.500000000000000000e+00 2.066442984158288354e+01
3.500000000000000000e+00 2.066442983027452129e+01
3.500000000000000000e+00 1.928037531217033163e+01
3.500000000000000000e+00 1.928037531212258671e+01
3.500000000000000000e+00 1.920606082283170224e+01
3.500000000000000000e+00 1.920606081878296578e+01
3.500000000000000000e+00 1.916680470797906111e+01
3.500000000000000000e+00 1.916680470519104063e+01
3.500000000000000000e+00 1.916011574754995550e+01
3.500000000000000000e+00 1.916011574607712831e+01
3.500000000000000000e+00 1.836155526819982953e+01
3.500000000000000000e+00 1.836155526636734692e+01
3.500000000000000000e+00 1.765350496963478477e+01
3.500000000000000000e+00 1.765350496839878502e+01
3.500000000000000000e+00 1.734439971358331789e+01
3.500000000000000000e+00 1.734439971151210003e+01
3.500000000000000000e+00 1.733435440507551206e+01
3.500000000000000000e+00 1.733435440307279762e+01
3.500000000000000000e+00 1.722520144839727152e+01
3.500000000000000000e+00 1.722520144458596292e+01
3.500000000000000000e+00 1.711685319156507390e+01
3.500000000000000000e+00 1.711685317310908516e+01
3.500000000000000000e+00 1.651561056690532325e+01
3.500000000000000000e+00 1.651561056061693833e+01
3.500000000000000000e+00 1.470488956969289163e+01
3.500000000000000000e+00 1.470488956894246435e+01
3.500000000000000000e+00 1.449738585622859155e+01
3.500000000000000000e+00 1.449738585270591074e+01
3.500000000000000000e+00 1.436428797071161867e+01
3.500000000000000000e+00 1.436428796645267170e+01
3.500000000000000000e+00 1.317770244482817787e+01
3.500000000000000000e+00 1.317770244473168084e+01
3.500000000000000000e+00 1.270309781625907242e+01
3.500000000000000000e+00 1.270309781557316775e+01
3.500000000000000000e+00 1.264019844827559602e+01
3.500000000000000000e+00 1.264019844662284164e+01
3.500000000000000000e+00 1.256348520003932734e+01
3.500000000000000000e+00 1.256348519129805652e+01
3.500000000000000000e+00 1.256315472829923330e+01
3.500000000000000000e+00 1.256315472033563552e+01
3.500000000000000000e+00 1.255403276842595162e+01
3.500000000000000000e+00 1.255403276068345697e+01
3.500000000000000000e+00 1.248980249233546047e+01
3.500000000000000000e+00 1.248980247936096077e+01
3.500000000000000000e+00 1.235402233187644150e+01
3.500000000000000000e+00 1.235402231152623997e+01
3.500000000000000000e+00 1.101049495003333512e+01
3.500000000000000000e+00 1.101049494996153655e+01
3.500000000000000000e+00 1.064547559001528221e+01
3.500000000000000000e+00 1.064547557818170098e+01
3.500000000000000000e+00 1.032442214439397610e+01
3.500000000000000000e+00 1.032442213455887980e+01
3.500000000000000000e+00 7.777676273104887628e+00
3.500000000000000000e+00 7.777676269332697956e+00
3.500000000000000000e+00 5.667479011133262468e+00
3.500000000000000000e+00 5.667479005966398198e+00
4.000000000000000000e+00 2.115043007771694761e+01
4.000000000000000000e+00 2.004340919029155188e+01
4.000000000000000000e+00 2.001804840553037224e+01
4.000000000000000000e+00 2.001804840457635137e+01
4.000000000000000000e+00 2.000847176640022340e+01
4.000000000000000000e+00 1.864196415461166012e+01
4.000000000000000000e+00 1.551978316215972420e+01
4.000000000000000000e+00 1.546059713879312802e+01
4.000000000000000000e+00 1.537920507282683147e+01
4.000000000000000000e+00 1.537920506789031094e+01
4.000000000000000000e+00 1.535564423912249943e+01
4.000000000000000000e+00 1.533885842951824507e+01
4.000000000000000000e+00 1.533885841795389204e+01
4.000000000000000000e+00 1.524166108665156649e+01
4.000000000000000000e+00 1.404590489557355504e+01
4.000000000000000000e+00 1.350207386364771089e+01
4.000000000000000000e+00 1.344637246282655241e+01
4.000000000000000000e+00 1.344637245791181357e+01
4.000000000000000000e+00 1.338739189243118766e+01
4.000000000000000000e+00 1.338739188089110677e+01
4.000000000000000000e+00 1.330920418074616940e+01
4.000000000000000000e+00 1.329712610578408594e+01
4.000000000000000000e+00 1.059116259344974686e+01
4.000000000000000000e+00 8.768548689751968439e+00
4.000000000000000000e+00 8.743539829218459403e+00
4.000000000000000000e+00 8.743539828221324584e+00
4.000000000000000000e+00 8.690121837460898391e+00
4.000000000000000000e+00 6.543006550817810130e+00
4.500000000000000000e+00 1.621710593094133657e+01
4.500000000000000000e+00 1.621710592319876199e+01
4.500000000000000000e+00 1.620765350032674945e+01
4.500000000000000000e+00 1.620765349158546442e+01
4.500000000000000000e+00 1.154593724703875424e+01
4.500000000000000000e+00 1.154593724322479886e+01
4.500000000000000000e+00 9.604333986443682747e+00
4.500000000000000000e+00 9.604333983628485782e+00
5.000000000000000000e+00 1.240194598078461752e+01
