-5.000000000000000000e+00 1.221501440015298989e+01
-4.500000000000000000e+00 1.601644982370127934e+01
-4.500000000000000000e+00 1.601644981538198920e+01
-4.500000000000000000e+00 1.598263407354773769e+01
-4.500000000000000000e+00 1.598263406414691623e+01
-4.500000000000000000e+00 1.136309904340308918e+01
-4.500000000000000000e+00 1.136309903927647369e+01
-4.500000000000000000e+00 9.465121402461301514e+00
-4.500000000000000000e+00 9.465121399416220882e+00
-4.000000000000000000e+00 2.099093050900530599e+01
-4.000000000000000000e+00 1.980273249677534153e+01
-4.000000000000000000e+00 1.978027224017938579e+01
-4.000000000000000000e+00 1.978027223909626642e+01
-4.000000000000000000e+00 1.976986250478548968e+01
-4.000000000000000000e+00 1.833308431331064980e+01
-4.000000000000000000e+00 1.535135153210064374e+01
-4.000000000000000000e+00 1.525879391751822034e+01
-4.000000000000000000e+00 1.515348207912731304e+01
-4.000000000000000000e+00 1.515348207384497492e+01
-4.000000000000000000e+00 1.514596424321063317e+01
-4.000000000000000000e+00 1.514596423075679255e+01
-4.000000000000000000e+00 1.511698472801812621e+01
-4.000000000000000000e+00 1.502710576955486665e+01
-4.000000000000000000e+00 1.384487529255204485e+01
-4.000000000000000000e+00 1.332016817923579133e+01
-4.000000000000000000e+00 1.328883309618735531e+01
-4.000000000000000000e+00 1.328883309092436527e+01
-4.000000000000000000e+00 1.321388041175844918e+01
-4.000000000000000000e+00 1.321388039932642400e+01
-4.000000000000000000e+00 1.315149401616486990e+01
-4.000000000000000000e+00 1.315099517286257580e+01
-4.000000000000000000e+00 1.040352865897288126e+01
-4.000000000000000000e+00 8.631532211827884993e+00
-4.000000000000000000e+00 8.609394539418659065e+00
-4.000000000000000000e+00 8.609394538338346337e+00
-4.000000000000000000e+00 8.566825224091253688e+00
-4.000000000000000000e+00 6.457939716135143726e+00
-3.500000000000000000e+00 2.355676063565864808e+01
-3.500000000000000000e+00 2.355676062796582571e+01
-3.500000000000000000e+00 2.331898588836508779e+01
-3.500000000000000000e+00 2.331898588082262336e+01
-3.500000000000000000e+00 2.045472554205080939e+01
-3.500000000000000000e+00 2.045472551082788470e+01
-3.500000000000000000e+00 1.904713579270968538e+01
-3.500000000000000000e+00 1.904713579216317143e+01
-3.500000000000000000e+00 1.897915065087215680e+01
-3.500000000000000000e+00 1.897915064490397086e+01
-3.500000000000000000e+00 1.893215413094562294e+01
-3.500000000000000000e+00 1.893215412790168983e+01
-3.500000000000000000e+00 1.892702703810915565e+01
-3.500000000000000000e+00 1.892702703636804884e+01
-3.500000000000000000e+00 1.821804632942464508e+01
-3.500000000000000000e+00 1.821804631633347782e+01
-3.500000000000000000e+00 1.742895971101074082e+01
-3.500000000000000000e+00 1.742895970912155335e+01
-3.500000000000000000e+00 1.715458198402034640e+01
-3.500000000000000000e+00 1.715458193329902770e+01
-3.500000000000000000e+00 1.713446140166383103e+01
-3.500000000000000000e+00 1.713446140081537905e+01
-3.500000000000000000e+00 1.703417649108562415e+01
-3.500000000000000000e+00 1.703417648695867115e+01
-3.500000000000000000e+00 1.694540093859700747e+01
-3.500000000000000000e+00 1.694540091070628662e+01
-3.500000000000000000e+00 1.620603316536853100e+01
-3.500000000000000000e+00 1.620603296362006418e+01
-3.500000000000000000e+00 1.447798849412625799e+01
-3.500000000000000000e+00 1.447798848292773144e+01
-3.500000000000000000e+00 1.428845404118109919e+01
-3.500000000000000000e+00 1.428845375879676993e+01
-3.500000000000000000e+00 1.413566182771875823e+01
-3.500000000000000000e+00 1.413566180807526607e+01
-3.500000000000000000e+00 1.298055685464331965e+01
-3.500000000000000000e+00 1.298055684881464522e+01
-3.500000000000000000e+00 1.258788844450366007e+01
-3.500000000000000000e+00 1.258788835896931424e+01
-3.500000000000000000e+00 1.244954670915034889e+01
-3.500000000000000000e+00 1.244954667709973606e+01
-3.500000000000000000e+00 1.242106890528130414e+01
-3.500000000000000000e+00 1.242106890325210600e+01
-3.500000000000000000e+00 1.241464146621461850e+01
-3.500000000000000000e+00 1.241464145681376330e+01
-3.500000000000000000e+00 1.238082571497955797e+01
-3.500000000000000000e+00 1.238082570666023408e+01
-3.500000000000000000e+00 1.231610774045497969e+01
-3.500000000000000000e+00 1.231610770032483337e+01
-3.500000000000000000e+00 1.221735759235993157e+01
-3.500000000000000000e+00 1.221735757193737903e+01
-3.500000000000000000e+00 1.087398197410031031e+01
-3.500000000000000000e+00 1.087398185007310047e+01
-3.500000000000000000e+00 1.051384599092861549e+01
-3.500000000000000000e+00 1.051384598081818922e+01
-3.500000000000000000e+00 1.022078423111993750e+01
-3.500000000000000000e+00 1.022078422071778370e+01
-3.500000000000000000e+00 7.640447104373512488e+00
-3.500000000000000000e+00 7.640447098391857317e+00
-3.500000000000000000e+00 5.592480931650976039e+00
-3.500000000000000000e+00 5.592480925876206044e+00
-3.000000000000000000e+00 2.289753442335842948e+01
-3.000000000000000000e+00 2.289753247031162786e+01
-3.000000000000000000e+00 2.275908103024397988e+01
-3.000000000000000000e+00 2.248701978336831431e+01
-3.000000000000000000e+00 2.242730133721662966e+01
-3.000000000000000000e+00 2.238004886541630256e+01
-3.000000000000000000e+00 2.238004770136612720e+01
-3.000000000000000000e+00 2.125899061514372335e+01
-3.000000000000000000e+00 2.111891145839921435e+01
-3.000000000000000000e+00 2.096363877407515020e+01
-3.000000000000000000e+00 2.096363849169588178e+01
-3.000000000000000000e+00 2.090456837918160105e+01
-3.000000000000000000e+00 2.082859641764837022e+01
-3.000000000000000000e+00 2.078523730312755902e+01
-3.000000000000000000e+00 2.078523683064695504e+01
-3.000000000000000000e+00 1.916161086606148700e+01
-3.000000000000000000e+00 1.907029859590127785e+01
-3.000000000000000000e+00 1.835021155065461684e+01
-3.000000000000000000e+00 1.835021142649308601e+01
-3.000000000000000000e+00 1.833283489743007877e+01
-3.000000000000000000e+00 1.832100285834701836e+01
-3.000000000000000000e+00 1.832100281815122145e+01
-3.000000000000000000e+00 1.829011191266773650e+01
-3.000000000000000000e+00 1.828019662994927685e+01
-3.000000000000000000e+00 1.803634789612571865e+01
-3.000000000000000000e+00 1.803316665190994783e+01
-3.000000000000000000e+00 1.802123442961534394e+01
-3.000000000000000000e+00 1.802123428069197431e+01
-3.000000000000000000e+00 1.799539095379387277e+01
-3.000000000000000000e+00 1.761262866407927064e+01
-3.000000000000000000e+00 1.750375084058853403e+01
-3.000000000000000000e+00 1.750375078733187806e+01
-3.000000000000000000e+00 1.677668160430745559e+01
-3.000000000000000000e+00 1.655147403592225430e+01
-3.000000000000000000e+00 1.655147402222245745e+01
-3.000000000000000000e+00 1.652409059288615722e+01
-3.000000000000000000e+00 1.649351709635297070e+01
-3.000000000000000000e+00 1.633763403161956163e+01
-3.000000000000000000e+00 1.631601343470011756e+01
-3.000000000000000000e+00 1.631601341575519371e+01
-3.000000000000000000e+00 1.631037789209059596e+01
-3.000000000000000000e+00 1.628206998111352277e+01
-3.000000000000000000e+00 1.628206997064914674e+01
-3.000000000000000000e+00 1.622672069331709466e+01
-3.000000000000000000e+00 1.618226114413487338e+01
-3.000000000000000000e+00 1.618226113466450045e+01
-3.000000000000000000e+00 1.618226113229690810e+01
-3.000000000000000000e+00 1.618226112756172341e+01
-3.000000000000000000e+00 1.616023963280283837e+01
-3.000000000000000000e+00 1.545421288513435343e+01
-3.000000000000000000e+00 1.539081639846190441e+01
-3.000000000000000000e+00 1.512661914789972784e+01
-3.000000000000000000e+00 1.512661887191045729e+01
-3.000000000000000000e+00 1.492171170771059607e+01
-3.000000000000000000e+00 1.482182030685777185e+01
-3.000000000000000000e+00 1.473804098865693923e+01
-3.000000000000000000e+00 1.468637557141708605e+01
-3.000000000000000000e+00 1.468637551677977449e+01
-3.000000000000000000e+00 1.465319550520802139e+01
-3.000000000000000000e+00 1.464801039645513292e+01
-3.000000000000000000e+00 1.464801029588789660e+01
-3.000000000000000000e+00 1.429390644111048303e+01
-3.000000000000000000e+00 1.428529556862034688e+01
-3.000000000000000000e+00 1.428529556435802128e+01
-3.000000000000000000e+00 1.428420686939020534e+01
-3.000000000000000000e+00 1.402974008648752502e+01
-3.000000000000000000e+00 1.389507529052997192e+01
-3.000000000000000000e+00 1.355253140486116159e+01
-3.000000000000000000e+00 1.340399046194822219e+01
-3.000000000000000000e+00 1.340399026037174934e+01
-3.000000000000000000e+00 1.256137497205743792e+01
-3.000000000000000000e+00 1.203822987455453841e+01
-3.000000000000000000e+00 1.203029253488951156e+01
-3.000000000000000000e+00 1.203029244208036808e+01
-3.000000000000000000e+00 1.184376601975281851e+01
-3.000000000000000000e+00 1.156018381034396825e+01
-3.000000000000000000e+00 1.156018368512625116e+01
-3.000000000000000000e+00 1.147179568115257986e+01
-3.000000000000000000e+00 1.146645162307257770e+01
-3.000000000000000000e+00 1.146421283235897270e+01
-3.000000000000000000e+00 1.140411089863461136e+01
-3.000000000000000000e+00 1.138604633656223264e+01
-3.000000000000000000e+00 1.138604631982008897e+01
-3.000000000000000000e+00 1.022463717721535481e+01
-3.000000000000000000e+00 1.022463710644600710e+01
-3.000000000000000000e+00 9.873818861829468219e+00
-3.000000000000000000e+00 9.842221822080619020e+00
-3.000000000000000000e+00 9.719461699162598833e+00
-3.000000000000000000e+00 9.715892654928961036e+00
-3.000000000000000000e+00 9.715892654774348713e+00
-3.000000000000000000e+00 9.589226133136754981e+00
-3.000000000000000000e+00 9.423486965719613195e+00
-3.000000000000000000e+00 9.404558889537945277e+00
-3.000000000000000000e+00 9.294807664596325125e+00
-3.000000000000000000e+00 9.294807649948415573e+00
-3.000000000000000000e+00 8.218358699040416937e+00
-3.000000000000000000e+00 8.000657035288165631e+00
-3.000000000000000000e+00 8.000657009204196868e+00
-3.000000000000000000e+00 7.888018478536239719e+00
-3.000000000000000000e+00 4.662004632423082384e+00
-2.500000000000000000e+00 1.678451896521219666e+01
-2.500000000000000000e+00 1.678451894359326602e+01
-2.500000000000000000e+00 1.630388581983534380e+01
-2.500000000000000000e+00 1.630388576101188747e+01
-2.500000000000000000e+00 1.594224454236932154e+01
-2.500000000000000000e+00 1.594224452374549017e+01
-2.500000000000000000e+00 1.584092345261354673e+01
-2.500000000000000000e+00 1.584092333649143214e+01
-2.500000000000000000e+00 1.583458832785929715e+01
-2.500000000000000000e+00 1.583458825427803696e+01
-2.500000000000000000e+00 1.580786105978436851e+01
-2.500000000000000000e+00 1.580786089696464281e+01
-2.500000000000000000e+00 1.561254715247264535e+01
-2.500000000000000000e+00 1.561254712032904379e+01
-2.500000000000000000e+00 1.553690052940689270e+01
-2.500000000000000000e+00 1.553690047104515237e+01
-2.500000000000000000e+00 1.534951470342198476e+01
-2.500000000000000000e+00 1.534951466429887645e+01
-2.500000000000000000e+00 1.533915799383384559e+01
-2.500000000000000000e+00 1.533915784812433358e+01
-2.500000000000000000e+00 1.529525401192521272e+01
-2.500000000000000000e+00 1.529525393001012290e+01
-2.500000000000000000e+00 1.528952000670733824e+01
-2.500000000000000000e+00 1.528951987581080729e+01
-2.500000000000000000e+00 1.510143669231658947e+01
-2.500000000000000000e+00 1.510143654931830604e+01
-2.500000000000000000e+00 1.455377768587744214e+01
-2.500000000000000000e+00 1.455377752466631769e+01
-2.500000000000000000e+00 1.439618697258620017e+01
-2.500000000000000000e+00 1.439618654835519962e+01
-2.500000000000000000e+00 1.406424119963685371e+01
-2.500000000000000000e+00 1.406424101597361265e+01
-2.500000000000000000e+00 1.402488215897930246e+01
-2.500000000000000000e+00 1.402488214939772071e+01
-2.500000000000000000e+00 1.399803191303723970e+01
-2.500000000000000000e+00 1.399803184934212297e+01
-2.500000000000000000e+00 1.390602047355441861e+01
-2.500000000000000000e+00 1.390602002021141281e+01
-2.500000000000000000e+00 1.383088273091927611e+01
-2.500000000000000000e+00 1.383088262268682733e+01
-2.500000000000000000e+00 1.375786955970357006e+01
-2.500000000000000000e+00 1.375786955907474685e+01
-2.500000000000000000e+00 1.370471856476875594e+01
-2.500000000000000000e+00 1.370471842524088757e+01
-2.500000000000000000e+00 1.356186838527467309e+01
-2.500000000000000000e+00 1.356186831221955202e+01
-2.500000000000000000e+00 1.351392635671240328e+01
-2.500000000000000000e+00 1.351392627804417401e+01
-2.500000000000000000e+00 1.346102531250977385e+01
-2.500000000000000000e+00 1.346102529942493220e+01
-2.500000000000000000e+00 1.343146422907238069e+01
-2.500000000000000000e+00 1.343146421772978982e+01
-2.500000000000000000e+00 1.338958758386111469e+01
-2.500000000000000000e+00 1.338958747262147675e+01
-2.500000000000000000e+00 1.284291603237680413e+01
-2.500000000000000000e+00 1.284291586673313645e+01
-2.500000000000000000e+00 1.255289100140099556e+01
-2.500000000000000000e+00 1.255289060168331616e+01
-2.500000000000000000e+00 1.247356972808248976e+01
-2.500000000000000000e+00 1.247356957732397831e+01
-2.500000000000000000e+00 1.236500362467511138e+01
-2.500000000000000000e+00 1.236500332122517065e+01
-2.500000000000000000e+00 1.197001682363221775e+01
-2.500000000000000000e+00 1.197001680125669587e+01
-2.500000000000000000e+00 1.190807357279785705e+01
-2.500000000000000000e+00 1.190807356623785651e+01
-2.500000000000000000e+00 1.181292942141750224e+01
-2.500000000000000000e+00 1.181292941560274024e+01
-2.500000000000000000e+00 1.175420714071772821e+01
-2.500000000000000000e+00 1.175420711519569572e+01
-2.500000000000000000e+00 1.172201914541886403e+01
-2.500000000000000000e+00 1.172201914016414293e+01
-2.500000000000000000e+00 1.167837947720906122e+01
-2.500000000000000000e+00 1.167837947660646947e+01
-2.500000000000000000e+00 1.121505136706356431e+01
-2.500000000000000000e+00 1.121505120563934454e+01
-2.500000000000000000e+00 1.103858791440498166e+01
-2.500000000000000000e+00 1.103858790719210425e+01
-2.500000000000000000e+00 1.094978176232141998e+01
-2.500000000000000000e+00 1.094978176077890275e+01
-2.500000000000000000e+00 1.039694487699653713e+01
-2.500000000000000000e+00 1.039694467516725318e+01
-2.500000000000000000e+00 9.092880154609458643e+00
-2.500000000000000000e+00 9.092880128597172984e+00
-2.500000000000000000e+00 9.040975535146067443e+00
-2.500000000000000000e+00 9.040975474864882955e+00
-2.500000000000000000e+00 8.710946384920561059e+00
-2.500000000000000000e+00 8.710946384189496072e+00
-2.500000000000000000e+00 8.471748041823863318e+00
-2.500000000000000000e+00 8.471748010334819057e+00
-2.500000000000000000e+00 7.495382322944924347e+00
-2.500000000000000000e+00 7.495382301944078840e+00
-2.500000000000000000e+00 7.349010159954473487e+00
-2.500000000000000000e+00 7.349010158516875002e+00
-2.500000000000000000e+00 6.972422871262879518e+00
-2.500000000000000000e+00 6.972422856968467642e+00
-2.500000000000000000e+00 6.905251731990913910e+00
-2.500000000000000000e+00 6.905251702775355049e+00
-2.500000000000000000e+00 4.953435225328982838e+00
-2.500000000000000000e+00 4.953435224701627781e+00
-2.000000000000000000e+00 1.477351842686242556e+01
-2.000000000000000000e+00 1.477351842107483471e+01
-2.000000000000000000e+00 1.473774663003448993e+01
-2.000000000000000000e+00 1.473774662445027417e+01
-2.000000000000000000e+00 1.462921403174725477e+01
-2.000000000000000000e+00 1.462921387994796163e+01
-2.000000000000000000e+00 1.457326904880705598e+01
-2.000000000000000000e+00 1.457326902748922315e+01
-2.000000000000000000e+00 1.452148925652186406e+01
-2.000000000000000000e+00 1.444123731216324913e+01
-2.000000000000000000e+00 1.444123707013926605e+01
-2.000000000000000000e+00 1.442589671856722155e+01
-2.000000000000000000e+00 1.440098254887780449e+01
-2.000000000000000000e+00 1.422546153295302496e+01
-2.000000000000000000e+00 1.422546146269451128e+01
-2.000000000000000000e+00 1.419738703723307971e+01
-2.000000000000000000e+00 1.417075018148080545e+01
-2.000000000000000000e+00 1.364822154893953510e+01
-2.000000000000000000e+00 1.349124331676939015e+01
-2.000000000000000000e+00 1.348474366212033360e+01
-2.000000000000000000e+00 1.331043234308476819e+01
-2.000000000000000000e+00 1.317835672988107554e+01
-2.000000000000000000e+00 1.317835672659342272e+01
-2.000000000000000000e+00 1.313817157270178804e+01
-2.000000000000000000e+00 1.312927699766079925e+01
-2.000000000000000000e+00 1.310012570310989233e+01
-2.000000000000000000e+00 1.310012569702937490e+01
-2.000000000000000000e+00 1.299885273765812954e+01
-2.000000000000000000e+00 1.297437085222683706e+01
-2.000000000000000000e+00 1.297437066934472938e+01
-2.000000000000000000e+00 1.291883800070732846e+01
-2.000000000000000000e+00 1.287903363142883961e+01
-2.000000000000000000e+00 1.287701021965301607e+01
-2.000000000000000000e+00 1.286985937811345337e+01
-2.000000000000000000e+00 1.286985935120407021e+01
-2.000000000000000000e+00 1.278736614906934221e+01
-2.000000000000000000e+00 1.278736614120689019e+01
-2.000000000000000000e+00 1.256779397674346122e+01
-2.000000000000000000e+00 1.254833462015966639e+01
-2.000000000000000000e+00 1.254833459308266264e+01
-2.000000000000000000e+00 1.246964771454636534e+01
-2.000000000000000000e+00 1.204541006828801031e+01
-2.000000000000000000e+00 1.194772277602831423e+01
-2.000000000000000000e+00 1.182802732882186980e+01
-2.000000000000000000e+00 1.182802731068620439e+01
-2.000000000000000000e+00 1.172766203649535477e+01
-2.000000000000000000e+00 1.154613457726854442e+01
-2.000000000000000000e+00 1.153950612441673584e+01
-2.000000000000000000e+00 1.153950611157888062e+01
-2.000000000000000000e+00 1.148822836468535691e+01
-2.000000000000000000e+00 1.127174432454512321e+01
-2.000000000000000000e+00 1.127174431435664204e+01
-2.000000000000000000e+00 1.125173417128620912e+01
-2.000000000000000000e+00 1.121567619274381933e+01
-2.000000000000000000e+00 1.121567617352740065e+01
-2.000000000000000000e+00 1.120650540619660518e+01
-2.000000000000000000e+00 1.114229886465792063e+01
-2.000000000000000000e+00 1.114229885034177769e+01
-2.000000000000000000e+00 1.114124157814320171e+01
-2.000000000000000000e+00 1.110550814880656567e+01
-2.000000000000000000e+00 1.110550813586445251e+01
-2.000000000000000000e+00 1.095419325583895898e+01
-2.000000000000000000e+00 1.090964722002276766e+01
-2.000000000000000000e+00 1.085010764893743662e+01
-2.000000000000000000e+00 1.085010763562793557e+01
-2.000000000000000000e+00 1.082871564224375582e+01
-2.000000000000000000e+00 1.082862290337388700e+01
-2.000000000000000000e+00 1.082862288549731389e+01
-2.000000000000000000e+00 1.081005230513630266e+01
-2.000000000000000000e+00 1.081005229165671011e+01
-2.000000000000000000e+00 1.069339053724016075e+01
-2.000000000000000000e+00 1.067163533776180984e+01
-2.000000000000000000e+00 1.066365349955632347e+01
-2.000000000000000000e+00 1.066365346150012172e+01
-2.000000000000000000e+00 1.062880609885906580e+01
-2.000000000000000000e+00 1.005186551498461256e+01
-2.000000000000000000e+00 1.005186551472190004e+01
-2.000000000000000000e+00 1.004333965140333795e+01
-2.000000000000000000e+00 9.649815842284999334e+00
-2.000000000000000000e+00 9.454023026086666448e+00
-2.000000000000000000e+00 9.221770236377327734e+00
-2.000000000000000000e+00 9.034041362457957192e+00
-2.000000000000000000e+00 9.034041337802667826e+00
-2.000000000000000000e+00 8.922992911159751017e+00
-2.000000000000000000e+00 8.800326384322673334e+00
-2.000000000000000000e+00 8.763826947596699668e+00
-2.000000000000000000e+00 8.702802803920693719e+00
-2.000000000000000000e+00 8.702802784512456924e+00
-2.000000000000000000e+00 8.286554589286160066e+00
-2.000000000000000000e+00 8.008879329798608282e+00
-2.000000000000000000e+00 7.942374837512886643e+00
-2.000000000000000000e+00 7.942374837449152736e+00
-2.000000000000000000e+00 6.473188985775114368e+00
-2.000000000000000000e+00 6.165835244544953575e+00
-2.000000000000000000e+00 6.165835235555163329e+00
-2.000000000000000000e+00 6.130821221335539306e+00
-2.000000000000000000e+00 4.289113246679546521e+00
-2.000000000000000000e+00 4.289113236097899851e+00
-2.000000000000000000e+00 3.887065145474246197e+00
-2.000000000000000000e+00 3.785754631880556609e+00
-1.500000000000000000e+00 1.384123160524386797e+01
-1.500000000000000000e+00 1.384123154213498630e+01
-1.500000000000000000e+00 1.382821745800280411e+01
-1.500000000000000000e+00 1.382821744788301999e+01
-1.500000000000000000e+00 1.380451669060335007e+01
-1.500000000000000000e+00 1.380451660473316622e+01
-1.500000000000000000e+00 1.363737735934013529e+01
-1.500000000000000000e+00 1.363737714323871053e+01
-1.500000000000000000e+00 1.357649690840001178e+01
-1.500000000000000000e+00 1.357649678601283227e+01
-1.500000000000000000e+00 1.346279778798866644e+01
-1.500000000000000000e+00 1.346279775116127020e+01
-1.500000000000000000e+00 1.332352070044351677e+01
-1.500000000000000000e+00 1.332352065428512766e+01
-1.500000000000000000e+00 1.331149898980899771e+01
-1.500000000000000000e+00 1.331149876298221102e+01
-1.500000000000000000e+00 1.316620897256198575e+01
-1.500000000000000000e+00 1.316620865774228299e+01
-1.500000000000000000e+00 1.303275062747961144e+01
-1.500000000000000000e+00 1.303275041898621645e+01
-1.500000000000000000e+00 1.293246458190691861e+01
-1.500000000000000000e+00 1.293246456170647463e+01
-1.500000000000000000e+00 1.279687399648085311e+01
-1.500000000000000000e+00 1.279687360505484683e+01
-1.500000000000000000e+00 1.279434577597339739e+01
-1.500000000000000000e+00 1.279434577085499924e+01
-1.500000000000000000e+00 1.277513178255271242e+01
-1.500000000000000000e+00 1.277513169986327135e+01
-1.500000000000000000e+00 1.246861526142335030e+01
-1.500000000000000000e+00 1.246861520587564875e+01
-1.500000000000000000e+00 1.229434505604374550e+01
-1.500000000000000000e+00 1.229434482354863789e+01
-1.500000000000000000e+00 1.222632125365293909e+01
-1.500000000000000000e+00 1.222632122936286336e+01
-1.500000000000000000e+00 1.216182810805638681e+01
-1.500000000000000000e+00 1.216182801144117676e+01
-1.500000000000000000e+00 1.208996163524501455e+01
-1.500000000000000000e+00 1.208996150412821535e+01
-1.500000000000000000e+00 1.208787638323055091e+01
-1.500000000000000000e+00 1.208787638275705056e+01
-1.500000000000000000e+00 1.204600100343625790e+01
-1.500000000000000000e+00 1.204600098546222142e+01
-1.500000000000000000e+00 1.200838602671834643e+01
-1.500000000000000000e+00 1.200838591968479463e+01
-1.500000000000000000e+00 1.187796926890634452e+01
-1.500000000000000000e+00 1.187796925332856013e+01
-1.500000000000000000e+00 1.166772730127521562e+01
-1.500000000000000000e+00 1.166772730054939800e+01
-1.500000000000000000e+00 1.147606761230123773e+01
-1.500000000000000000e+00 1.147606758274652528e+01
-1.500000000000000000e+00 1.111805824871970039e+01
-1.500000000000000000e+00 1.111805820537858658e+01
-1.500000000000000000e+00 1.094909161864155145e+01
-1.500000000000000000e+00 1.094909153086720899e+01
-1.500000000000000000e+00 1.059313000091629320e+01
-1.500000000000000000e+00 1.059312992559232391e+01
-1.500000000000000000e+00 1.058924976005181762e+01
-1.500000000000000000e+00 1.058924969795326732e+01
-1.500000000000000000e+00 1.055298377981510782e+01
-1.500000000000000000e+00 1.055298371567706184e+01
-1.500000000000000000e+00 1.047912191728258513e+01
-1.500000000000000000e+00 1.047912174815931330e+01
-1.500000000000000000e+00 1.023141310310631269e+01
-1.500000000000000000e+00 1.023141309263001908e+01
-1.500000000000000000e+00 1.016023685761506457e+01
-1.500000000000000000e+00 1.016023675630369283e+01
-1.500000000000000000e+00 1.007951305492715832e+01
-1.500000000000000000e+00 1.007951303068644222e+01
-1.500000000000000000e+00 1.005006472949585472e+01
-1.500000000000000000e+00 1.005006458722066931e+01
-1.500000000000000000e+00 9.997431689362452190e+00
-1.500000000000000000e+00 9.997431667507612474e+00
-1.500000000000000000e+00 9.945379986126143379e+00
-1.500000000000000000e+00 9.945379935265149740e+00
-1.500000000000000000e+00 9.845128440711224727e+00
-1.500000000000000000e+00 9.845128310774491354e+00
-1.500000000000000000e+00 8.496828634530340096e+00
-1.500000000000000000e+00 8.496828601207004894e+00
-1.500000000000000000e+00 8.422571172218594526e+00
-1.500000000000000000e+00 8.422571152248092829e+00
-1.500000000000000000e+00 8.406105228212926050e+00
-1.500000000000000000e+00 8.406105210598273203e+00
-1.500000000000000000e+00 8.401541902917001536e+00
-1.500000000000000000e+00 8.401541758013490124e+00
-1.500000000000000000e+00 8.041915619478396948e+00
-1.500000000000000000e+00 8.041915608184353914e+00
-1.500000000000000000e+00 7.986101081438349070e+00
-1.500000000000000000e+00 7.986101045320612712e+00
-1.500000000000000000e+00 7.935635030755416430e+00
-1.500000000000000000e+00 7.935634989214457313e+00
-1.500000000000000000e+00 7.772073294960373246e+00
-1.500000000000000000e+00 7.772073285284430533e+00
-1.500000000000000000e+00 7.477877320409946904e+00
-1.500000000000000000e+00 7.477877223256871098e+00
-1.500000000000000000e+00 7.039926045883238892e+00
-1.500000000000000000e+00 7.039926039915826550e+00
-1.500000000000000000e+00 6.263046591181276490e+00
-1.500000000000000000e+00 6.263046492419814371e+00
-1.500000000000000000e+00 3.136075363781454683e+00
-1.500000000000000000e+00 3.136075363174395392e+00
-1.000000000000000000e+00 1.389402531832897836e+01
-1.000000000000000000e+00 1.389402512090016728e+01
-1.000000000000000000e+00 1.385796695081034891e+01
-1.000000000000000000e+00 1.381448799986199205e+01
-1.000000000000000000e+00 1.381448782107696793e+01
-1.000000000000000000e+00 1.334255371876135499e+01
-1.000000000000000000e+00 1.321145675217234228e+01
-1.000000000000000000e+00 1.321145673724411829e+01
-1.000000000000000000e+00 1.294476106631650403e+01
-1.000000000000000000e+00 1.294126270051757288e+01
-1.000000000000000000e+00 1.288369630465944304e+01
-1.000000000000000000e+00 1.288369624379443756e+01
-1.000000000000000000e+00 1.284277520285076690e+01
-1.000000000000000000e+00 1.276926003347516847e+01
-1.000000000000000000e+00 1.266523351497940375e+01
-1.000000000000000000e+00 1.266523313387788185e+01
-1.000000000000000000e+00 1.261784521205827936e+01
-1.000000000000000000e+00 1.250477347931353655e+01
-1.000000000000000000e+00 1.247313325507233195e+01
-1.000000000000000000e+00 1.244970235675654102e+01
-1.000000000000000000e+00 1.244970203356743887e+01
-1.000000000000000000e+00 1.240057721584538974e+01
-1.000000000000000000e+00 1.240057715122057758e+01
-1.000000000000000000e+00 1.229822934443801863e+01
-1.000000000000000000e+00 1.229822930328989372e+01
-1.000000000000000000e+00 1.228719273887089436e+01
-1.000000000000000000e+00 1.221131406747302073e+01
-1.000000000000000000e+00 1.215726965365952950e+01
-1.000000000000000000e+00 1.212203086906791860e+01
-1.000000000000000000e+00 1.212203086065709456e+01
-1.000000000000000000e+00 1.207834953482735685e+01
-1.000000000000000000e+00 1.207834951544161406e+01
-1.000000000000000000e+00 1.200989294319637146e+01
-1.000000000000000000e+00 1.192856779906086473e+01
-1.000000000000000000e+00 1.192266855531418912e+01
-1.000000000000000000e+00 1.192266851453927323e+01
-1.000000000000000000e+00 1.189903687274370192e+01
-1.000000000000000000e+00 1.188963262071119509e+01
-1.000000000000000000e+00 1.181167312435010075e+01
-1.000000000000000000e+00 1.177959254151619284e+01
-1.000000000000000000e+00 1.177959249226172567e+01
-1.000000000000000000e+00 1.177816412806787483e+01
-1.000000000000000000e+00 1.169571369147429785e+01
-1.000000000000000000e+00 1.169571322618933706e+01
-1.000000000000000000e+00 1.135806319276731102e+01
-1.000000000000000000e+00 1.128780128406156358e+01
-1.000000000000000000e+00 1.125332541958158039e+01
-1.000000000000000000e+00 1.124494314942793416e+01
-1.000000000000000000e+00 1.117915853988827202e+01
-1.000000000000000000e+00 1.117915792517048068e+01
-1.000000000000000000e+00 1.113160709407522120e+01
-1.000000000000000000e+00 1.113160697459960602e+01
-1.000000000000000000e+00 1.110941836115685888e+01
-1.000000000000000000e+00 1.103847386411460185e+01
-1.000000000000000000e+00 1.102390675245893092e+01
-1.000000000000000000e+00 1.102390673701113144e+01
-1.000000000000000000e+00 1.088610930897870155e+01
-1.000000000000000000e+00 1.075693994283445498e+01
-1.000000000000000000e+00 1.073216434063946600e+01
-1.000000000000000000e+00 1.053461875437300321e+01
-1.000000000000000000e+00 1.047033224121484629e+01
-1.000000000000000000e+00 1.047033207380643738e+01
-1.000000000000000000e+00 1.026360676273538530e+01
-1.000000000000000000e+00 1.026360667829649920e+01
-1.000000000000000000e+00 1.026152319926666046e+01
-1.000000000000000000e+00 1.022685084812211898e+01
-1.000000000000000000e+00 1.019459203964099814e+01
-1.000000000000000000e+00 1.007690149306165317e+01
-1.000000000000000000e+00 1.003417261883594414e+01
-1.000000000000000000e+00 1.003417257464940349e+01
-1.000000000000000000e+00 9.695255342617056016e+00
-1.000000000000000000e+00 9.695255341967959239e+00
-1.000000000000000000e+00 9.571322352750906148e+00
-1.000000000000000000e+00 9.571322236285991991e+00
-1.000000000000000000e+00 9.544696529525779738e+00
-1.000000000000000000e+00 9.517969238977411095e+00
-1.000000000000000000e+00 9.511244411235228569e+00
-1.000000000000000000e+00 9.511244356477739359e+00
-1.000000000000000000e+00 9.302517167897137895e+00
-1.000000000000000000e+00 9.302516968780045303e+00
-1.000000000000000000e+00 9.075785542119664484e+00
-1.000000000000000000e+00 8.787912815501861985e+00
-1.000000000000000000e+00 8.240311658147776441e+00
-1.000000000000000000e+00 7.587892549256081587e+00
-1.000000000000000000e+00 7.554783365142151652e+00
-1.000000000000000000e+00 7.532007527817393466e+00
-1.000000000000000000e+00 7.532007484280160980e+00
-1.000000000000000000e+00 7.335768393745632387e+00
-1.000000000000000000e+00 7.300222239467258234e+00
-1.000000000000000000e+00 7.251974997617169016e+00
-1.000000000000000000e+00 7.235477001143928000e+00
-1.000000000000000000e+00 7.235476989469971087e+00
-1.000000000000000000e+00 6.901003938540688054e+00
-1.000000000000000000e+00 6.901003870931799788e+00
-1.000000000000000000e+00 6.706850644676575435e+00
-1.000000000000000000e+00 5.482013092614018923e+00
-1.000000000000000000e+00 5.437849775166433197e+00
-1.000000000000000000e+00 5.437849723723195972e+00
-1.000000000000000000e+00 5.274217778785115662e+00
-1.000000000000000000e+00 3.043903151373866134e+00
-5.000000000000000000e-01 1.335626978112778040e+01
-5.000000000000000000e-01 1.335626971309218192e+01
-5.000000000000000000e-01 1.335228769746724353e+01
-5.000000000000000000e-01 1.335228767874448330e+01
-5.000000000000000000e-01 1.331044215609903780e+01
-5.000000000000000000e-01 1.331044211295233026e+01
-5.000000000000000000e-01 1.326904027329968727e+01
-5.000000000000000000e-01 1.326904018639206484e+01
-5.000000000000000000e-01 1.319944207894257282e+01
-5.000000000000000000e-01 1.319944198936368451e+01
-5.000000000000000000e-01 1.317430714221340615e+01
-5.000000000000000000e-01 1.317430699743968603e+01
-5.000000000000000000e-01 1.309951332480235742e+01
-5.000000000000000000e-01 1.309951321965210091e+01
-5.000000000000000000e-01 1.305888125489672724e+01
-5.000000000000000000e-01 1.305888120373775863e+01
-5.000000000000000000e-01 1.295758857591356161e+01
-5.000000000000000000e-01 1.295758855049135683e+01
-5.000000000000000000e-01 1.289426413302287244e+01
-5.000000000000000000e-01 1.289426411543549733e+01
-5.000000000000000000e-01 1.250419687035673988e+01
-5.000000000000000000e-01 1.250419686156122445e+01
-5.000000000000000000e-01 1.249205348752023959e+01
-5.000000000000000000e-01 1.249205297940008741e+01
-5.000000000000000000e-01 1.214077780538879914e+01
-5.000000000000000000e-01 1.214077766776976475e+01
-5.000000000000000000e-01 1.208641660685224117e+01
-5.000000000000000000e-01 1.208641590169763269e+01
-5.000000000000000000e-01 1.192936052671239366e+01
-5.000000000000000000e-01 1.192936038447311020e+01
-5.000000000000000000e-01 1.179926045061363027e+01
-5.000000000000000000e-01 1.179926029444554203e+01
-5.000000000000000000e-01 1.166534186058195033e+01
-5.000000000000000000e-01 1.166534176920452914e+01
-5.000000000000000000e-01 1.163856278114470832e+01
-5.000000000000000000e-01 1.163856276107864574e+01
-5.000000000000000000e-01 1.158586365214168978e+01
-5.000000000000000000e-01 1.158586361022432420e+01
-5.000000000000000000e-01 1.147908915721718515e+01
-5.000000000000000000e-01 1.147908895211232583e+01
-5.000000000000000000e-01 1.147131862875903963e+01
-5.000000000000000000e-01 1.147131832535752061e+01
-5.000000000000000000e-01 1.138858558184401915e+01
-5.000000000000000000e-01 1.138858557617721701e+01
-5.000000000000000000e-01 1.130556838718016444e+01
-5.000000000000000000e-01 1.130556819955365633e+01
-5.000000000000000000e-01 1.126407811558197203e+01
-5.000000000000000000e-01 1.126407809252132886e+01
-5.000000000000000000e-01 1.108461171724620797e+01
-5.000000000000000000e-01 1.108461163460167853e+01
-5.000000000000000000e-01 1.103493205240790509e+01
-5.000000000000000000e-01 1.103493204319754817e+01
-5.000000000000000000e-01 1.102889356222926054e+01
-5.000000000000000000e-01 1.102889350450818640e+01
-5.000000000000000000e-01 1.094709671609176560e+01
-5.000000000000000000e-01 1.094709666256369296e+01
-5.000000000000000000e-01 1.028450925044917597e+01
-5.000000000000000000e-01 1.028450892330901034e+01
-5.000000000000000000e-01 1.015015599259117529e+01
-5.000000000000000000e-01 1.015015586636614131e+01
-5.000000000000000000e-01 1.006160685297526136e+01
-5.000000000000000000e-01 1.006160684257457483e+01
-5.000000000000000000e-01 9.629956498173516621e+00
-5.000000000000000000e-01 9.629956446964346384e+00
-5.000000000000000000e-01 9.575705664181603183e+00
-5.000000000000000000e-01 9.575705609190661605e+00
-5.000000000000000000e-01 9.522868345807964374e+00
-5.000000000000000000e-01 9.522868276843478696e+00
-5.000000000000000000e-01 9.353248082097008975e+00
-5.000000000000000000e-01 9.353247801245228032e+00
-5.000000000000000000e-01 9.302026405695100308e+00
-5.000000000000000000e-01 9.302026345246769523e+00
-5.000000000000000000e-01 9.203545889902073895e+00
-5.000000000000000000e-01 9.203545868240533778e+00
-5.000000000000000000e-01 9.138831182257977304e+00
-5.000000000000000000e-01 9.138831172581376450e+00
-5.000000000000000000e-01 8.990334596902098241e+00
-5.000000000000000000e-01 8.990334496785619578e+00
-5.000000000000000000e-01 8.625525303035617597e+00
-5.000000000000000000e-01 8.625525302913130687e+00
-5.000000000000000000e-01 8.590479852393947624e+00
-5.000000000000000000e-01 8.590479780671751442e+00
-5.000000000000000000e-01 8.102862595872634799e+00
-5.000000000000000000e-01 8.102862567066473787e+00
-5.000000000000000000e-01 7.890699565108858060e+00
-5.000000000000000000e-01 7.890699481076618227e+00
-5.000000000000000000e-01 7.084214569053927768e+00
-5.000000000000000000e-01 7.084214485523060212e+00
-5.000000000000000000e-01 6.867964798033107776e+00
-5.000000000000000000e-01 6.867964680272900857e+00
-5.000000000000000000e-01 6.656546131110026465e+00
-5.000000000000000000e-01 6.656546125945539849e+00
-5.000000000000000000e-01 6.535840547041215309e+00
-5.000000000000000000e-01 6.535840507103829466e+00
-5.000000000000000000e-01 6.411465432293081967e+00
-5.000000000000000000e-01 6.411465405067462875e+00
-5.000000000000000000e-01 4.539052521101499593e+00
-5.000000000000000000e-01 4.539052512555009855e+00
-5.000000000000000000e-01 2.066953930869305900e+00
-5.000000000000000000e-01 2.066953911331113058e+00
0.000000000000000000e+00 1.283672875153942705e+01
0.000000000000000000e+00 1.283672869864012611e+01
0.000000000000000000e+00 1.276010401226510282e+01
0.000000000000000000e+00 1.273499225605636731e+01
0.000000000000000000e+00 1.273499223668723346e+01
0.000000000000000000e+00 1.268212206726749081e+01
0.000000000000000000e+00 1.266464269452783320e+01
0.000000000000000000e+00 1.266311217525341348e+01
0.000000000000000000e+00 1.266311217293882407e+01
0.000000000000000000e+00 1.265716869601861561e+01
0.000000000000000000e+00 1.261678812806492544e+01
0.000000000000000000e+00 1.261678809244005173e+01
0.000000000000000000e+00 1.258245788509946905e+01
0.000000000000000000e+00 1.258245788464653891e+01
0.000000000000000000e+00 1.253117155420352091e+01
0.000000000000000000e+00 1.249413384364501844e+01
0.000000000000000000e+00 1.248230325305994803e+01
0.000000000000000000e+00 1.244870212836958423e+01
0.000000000000000000e+00 1.244870211167156882e+01
0.000000000000000000e+00 1.241913269066841785e+01
0.000000000000000000e+00 1.241913268055684227e+01
0.000000000000000000e+00 1.239936436317157131e+01
0.000000000000000000e+00 1.230561044344604404e+01
0.000000000000000000e+00 1.228042185152720300e+01
0.000000000000000000e+00 1.224884142246799534e+01
0.000000000000000000e+00 1.224884138246843257e+01
0.000000000000000000e+00 1.221695873087026740e+01
0.000000000000000000e+00 1.221695867749011200e+01
0.000000000000000000e+00 1.219137883436693137e+01
0.000000000000000000e+00 1.217012403909009599e+01
0.000000000000000000e+00 1.211285423639989034e+01
0.000000000000000000e+00 1.211285403003241079e+01
0.000000000000000000e+00 1.195777301627719957e+01
0.000000000000000000e+00 1.191008419683321584e+01
0.000000000000000000e+00 1.186626126025274885e+01
0.000000000000000000e+00 1.186626110865924488e+01
0.000000000000000000e+00 1.142203810771755990e+01
0.000000000000000000e+00 1.132516622076004253e+01
0.000000000000000000e+00 1.124424063045746358e+01
0.000000000000000000e+00 1.124424053337341256e+01
0.000000000000000000e+00 1.114892852773490972e+01
0.000000000000000000e+00 1.114892851197343937e+01
0.000000000000000000e+00 1.114698811824752056e+01
0.000000000000000000e+00 1.114384928702498101e+01
0.000000000000000000e+00 1.110185367158145020e+01
0.000000000000000000e+00 1.107635536741157267e+01
0.000000000000000000e+00 1.096008441935451394e+01
0.000000000000000000e+00 1.081902322333185396e+01
0.000000000000000000e+00 1.079729042745897338e+01
0.000000000000000000e+00 1.079729041859015304e+01
0.000000000000000000e+00 1.079100186419695895e+01
0.000000000000000000e+00 1.079100147434937718e+01
0.000000000000000000e+00 1.077012871473647238e+01
0.000000000000000000e+00 1.077012869904823411e+01
0.000000000000000000e+00 1.061899552435028760e+01
0.000000000000000000e+00 1.061899552064457630e+01
0.000000000000000000e+00 1.061237605858798361e+01
0.000000000000000000e+00 1.057184112922453423e+01
0.000000000000000000e+00 1.056885079186797505e+01
0.000000000000000000e+00 1.053632945540155319e+01
0.000000000000000000e+00 1.053632938830071630e+01
0.000000000000000000e+00 1.042843829337110684e+01
0.000000000000000000e+00 1.042843828533134953e+01
0.000000000000000000e+00 1.039848900194843750e+01
0.000000000000000000e+00 1.036481475859606682e+01
0.000000000000000000e+00 1.036481473239574491e+01
0.000000000000000000e+00 1.036432498058676899e+01
0.000000000000000000e+00 1.036432496301696382e+01
0.000000000000000000e+00 1.029022379677667232e+01
0.000000000000000000e+00 1.021366831009083675e+01
0.000000000000000000e+00 1.011887631494276363e+01
0.000000000000000000e+00 1.011887629403901556e+01
0.000000000000000000e+00 1.005403210170142003e+01
0.000000000000000000e+00 9.193825742243131316e+00
0.000000000000000000e+00 9.164702203649824241e+00
0.000000000000000000e+00 9.139411802522243278e+00
0.000000000000000000e+00 9.139411800574835709e+00
0.000000000000000000e+00 9.135418722876670117e+00
0.000000000000000000e+00 8.775914110547089919e+00
0.000000000000000000e+00 8.593474651600903513e+00
0.000000000000000000e+00 8.523275696028351334e+00
0.000000000000000000e+00 8.523275518700698328e+00
0.000000000000000000e+00 8.443885872004141646e+00
0.000000000000000000e+00 8.443885800254387064e+00
0.000000000000000000e+00 8.350197367215152155e+00
0.000000000000000000e+00 8.305287069790134424e+00
0.000000000000000000e+00 7.299004449395066096e+00
0.000000000000000000e+00 6.647084908990207097e+00
0.000000000000000000e+00 6.429257188576392501e+00
0.000000000000000000e+00 6.360094029613395428e+00
0.000000000000000000e+00 6.360094011081152132e+00
0.000000000000000000e+00 6.253521321364089225e+00
0.000000000000000000e+00 6.253521277464108685e+00
0.000000000000000000e+00 6.218398327436102768e+00
0.000000000000000000e+00 6.102859797128028063e+00
0.000000000000000000e+00 5.572815486962127807e+00
0.000000000000000000e+00 5.533381890805440406e+00
0.000000000000000000e+00 5.533381874696389424e+00
0.000000000000000000e+00 3.601805452098342020e+00
0.000000000000000000e+00 1.378488709648098443e+00
5.000000000000000000e-01 1.427652516683988715e+01
5.000000000000000000e-01 1.427652510663213370e+01
5.000000000000000000e-01 1.420248274275927258e+01
5.000000000000000000e-01 1.420248269894607951e+01
5.000000000000000000e-01 1.413475664188647052e+01
5.000000000000000000e-01 1.413475662110884379e+01
5.000000000000000000e-01 1.382524609603096089e+01
5.000000000000000000e-01 1.382524547539881432e+01
5.000000000000000000e-01 1.373884496481981898e+01
5.000000000000000000e-01 1.373884494960115710e+01
5.000000000000000000e-01 1.372300678019943554e+01
5.000000000000000000e-01 1.372300651016315598e+01
5.000000000000000000e-01 1.352664964642286272e+01
5.000000000000000000e-01 1.352664959801872335e+01
5.000000000000000000e-01 1.336778964971730232e+01
5.000000000000000000e-01 1.336778944792850154e+01
5.000000000000000000e-01 1.328155837997881861e+01
5.000000000000000000e-01 1.328155805283391544e+01
5.000000000000000000e-01 1.317666459226474096e+01
5.000000000000000000e-01 1.317666443554477773e+01
5.000000000000000000e-01 1.315638265277458352e+01
5.000000000000000000e-01 1.315638251551189875e+01
5.000000000000000000e-01 1.312077410589981241e+01
5.000000000000000000e-01 1.312077362560421889e+01
5.000000000000000000e-01 1.310088300398358285e+01
5.000000000000000000e-01 1.310088298159901932e+01
5.000000000000000000e-01 1.301497515272699879e+01
5.000000000000000000e-01 1.301497504124265170e+01
5.000000000000000000e-01 1.293631240129690241e+01
5.000000000000000000e-01 1.293631208255861331e+01
5.000000000000000000e-01 1.284287255920138371e+01
5.000000000000000000e-01 1.284287249044503554e+01
5.000000000000000000e-01 1.276165922428761235e+01
5.000000000000000000e-01 1.276165912041264683e+01
5.000000000000000000e-01 1.264837183994179881e+01
5.000000000000000000e-01 1.264837167407115714e+01
5.000000000000000000e-01 1.258845937101417256e+01
5.000000000000000000e-01 1.258845915646550395e+01
5.000000000000000000e-01 1.255659516376895546e+01
5.000000000000000000e-01 1.255659512782920473e+01
5.000000000000000000e-01 1.240380323467909385e+01
5.000000000000000000e-01 1.240380288588720958e+01
5.000000000000000000e-01 1.238529711915174225e+01
5.000000000000000000e-01 1.238529711415790580e+01
5.000000000000000000e-01 1.215570397642292022e+01
5.000000000000000000e-01 1.215570397481827492e+01
5.000000000000000000e-01 1.200656427485765221e+01
5.000000000000000000e-01 1.200656408282439180e+01
5.000000000000000000e-01 1.171929449390962219e+01
5.000000000000000000e-01 1.171929434320651708e+01
5.000000000000000000e-01 1.155509609978148333e+01
5.000000000000000000e-01 1.155509597984297088e+01
5.000000000000000000e-01 1.149117277647536461e+01
5.000000000000000000e-01 1.149117259123379853e+01
5.000000000000000000e-01 1.093468489300537350e+01
5.000000000000000000e-01 1.093468488078786827e+01
5.000000000000000000e-01 1.066485683426729203e+01
5.000000000000000000e-01 1.066485666633598939e+01
5.000000000000000000e-01 1.054528267624033688e+01
5.000000000000000000e-01 1.054528266711972506e+01
5.000000000000000000e-01 1.043548243862593061e+01
5.000000000000000000e-01 1.043548242518831337e+01
5.000000000000000000e-01 1.024474750371551934e+01
5.000000000000000000e-01 1.024474747772451622e+01
5.000000000000000000e-01 1.017233827377652666e+01
5.000000000000000000e-01 1.017233815758229554e+01
5.000000000000000000e-01 1.009343510066222294e+01
5.000000000000000000e-01 1.009343505646286232e+01
5.000000000000000000e-01 1.008823277776994765e+01
5.000000000000000000e-01 1.008823266885454473e+01
5.000000000000000000e-01 9.808289628053898923e+00
5.000000000000000000e-01 9.808289565402029453e+00
5.000000000000000000e-01 9.732113695667949926e+00
5.000000000000000000e-01 9.732113695548221699e+00
5.000000000000000000e-01 9.694048512266165929e+00
5.000000000000000000e-01 9.694048510641781746e+00
5.000000000000000000e-01 9.690795116869532322e+00
5.000000000000000000e-01 9.690795038183077637e+00
5.000000000000000000e-01 9.551113690924047717e+00
5.000000000000000000e-01 9.551113673521888003e+00
5.000000000000000000e-01 9.497312380384032693e+00
5.000000000000000000e-01 9.497312359233765378e+00
5.000000000000000000e-01 9.307724980084717714e+00
5.000000000000000000e-01 9.307724882220153262e+00
5.000000000000000000e-01 9.029302334409617714e+00
5.000000000000000000e-01 9.029301950168239443e+00
5.000000000000000000e-01 8.487287310584235911e+00
5.000000000000000000e-01 8.487287281501098235e+00
5.000000000000000000e-01 8.366663323004484454e+00
5.000000000000000000e-01 8.366663123732632101e+00
5.000000000000000000e-01 8.150654926199415229e+00
5.000000000000000000e-01 8.150654900159727489e+00
5.000000000000000000e-01 7.660271624768609122e+00
5.000000000000000000e-01 7.660271352943446743e+00
5.000000000000000000e-01 6.015934124748206990e+00
5.000000000000000000e-01 6.015934058850596067e+00
5.000000000000000000e-01 5.546068033731864411e+00
5.000000000000000000e-01 5.546067992355826703e+00
5.000000000000000000e-01 4.982613648748023039e+00
5.000000000000000000e-01 4.982613616004448964e+00
1.000000000000000000e+00 1.435087630919474577e+01
1.000000000000000000e+00 1.429308223223417507e+01
1.000000000000000000e+00 1.424245044279160943e+01
1.000000000000000000e+00 1.422530523569662186e+01
1.000000000000000000e+00 1.422282878292605623e+01
1.000000000000000000e+00 1.422282875523022838e+01
1.000000000000000000e+00 1.418503467556250541e+01
1.000000000000000000e+00 1.418503437160450353e+01
1.000000000000000000e+00 1.415936838551535359e+01
1.000000000000000000e+00 1.412603787042144354e+01
1.000000000000000000e+00 1.412603757388153447e+01
1.000000000000000000e+00 1.409344682861018505e+01
1.000000000000000000e+00 1.408293063216341068e+01
1.000000000000000000e+00 1.400762505049706874e+01
1.000000000000000000e+00 1.400549872611775726e+01
1.000000000000000000e+00 1.392324308850476022e+01
1.000000000000000000e+00 1.392324278432317719e+01
1.000000000000000000e+00 1.385410682665687787e+01
1.000000000000000000e+00 1.380422989741766848e+01
1.000000000000000000e+00 1.367215004254793875e+01
1.000000000000000000e+00 1.367215002100040522e+01
1.000000000000000000e+00 1.364130269297690212e+01
1.000000000000000000e+00 1.364130268476893981e+01
1.000000000000000000e+00 1.363526299668980357e+01
1.000000000000000000e+00 1.358297996706818545e+01
1.000000000000000000e+00 1.358297973601170661e+01
1.000000000000000000e+00 1.357665185165565980e+01
1.000000000000000000e+00 1.352089856709975457e+01
1.000000000000000000e+00 1.351138949587233995e+01
1.000000000000000000e+00 1.351138932648434476e+01
1.000000000000000000e+00 1.346429829905797426e+01
1.000000000000000000e+00 1.343584444344290674e+01
1.000000000000000000e+00 1.343584420541807312e+01
1.000000000000000000e+00 1.343101622872133127e+01
1.000000000000000000e+00 1.283375916575559650e+01
1.000000000000000000e+00 1.279875286769158471e+01
1.000000000000000000e+00 1.279493787076902400e+01
1.000000000000000000e+00 1.279493784196098893e+01
1.000000000000000000e+00 1.278379311601322321e+01
1.000000000000000000e+00 1.276434638181977732e+01
1.000000000000000000e+00 1.267907695852694872e+01
1.000000000000000000e+00 1.267907685077003421e+01
1.000000000000000000e+00 1.244944216078905974e+01
1.000000000000000000e+00 1.233577557831888960e+01
1.000000000000000000e+00 1.233577547492549797e+01
1.000000000000000000e+00 1.232876449085178372e+01
1.000000000000000000e+00 1.232876443753313822e+01
1.000000000000000000e+00 1.230010095997879382e+01
1.000000000000000000e+00 1.229763746795682344e+01
1.000000000000000000e+00 1.229763714670471941e+01
1.000000000000000000e+00 1.227651900928519879e+01
1.000000000000000000e+00 1.226164673910908398e+01
1.000000000000000000e+00 1.218814150407080099e+01
1.000000000000000000e+00 1.218814146804091614e+01
1.000000000000000000e+00 1.216691103927293227e+01
1.000000000000000000e+00 1.213477799750189590e+01
1.000000000000000000e+00 1.211737903189070309e+01
1.000000000000000000e+00 1.211737880908327369e+01
1.000000000000000000e+00 1.197109157163276194e+01
1.000000000000000000e+00 1.197109154049102386e+01
1.000000000000000000e+00 1.187358762677235369e+01
1.000000000000000000e+00 1.187358755084818540e+01
1.000000000000000000e+00 1.181845189062246959e+01
1.000000000000000000e+00 1.178377019890380417e+01
1.000000000000000000e+00 1.178376996158578294e+01
1.000000000000000000e+00 1.177455993804721857e+01
1.000000000000000000e+00 1.155606098060050613e+01
1.000000000000000000e+00 1.155606088563045297e+01
1.000000000000000000e+00 1.152453209995745276e+01
1.000000000000000000e+00 1.149788553229805821e+01
1.000000000000000000e+00 1.116735354315653339e+01
1.000000000000000000e+00 1.085044453271077280e+01
1.000000000000000000e+00 1.085044437972586273e+01
1.000000000000000000e+00 1.075730883432597551e+01
1.000000000000000000e+00 1.030712213790818588e+01
1.000000000000000000e+00 1.028594345074121108e+01
1.000000000000000000e+00 1.028594343445690740e+01
1.000000000000000000e+00 1.021231474503679770e+01
1.000000000000000000e+00 1.008279650935529581e+01
1.000000000000000000e+00 9.971753277329963083e+00
1.000000000000000000e+00 9.971753204141789340e+00
1.000000000000000000e+00 9.821786212326117038e+00
1.000000000000000000e+00 9.638226984109595108e+00
1.000000000000000000e+00 9.463301945467312848e+00
1.000000000000000000e+00 9.441059807411937399e+00
1.000000000000000000e+00 9.393343678059364876e+00
1.000000000000000000e+00 9.393343656684551846e+00
1.000000000000000000e+00 9.258346731104573735e+00
1.000000000000000000e+00 9.258346685292172751e+00
1.000000000000000000e+00 8.991433212395206098e+00
1.000000000000000000e+00 8.665673761204702785e+00
1.000000000000000000e+00 8.650564352363533160e+00
1.000000000000000000e+00 7.454356705490496005e+00
1.000000000000000000e+00 7.398972613699011269e+00
1.000000000000000000e+00 7.398972612848037755e+00
1.000000000000000000e+00 6.670277526938683366e+00
1.000000000000000000e+00 5.394787668387809099e+00
1.000000000000000000e+00 5.199497465173607225e+00
1.000000000000000000e+00 4.935449594597660194e+00
1.000000000000000000e+00 4.935449582103268007e+00
1.500000000000000000e+00 1.566907418281397923e+01
1.500000000000000000e+00 1.566907416439031309e+01
1.500000000000000000e+00 1.549817874238995863e+01
1.500000000000000000e+00 1.549817868743947180e+01
1.500000000000000000e+00 1.542583797298102866e+01
1.500000000000000000e+00 1.542583777851912075e+01
1.500000000000000000e+00 1.512372454404266087e+01
1.500000000000000000e+00 1.512372451282690022e+01
1.500000000000000000e+00 1.506903894325178150e+01
1.500000000000000000e+00 1.506903883358886986e+01
1.500000000000000000e+00 1.496577316447061889e+01
1.500000000000000000e+00 1.496577310484789258e+01
1.500000000000000000e+00 1.494953553847994066e+01
1.500000000000000000e+00 1.494953547912738046e+01
1.500000000000000000e+00 1.488524832290417521e+01
1.500000000000000000e+00 1.488524822776951950e+01
1.500000000000000000e+00 1.486534834820028905e+01
1.500000000000000000e+00 1.486534827397279024e+01
1.500000000000000000e+00 1.471163648629116771e+01
1.500000000000000000e+00 1.471163642209564060e+01
1.500000000000000000e+00 1.469963316064779768e+01
1.500000000000000000e+00 1.469963315419733263e+01
1.500000000000000000e+00 1.468492532843252896e+01
1.500000000000000000e+00 1.468492528129006836e+01
1.500000000000000000e+00 1.467495125497584851e+01
1.500000000000000000e+00 1.467495124343830781e+01
1.500000000000000000e+00 1.461128430343487672e+01
1.500000000000000000e+00 1.461128427390976015e+01
1.500000000000000000e+00 1.428423918309271734e+01
1.500000000000000000e+00 1.428423912490245584e+01
1.500000000000000000e+00 1.427533111466526528e+01
1.500000000000000000e+00 1.427533106437617505e+01
1.500000000000000000e+00 1.420039753044166808e+01
1.500000000000000000e+00 1.420039750336017548e+01
1.500000000000000000e+00 1.396606698140642422e+01
1.500000000000000000e+00 1.396606678678199565e+01
1.500000000000000000e+00 1.388895350427371156e+01
1.500000000000000000e+00 1.388895333030648693e+01
1.500000000000000000e+00 1.357642350046166513e+01
1.500000000000000000e+00 1.357642330483138515e+01
1.500000000000000000e+00 1.340567447568642123e+01
1.500000000000000000e+00 1.340567445284188430e+01
1.500000000000000000e+00 1.337242986560891289e+01
1.500000000000000000e+00 1.337242983224871828e+01
1.500000000000000000e+00 1.335239151420796411e+01
1.500000000000000000e+00 1.335239148081091720e+01
1.500000000000000000e+00 1.326482160934354226e+01
1.500000000000000000e+00 1.326482158079500095e+01
1.500000000000000000e+00 1.314657674730072756e+01
1.500000000000000000e+00 1.314657665096012629e+01
1.500000000000000000e+00 1.307856477266282269e+01
1.500000000000000000e+00 1.307856474726557572e+01
1.500000000000000000e+00 1.304080456861555071e+01
1.500000000000000000e+00 1.304080438524581709e+01
1.500000000000000000e+00 1.288496414270522550e+01
1.500000000000000000e+00 1.288496410873168863e+01
1.500000000000000000e+00 1.265985402188495890e+01
1.500000000000000000e+00 1.265985401426466872e+01
1.500000000000000000e+00 1.245965190889215002e+01
1.500000000000000000e+00 1.245965184027740236e+01
1.500000000000000000e+00 1.196997464585773230e+01
1.500000000000000000e+00 1.196997464357819219e+01
1.500000000000000000e+00 1.167783079982007877e+01
1.500000000000000000e+00 1.167783078845565470e+01
1.500000000000000000e+00 1.151636002311788332e+01
1.500000000000000000e+00 1.151635985817273422e+01
1.500000000000000000e+00 1.149633154288898496e+01
1.500000000000000000e+00 1.149633152993843410e+01
1.500000000000000000e+00 1.141845741646024770e+01
1.500000000000000000e+00 1.141845712383168276e+01
1.500000000000000000e+00 1.128755547076348620e+01
1.500000000000000000e+00 1.128755545583982567e+01
1.500000000000000000e+00 1.122450146761328504e+01
1.500000000000000000e+00 1.122450146057414599e+01
1.500000000000000000e+00 1.118118379869322254e+01
1.500000000000000000e+00 1.118118379158597442e+01
1.500000000000000000e+00 1.082124098231523490e+01
1.500000000000000000e+00 1.082124090872756916e+01
1.500000000000000000e+00 1.072999263089200639e+01
1.500000000000000000e+00 1.072999255795222773e+01
1.500000000000000000e+00 9.491138779225583022e+00
1.500000000000000000e+00 9.491138716826858612e+00
1.500000000000000000e+00 9.458184459085595464e+00
1.500000000000000000e+00 9.458184362642571230e+00
1.500000000000000000e+00 9.431450020166426640e+00
1.500000000000000000e+00 9.431450013381512676e+00
1.500000000000000000e+00 9.185804735928581266e+00
1.500000000000000000e+00 9.185804691651354048e+00
1.500000000000000000e+00 9.106960231113847115e+00
1.500000000000000000e+00 9.106960219354970576e+00
1.500000000000000000e+00 9.039636901001861347e+00
1.500000000000000000e+00 9.039636893658025585e+00
1.500000000000000000e+00 8.909686655845773018e+00
1.500000000000000000e+00 8.909686620050463191e+00
1.500000000000000000e+00 8.442327892483058704e+00
1.500000000000000000e+00 8.442327863493863660e+00
1.500000000000000000e+00 8.095351374041053205e+00
1.500000000000000000e+00 8.095351361665455769e+00
1.500000000000000000e+00 4.223385169046261822e+00
1.500000000000000000e+00 4.223385168418157143e+00
2.000000000000000000e+00 1.717612719284257849e+01
2.000000000000000000e+00 1.716908430686590137e+01
2.000000000000000000e+00 1.713019478492948977e+01
2.000000000000000000e+00 1.713019471161825535e+01
2.000000000000000000e+00 1.712369197666994580e+01
2.000000000000000000e+00 1.712369194025191987e+01
2.000000000000000000e+00 1.707640875242152134e+01
2.000000000000000000e+00 1.707640872347473504e+01
2.000000000000000000e+00 1.705879441245573247e+01
2.000000000000000000e+00 1.695489277832441743e+01
2.000000000000000000e+00 1.684284530831090976e+01
2.000000000000000000e+00 1.684284519830748295e+01
2.000000000000000000e+00 1.681988116953394297e+01
2.000000000000000000e+00 1.677331472191811557e+01
2.000000000000000000e+00 1.676441232998714881e+01
2.000000000000000000e+00 1.676441232574942930e+01
2.000000000000000000e+00 1.676409285289488338e+01
2.000000000000000000e+00 1.673541580998033851e+01
2.000000000000000000e+00 1.666829168720398613e+01
2.000000000000000000e+00 1.666829168335463507e+01
2.000000000000000000e+00 1.661782254439038198e+01
2.000000000000000000e+00 1.612921832176821724e+01
2.000000000000000000e+00 1.582602298497706705e+01
2.000000000000000000e+00 1.575795161218318263e+01
2.000000000000000000e+00 1.574649247102037641e+01
2.000000000000000000e+00 1.574649220917128645e+01
2.000000000000000000e+00 1.560671559773082073e+01
2.000000000000000000e+00 1.560671556710564900e+01
2.000000000000000000e+00 1.546526140050188047e+01
2.000000000000000000e+00 1.544918016144301198e+01
2.000000000000000000e+00 1.539267542908779340e+01
2.000000000000000000e+00 1.539267525494351929e+01
2.000000000000000000e+00 1.535718805571542589e+01
2.000000000000000000e+00 1.530579032547546703e+01
2.000000000000000000e+00 1.530579032054792243e+01
2.000000000000000000e+00 1.529674752457315456e+01
2.000000000000000000e+00 1.529674743276926030e+01
2.000000000000000000e+00 1.528474691822563081e+01
2.000000000000000000e+00 1.528164585757468963e+01
2.000000000000000000e+00 1.524481187159246076e+01
2.000000000000000000e+00 1.524481185304826880e+01
2.000000000000000000e+00 1.520044518111357590e+01
2.000000000000000000e+00 1.514758963031511030e+01
2.000000000000000000e+00 1.514758948897544144e+01
2.000000000000000000e+00 1.509750111230685121e+01
2.000000000000000000e+00 1.502180669594296702e+01
2.000000000000000000e+00 1.489178039525156549e+01
2.000000000000000000e+00 1.486603480591373305e+01
2.000000000000000000e+00 1.477984910588901890e+01
2.000000000000000000e+00 1.477984899114941797e+01
2.000000000000000000e+00 1.442072103866222044e+01
2.000000000000000000e+00 1.427722980017784415e+01
2.000000000000000000e+00 1.406467373001535925e+01
2.000000000000000000e+00 1.406467372631201762e+01
2.000000000000000000e+00 1.398513098676518140e+01
2.000000000000000000e+00 1.361030769942629881e+01
2.000000000000000000e+00 1.361030768531989388e+01
2.000000000000000000e+00 1.355704911513845445e+01
2.000000000000000000e+00 1.351431042191645915e+01
2.000000000000000000e+00 1.343220645693268445e+01
2.000000000000000000e+00 1.333745085919678175e+01
2.000000000000000000e+00 1.333745085479152337e+01
2.000000000000000000e+00 1.333377857590567217e+01
2.000000000000000000e+00 1.306525963750664054e+01
2.000000000000000000e+00 1.306525963320737382e+01
2.000000000000000000e+00 1.306089909759315937e+01
2.000000000000000000e+00 1.295495920223468467e+01
2.000000000000000000e+00 1.295495918918132361e+01
2.000000000000000000e+00 1.292853809485760586e+01
2.000000000000000000e+00 1.292853808351651956e+01
2.000000000000000000e+00 1.282060186041919181e+01
2.000000000000000000e+00 1.280620206554144858e+01
2.000000000000000000e+00 1.262212707270305323e+01
2.000000000000000000e+00 1.262212701446907559e+01
2.000000000000000000e+00 1.249458062648421119e+01
2.000000000000000000e+00 1.249458046890970664e+01
2.000000000000000000e+00 1.240428335528244119e+01
2.000000000000000000e+00 1.228791591924142956e+01
2.000000000000000000e+00 1.223081552110360448e+01
2.000000000000000000e+00 1.218354621701428186e+01
2.000000000000000000e+00 1.207432307923141757e+01
2.000000000000000000e+00 1.200648705423320628e+01
2.000000000000000000e+00 1.200648701604048618e+01
2.000000000000000000e+00 1.193076904566680163e+01
2.000000000000000000e+00 1.193076903882132989e+01
2.000000000000000000e+00 1.189982980199114060e+01
2.000000000000000000e+00 1.168812005283124300e+01
2.000000000000000000e+00 1.066523099594354029e+01
2.000000000000000000e+00 1.058241665298683998e+01
2.000000000000000000e+00 1.058241654308969970e+01
2.000000000000000000e+00 1.050562568773549899e+01
2.000000000000000000e+00 8.632343541552021549e+00
2.000000000000000000e+00 8.399895612830633240e+00
2.000000000000000000e+00 8.399895596076886406e+00
2.000000000000000000e+00 8.362608104753338267e+00
2.000000000000000000e+00 8.307680478000614599e+00
2.000000000000000000e+00 8.195601935425139928e+00
2.000000000000000000e+00 8.160124016194197694e+00
2.000000000000000000e+00 8.160123990745763223e+00
2.000000000000000000e+00 7.667647375756581063e+00
2.500000000000000000e+00 2.045730656683364757e+01
2.500000000000000000e+00 2.045730639664305883e+01
2.500000000000000000e+00 2.017404025152723435e+01
2.500000000000000000e+00 2.017403986690379014e+01
2.500000000000000000e+00 1.973206316595198118e+01
2.500000000000000000e+00 1.973206234187801300e+01
2.500000000000000000e+00 1.952636573153995414e+01
2.500000000000000000e+00 1.952636512776444633e+01
2.500000000000000000e+00 1.940723066078151504e+01
2.500000000000000000e+00 1.940723024392042362e+01
2.500000000000000000e+00 1.933858429271893797e+01
2.500000000000000000e+00 1.933858401471521304e+01
2.500000000000000000e+00 1.927781731694310707e+01
2.500000000000000000e+00 1.927781695068447476e+01
2.500000000000000000e+00 1.919037390906958862e+01
2.500000000000000000e+00 1.919037318994386609e+01
2.500000000000000000e+00 1.914626093514639749e+01
2.500000000000000000e+00 1.914626061403651747e+01
2.500000000000000000e+00 1.909387684745309244e+01
2.500000000000000000e+00 1.909387671685801635e+01
2.500000000000000000e+00 1.904925210110320677e+01
2.500000000000000000e+00 1.904925193457597743e+01
2.500000000000000000e+00 1.901002577407616911e+01
2.500000000000000000e+00 1.901002557392437708e+01
2.500000000000000000e+00 1.880896323631327505e+01
2.500000000000000000e+00 1.880896320357399176e+01
2.500000000000000000e+00 1.866463329386919767e+01
2.500000000000000000e+00 1.866463295379894305e+01
2.500000000000000000e+00 1.861525541331196720e+01
2.500000000000000000e+00 1.861525511659966625e+01
2.500000000000000000e+00 1.824912510788447051e+01
2.500000000000000000e+00 1.824912482732446506e+01
2.500000000000000000e+00 1.774234979762547226e+01
2.500000000000000000e+00 1.774234967367804927e+01
2.500000000000000000e+00 1.741106051883452466e+01
2.500000000000000000e+00 1.741106045411166292e+01
2.500000000000000000e+00 1.728871600044135803e+01
2.500000000000000000e+00 1.728871589306085710e+01
2.500000000000000000e+00 1.709539788951359895e+01
2.500000000000000000e+00 1.709539783051017992e+01
2.500000000000000000e+00 1.693896138280704378e+01
2.500000000000000000e+00 1.693896125665983021e+01
2.500000000000000000e+00 1.690938625320661970e+01
2.500000000000000000e+00 1.690938612583675749e+01
2.500000000000000000e+00 1.685225859544550531e+01
2.500000000000000000e+00 1.685225857693820117e+01
2.500000000000000000e+00 1.684801610069551359e+01
2.500000000000000000e+00 1.684801591179877178e+01
2.500000000000000000e+00 1.668225166291910000e+01
2.500000000000000000e+00 1.668225162778793447e+01
2.500000000000000000e+00 1.642163713795168434e+01
2.500000000000000000e+00 1.642163706576155136e+01
2.500000000000000000e+00 1.622283476056993123e+01
2.500000000000000000e+00 1.622283463975408679e+01
2.500000000000000000e+00 1.609626393714055936e+01
2.500000000000000000e+00 1.609626391976059878e+01
2.500000000000000000e+00 1.603068130967358229e+01
2.500000000000000000e+00 1.603068126898180523e+01
2.500000000000000000e+00 1.601705677584926235e+01
2.500000000000000000e+00 1.601705674975752913e+01
2.500000000000000000e+00 1.600248845215482163e+01
2.500000000000000000e+00 1.600248837303366400e+01
2.500000000000000000e+00 1.499883121402804242e+01
2.500000000000000000e+00 1.499883115747650031e+01
2.500000000000000000e+00 1.492734989156077852e+01
2.500000000000000000e+00 1.492734962628450646e+01
2.500000000000000000e+00 1.455542736979882257e+01
2.500000000000000000e+00 1.455542729859989848e+01
2.500000000000000000e+00 1.455362081907166427e+01
2.500000000000000000e+00 1.455362072384659911e+01
2.500000000000000000e+00 1.452498023719675047e+01
2.500000000000000000e+00 1.452498013472956018e+01
2.500000000000000000e+00 1.443927309132325476e+01
2.500000000000000000e+00 1.443927301011635933e+01
2.500000000000000000e+00 1.443587844632747519e+01
2.500000000000000000e+00 1.443587825101783650e+01
2.500000000000000000e+00 1.441623710078596510e+01
2.500000000000000000e+00 1.441623709754687965e+01
2.500000000000000000e+00 1.432625686903366713e+01
2.500000000000000000e+00 1.432625678725372786e+01
2.500000000000000000e+00 1.315793875485831421e+01
2.500000000000000000e+00 1.315793857401064137e+01
2.500000000000000000e+00 1.273292495131718205e+01
2.500000000000000000e+00 1.273292493732800246e+01
2.500000000000000000e+00 1.242888310933776630e+01
2.500000000000000000e+00 1.242888309058124641e+01
2.500000000000000000e+00 1.239102242047588831e+01
2.500000000000000000e+00 1.239102240193535032e+01
2.500000000000000000e+00 1.234054609251235135e+01
2.500000000000000000e+00 1.234054606147300959e+01
2.500000000000000000e+00 1.219339312819147736e+01
2.500000000000000000e+00 1.219339299537167776e+01
2.500000000000000000e+00 1.200312931806805317e+01
2.500000000000000000e+00 1.200312928051088868e+01
2.500000000000000000e+00 1.112546824809701640e+01
2.500000000000000000e+00 1.112546797019274614e+01
2.500000000000000000e+00 9.631672899983268366e+00
2.500000000000000000e+00 9.631672779284913943e+00
2.500000000000000000e+00 7.725169784906780635e+00
2.500000000000000000e+00 7.725169756026572188e+00
3.000000000000000000e+00 2.620246686277840809e+01
3.000000000000000000e+00 2.620236044017414656e+01
3.000000000000000000e+00 2.608232154689659055e+01
3.000000000000000000e+00 2.537260715850727166e+01
3.000000000000000000e+00 2.504919936952180848e+01
3.000000000000000000e+00 2.504916578091506096e+01
3.000000000000000000e+00 2.491233979623293138e+01
3.000000000000000000e+00 2.469759748038196534e+01
3.000000000000000000e+00 2.469757384865873817e+01
3.000000000000000000e+00 2.463364697815476845e+01
3.000000000000000000e+00 2.453680636046739849e+01
3.000000000000000000e+00 2.453044796333961131e+01
3.000000000000000000e+00 2.453044796333961131e+01
3.000000000000000000e+00 2.439114860714241928e+01
3.000000000000000000e+00 2.436288568861780846e+01
3.000000000000000000e+00 2.335832318928865448e+01
3.000000000000000000e+00 2.325369891486624141e+01
3.000000000000000000e+00 2.314213121546440632e+01
3.000000000000000000e+00 2.313083149205874989e+01
3.000000000000000000e+00 2.313082902583674638e+01
3.000000000000000000e+00 2.300724885190461322e+01
3.000000000000000000e+00 2.287438543366790000e+01
3.000000000000000000e+00 2.287437780026949241e+01
3.000000000000000000e+00 2.285887499361277264e+01
3.000000000000000000e+00 2.282129989084500465e+01
3.000000000000000000e+00 2.282129808115392677e+01
3.000000000000000000e+00 2.250735421473677533e+01
3.000000000000000000e+00 2.130812106823947616e+01
3.000000000000000000e+00 2.123107317037487007e+01
3.000000000000000000e+00 2.109727957449539204e+01
3.000000000000000000e+00 2.098669275566273384e+01
3.000000000000000000e+00 2.069007160547711877e+01
3.000000000000000000e+00 2.069007117588722622e+01
3.000000000000000000e+00 2.028605210969082151e+01
3.000000000000000000e+00 2.026793171584418829e+01
3.000000000000000000e+00 2.023483573289951565e+01
3.000000000000000000e+00 2.023483532416727826e+01
3.000000000000000000e+00 1.991958033846039200e+01
3.000000000000000000e+00 1.989420801629977831e+01
3.000000000000000000e+00 1.989420801629977831e+01
3.000000000000000000e+00 1.985068034779752111e+01
3.000000000000000000e+00 1.982914335003514950e+01
3.000000000000000000e+00 1.982914325922639165e+01
3.000000000000000000e+00 1.982216314365830101e+01
3.000000000000000000e+00 1.971137679126019648e+01
3.000000000000000000e+00 1.967433080259419498e+01
3.000000000000000000e+00 1.954597504183814038e+01
3.000000000000000000e+00 1.954597463135011637e+01
3.000000000000000000e+00 1.890364864787115451e+01
3.000000000000000000e+00 1.869460458401249880e+01
3.000000000000000000e+00 1.868553540221874698e+01
3.000000000000000000e+00 1.868553522859210858e+01
3.000000000000000000e+00 1.861999078052150125e+01
3.000000000000000000e+00 1.849906349198866451e+01
3.000000000000000000e+00 1.847715001688473535e+01
3.000000000000000000e+00 1.847714996989591896e+01
3.000000000000000000e+00 1.847347035795682046e+01
3.000000000000000000e+00 1.844152382101466969e+01
3.000000000000000000e+00 1.844152375299829316e+01
3.000000000000000000e+00 1.840238274469714241e+01
3.000000000000000000e+00 1.835550896186037306e+01
3.000000000000000000e+00 1.835550894105686837e+01
3.000000000000000000e+00 1.835550887864636138e+01
3.000000000000000000e+00 1.835550885784286024e+01
3.000000000000000000e+00 1.833199670904727085e+01
3.000000000000000000e+00 1.748817043412216066e+01
3.000000000000000000e+00 1.714525423278421101e+01
3.000000000000000000e+00 1.709174032070934501e+01
3.000000000000000000e+00 1.709174028543653989e+01
3.000000000000000000e+00 1.653325887614724010e+01
3.000000000000000000e+00 1.653325868108586860e+01
3.000000000000000000e+00 1.653109504871202518e+01
3.000000000000000000e+00 1.652466651002355746e+01
3.000000000000000000e+00 1.639626009287233188e+01
3.000000000000000000e+00 1.620285239006452471e+01
3.000000000000000000e+00 1.620285234172753519e+01
3.000000000000000000e+00 1.615096489741373631e+01
3.000000000000000000e+00 1.615096475055658587e+01
3.000000000000000000e+00 1.613094184480519999e+01
3.000000000000000000e+00 1.605605916515968445e+01
3.000000000000000000e+00 1.605511277965321426e+01
3.000000000000000000e+00 1.583463851488436802e+01
3.000000000000000000e+00 1.467656765749177517e+01
3.000000000000000000e+00 1.393241333093127210e+01
3.000000000000000000e+00 1.372116410057306624e+01
3.000000000000000000e+00 1.372116401995377721e+01
3.000000000000000000e+00 1.361230658033281493e+01
3.000000000000000000e+00 1.359390496255535830e+01
3.000000000000000000e+00 1.356158743095926411e+01
3.000000000000000000e+00 1.351472310479754313e+01
3.000000000000000000e+00 1.351472303264121955e+01
3.000000000000000000e+00 1.193871320545435388e+01
3.000000000000000000e+00 1.186556319235214652e+01
3.000000000000000000e+00 1.186556315583080945e+01
3.000000000000000000e+00 1.173765319313881683e+01
3.000000000000000000e+00 1.155945205990547819e+01
3.000000000000000000e+00 1.144880819339751810e+01
3.000000000000000000e+00 1.144880814564475635e+01
3.000000000000000000e+00 1.136524409023263438e+01
3.000000000000000000e+00 6.835714081227662220e+00
3.500000000000000000e+00 2.844099456498563328e+01
3.500000000000000000e+00 2.844099456153438865e+01
3.500000000000000000e+00 2.675389338883513446e+01
3.500000000000000000e+00 2.675389338598934330e+01
3.500000000000000000e+00 2.420514955640424404e+01
3.500000000000000000e+00 2.420514954331314783e+01
3.500000000000000000e+00 2.367651085373751840e+01
3.500000000000000000e+00 2.367651068042697560e+01
3.500000000000000000e+00 2.364470008535106516e+01
3.500000000000000000e+00 2.364470007955739206e+01
3.500000000000000000e+00 2.272302198136610940e+01
3.500000000000000000e+00 2.272302197942285318e+01
3.500000000000000000e+00 2.234000455485094250e+01
3.500000000000000000e+00 2.234000443726998952e+01
3.500000000000000000e+00 2.221838822554893511e+01
3.500000000000000000e+00 2.221838819863272718e+01
3.500000000000000000e+00 2.215694429619255601e+01
3.500000000000000000e+00 2.215694428786973447e+01
3.500000000000000000e+00 2.214725766875850255e+01
3.500000000000000000e+00 2.214725763947089021e+01
3.500000000000000000e+00 2.212312854603445089e+01
3.500000000000000000e+00 2.212312853663815204e+01
3.500000000000000000e+00 2.206288214340544940e+01
3.500000000000000000e+00 2.206288213673523657e+01
3.500000000000000000e+00 2.203116117109468064e+01
3.500000000000000000e+00 2.203116110633722613e+01
3.500000000000000000e+00 2.034739110736294876e+01
3.500000000000000000e+00 2.034739084633392281e+01
3.500000000000000000e+00 2.017496672461110663e+01
3.500000000000000000e+00 2.017496669594513037e+01
3.500000000000000000e+00 1.994059167666643972e+01
3.500000000000000000e+00 1.994059154200716577e+01
3.500000000000000000e+00 1.892375423015988289e+01
3.500000000000000000e+00 1.892375414284229862e+01
3.500000000000000000e+00 1.776740529872334307e+01
3.500000000000000000e+00 1.776740529843737093e+01
3.500000000000000000e+00 1.760031993201820200e+01
3.500000000000000000e+00 1.760031992762184316e+01
3.500000000000000000e+00 1.750359351589393242e+01
3.500000000000000000e+00 1.750359351176721745e+01
3.500000000000000000e+00 1.749976178738394950e+01
3.500000000000000000e+00 1.749976178426747353e+01
3.500000000000000000e+00 1.660307449859640627e+01
3.500000000000000000e+00 1.660307448822793930e+01
3.500000000000000000e+00 1.584881857229264668e+01
3.500000000000000000e+00 1.584881851951461584e+01
3.500000000000000000e+00 1.570155728112470150e+01
3.500000000000000000e+00 1.570155727859429540e+01
3.500000000000000000e+00 1.563134941493549412e+01
3.500000000000000000e+00 1.563134941010134327e+01
3.500000000000000000e+00 1.560561587495214653e+01
3.500000000000000000e+00 1.560561587190706412e+01
3.500000000000000000e+00 1.554151806719148787e+01
3.500000000000000000e+00 1.554151803642958107e+01
3.500000000000000000e+00 1.452368006741885864e+01
3.500000000000000000e+00 1.452368005740464518e+01
3.500000000000000000e+00 1.090506408717085840e+01
3.500000000000000000e+00 1.090506407554549462e+01
3.500000000000000000e+00 1.064136426829835536e+01
3.500000000000000000e+00 1.064136425601017244e+01
4.000000000000000000e+00 2.756572199184274652e+01
4.000000000000000000e+00 2.597488409766082285e+01
4.000000000000000000e+00 2.594322696927541472e+01
4.000000000000000000e+00 2.592076671267396648e+01
4.000000000000000000e+00 2.592076671164439716e+01
4.000000000000000000e+00 2.398457717408330936e+01
4.000000000000000000e+00 2.190601092352087065e+01
4.000000000000000000e+00 2.139928839001231964e+01
4.000000000000000000e+00 2.129397655161821845e+01
4.000000000000000000e+00 2.129397654633579151e+01
4.000000000000000000e+00 2.128645871570142134e+01
4.000000000000000000e+00 2.128645870324765355e+01
4.000000000000000000e+00 2.116760024204677393e+01
4.000000000000000000e+00 2.116558259295974764e+01
4.000000000000000000e+00 1.957835352003360185e+01
4.000000000000000000e+00 1.946066265172248677e+01
4.000000000000000000e+00 1.942932756867828203e+01
4.000000000000000000e+00 1.942932756341522094e+01
4.000000000000000000e+00 1.935548508011220292e+01
4.000000000000000000e+00 1.935437488424929597e+01
4.000000000000000000e+00 1.935437487181728144e+01
4.000000000000000000e+00 1.929198848865572558e+01
4.000000000000000000e+00 1.572236379576415821e+01
4.000000000000000000e+00 1.477202668431999477e+01
4.000000000000000000e+00 1.474988901190950230e+01
4.000000000000000000e+00 1.474988901082918957e+01
4.000000000000000000e+00 1.472727375589845167e+01
4.000000000000000000e+00 1.341106944483754937e+01
4.500000000000000000e+00 2.507264860343616419e+01
4.500000000000000000e+00 2.507264860039093080e+01
4.500000000000000000e+00 2.317467096357585277e+01
4.500000000000000000e+00 2.317467095944927991e+01
4.500000000000000000e+00 1.855513593870544753e+01
4.500000000000000000e+00 1.855513592930460121e+01
4.500000000000000000e+00 1.852132018747040121e+01
4.500000000000000000e+00 1.852132017915108975e+01
5.000000000000000000e+00 2.232275560269937387e+01
