-5.000000000000000000e+00 1.717624611777357657e+01
-4.500000000000000000e+00 2.102478650260757220e+01
-4.500000000000000000e+00 2.102478649653629716e+01
-4.500000000000000000e+00 2.045954890237367252e+01
-4.500000000000000000e+00 2.045954889690825240e+01
-4.500000000000000000e+00 1.603515857804705647e+01
-4.500000000000000000e+00 1.603515857482649309e+01
-4.500000000000000000e+00 1.398113673849005245e+01
-4.500000000000000000e+00 1.398113673587548789e+01
-4.000000000000000000e+00 2.510784151863379776e+01
-4.000000000000000000e+00 2.483669847582481083e+01
-4.000000000000000000e+00 2.442075803201364437e+01
-4.000000000000000000e+00 2.442075803145220192e+01
-4.000000000000000000e+00 2.431089904927191014e+01
-4.000000000000000000e+00 2.424798562994443785e+01
-4.000000000000000000e+00 2.040622132536225308e+01
-4.000000000000000000e+00 2.010411715976586322e+01
-4.000000000000000000e+00 1.962340338162176323e+01
-4.000000000000000000e+00 1.962340337363595211e+01
-4.000000000000000000e+00 1.955135259948561810e+01
-4.000000000000000000e+00 1.955135259680892545e+01
-4.000000000000000000e+00 1.918431683138634014e+01
-4.000000000000000000e+00 1.814533470483229038e+01
-4.000000000000000000e+00 1.805563406155670947e+01
-4.000000000000000000e+00 1.805563405340536676e+01
-4.000000000000000000e+00 1.767109245944291374e+01
-4.000000000000000000e+00 1.745790214796060269e+01
-4.000000000000000000e+00 1.716208997071817066e+01
-4.000000000000000000e+00 1.684372951478404090e+01
-4.000000000000000000e+00 1.684372951202747259e+01
-4.000000000000000000e+00 1.654788751445675032e+01
-4.000000000000000000e+00 1.536580280587690162e+01
-4.000000000000000000e+00 1.314489669141304340e+01
-4.000000000000000000e+00 1.294953785378330302e+01
-4.000000000000000000e+00 1.294953785313612471e+01
-4.000000000000000000e+00 1.277900120327509903e+01
-4.000000000000000000e+00 1.071302033011630073e+01
-3.500000000000000000e+00 2.931920425259324858e+01
-3.500000000000000000e+00 2.931920422720694575e+01
-3.500000000000000000e+00 2.827093296318640370e+01
-3.500000000000000000e+00 2.827093294557829850e+01
-3.500000000000000000e+00 2.485487517385190515e+01
-3.500000000000000000e+00 2.485487512959499412e+01
-3.500000000000000000e+00 2.403875094704050142e+01
-3.500000000000000000e+00 2.403875092057597129e+01
-3.500000000000000000e+00 2.317293383743905011e+01
-3.500000000000000000e+00 2.317293383463475109e+01
-3.500000000000000000e+00 2.316700174140311219e+01
-3.500000000000000000e+00 2.316700173879624813e+01
-3.500000000000000000e+00 2.293601775364497897e+01
-3.500000000000000000e+00 2.293601774971005725e+01
-3.500000000000000000e+00 2.195068822380270035e+01
-3.500000000000000000e+00 2.195068822208527237e+01
-3.500000000000000000e+00 2.172723743896073501e+01
-3.500000000000000000e+00 2.172723743816897368e+01
-3.500000000000000000e+00 2.163338679369011786e+01
-3.500000000000000000e+00 2.163338677297818791e+01
-3.500000000000000000e+00 2.111297990245868661e+01
-3.500000000000000000e+00 2.111297989923582463e+01
-3.500000000000000000e+00 2.109920673797925872e+01
-3.500000000000000000e+00 2.109920673309558481e+01
-3.500000000000000000e+00 2.056443087578694318e+01
-3.500000000000000000e+00 2.056443085892064815e+01
-3.500000000000000000e+00 2.053795113943673556e+01
-3.500000000000000000e+00 2.053795113415674578e+01
-3.500000000000000000e+00 1.986065328253843987e+01
-3.500000000000000000e+00 1.986065328226853310e+01
-3.500000000000000000e+00 1.855222683637460079e+01
-3.500000000000000000e+00 1.855222683259554373e+01
-3.500000000000000000e+00 1.783923041157531486e+01
-3.500000000000000000e+00 1.783923040868938159e+01
-3.500000000000000000e+00 1.733503771193455378e+01
-3.500000000000000000e+00 1.733503771151858075e+01
-3.500000000000000000e+00 1.674877426568971472e+01
-3.500000000000000000e+00 1.674877426460034968e+01
-3.500000000000000000e+00 1.668858958037699836e+01
-3.500000000000000000e+00 1.668858957491174877e+01
-3.500000000000000000e+00 1.631153599296162682e+01
-3.500000000000000000e+00 1.631153598367045277e+01
-3.500000000000000000e+00 1.612335198074883280e+01
-3.500000000000000000e+00 1.612335197467763237e+01
-3.500000000000000000e+00 1.563333239832440746e+01
-3.500000000000000000e+00 1.563333238363112621e+01
-3.500000000000000000e+00 1.552209747846278987e+01
-3.500000000000000000e+00 1.552209744277657855e+01
-3.500000000000000000e+00 1.520726526808731194e+01
-3.500000000000000000e+00 1.520726526703012560e+01
-3.500000000000000000e+00 1.478114238169183103e+01
-3.500000000000000000e+00 1.478114237579170442e+01
-3.500000000000000000e+00 1.421085998544053197e+01
-3.500000000000000000e+00 1.421085997503387155e+01
-3.500000000000000000e+00 1.361884814037127178e+01
-3.500000000000000000e+00 1.361884813123020521e+01
-3.500000000000000000e+00 1.232321871369627786e+01
-3.500000000000000000e+00 1.232321870798653052e+01
-3.500000000000000000e+00 9.531410188565399011e+00
-3.500000000000000000e+00 9.531410180421865164e+00
-3.000000000000000000e+00 2.723962848670397818e+01
-3.000000000000000000e+00 2.707870217740250141e+01
-3.000000000000000000e+00 2.707857437370880049e+01
-3.000000000000000000e+00 2.668791481445161651e+01
-3.000000000000000000e+00 2.668791481445161651e+01
-3.000000000000000000e+00 2.658832969922230660e+01
-3.000000000000000000e+00 2.598401715409109514e+01
-3.000000000000000000e+00 2.579586716371035138e+01
-3.000000000000000000e+00 2.543763779421533044e+01
-3.000000000000000000e+00 2.543756349725032706e+01
-3.000000000000000000e+00 2.531548613480961052e+01
-3.000000000000000000e+00 2.518390467266304711e+01
-3.000000000000000000e+00 2.476402282651751108e+01
-3.000000000000000000e+00 2.476402282651751108e+01
-3.000000000000000000e+00 2.455348491126954258e+01
-3.000000000000000000e+00 2.421589528673642988e+01
-3.000000000000000000e+00 2.408865448654920982e+01
-3.000000000000000000e+00 2.384391576754485698e+01
-3.000000000000000000e+00 2.384391576754485698e+01
-3.000000000000000000e+00 2.371404097641823938e+01
-3.000000000000000000e+00 2.328536944419878196e+01
-3.000000000000000000e+00 2.322685910740236892e+01
-3.000000000000000000e+00 2.308545264429184485e+01
-3.000000000000000000e+00 2.308544321708870584e+01
-3.000000000000000000e+00 2.205447948202958841e+01
-3.000000000000000000e+00 2.200180757873990345e+01
-3.000000000000000000e+00 2.189778568219830746e+01
-3.000000000000000000e+00 2.189778352619958213e+01
-3.000000000000000000e+00 2.121296613838833878e+01
-3.000000000000000000e+00 2.118539567532616630e+01
-3.000000000000000000e+00 2.109074838702231958e+01
-3.000000000000000000e+00 2.069040179988986594e+01
-3.000000000000000000e+00 2.069040158502395954e+01
-3.000000000000000000e+00 2.052636423441442659e+01
-3.000000000000000000e+00 2.052636405205555192e+01
-3.000000000000000000e+00 2.039769548301019242e+01
-3.000000000000000000e+00 2.010446887704465269e+01
-3.000000000000000000e+00 2.010446839867897850e+01
-3.000000000000000000e+00 2.002426741972705670e+01
-3.000000000000000000e+00 1.997189260902931807e+01
-3.000000000000000000e+00 1.997189250428681362e+01
-3.000000000000000000e+00 1.997189239954431628e+01
-3.000000000000000000e+00 1.997189219005936422e+01
-3.000000000000000000e+00 1.995693386072709075e+01
-3.000000000000000000e+00 1.994107257318899684e+01
-3.000000000000000000e+00 1.946191039234913589e+01
-3.000000000000000000e+00 1.938895244408338314e+01
-3.000000000000000000e+00 1.931302323183918190e+01
-3.000000000000000000e+00 1.931302312344408989e+01
-3.000000000000000000e+00 1.899802424365465470e+01
-3.000000000000000000e+00 1.891050160264724056e+01
-3.000000000000000000e+00 1.888401342036193853e+01
-3.000000000000000000e+00 1.888401327919824624e+01
-3.000000000000000000e+00 1.882827019324304985e+01
-3.000000000000000000e+00 1.876149337701827591e+01
-3.000000000000000000e+00 1.865100284781657791e+01
-3.000000000000000000e+00 1.865100268008336926e+01
-3.000000000000000000e+00 1.857670418017229963e+01
-3.000000000000000000e+00 1.845702714229055275e+01
-3.000000000000000000e+00 1.835041171909106339e+01
-3.000000000000000000e+00 1.835041165699786703e+01
-3.000000000000000000e+00 1.829968292476367608e+01
-3.000000000000000000e+00 1.825426350158866384e+01
-3.000000000000000000e+00 1.825426348278830346e+01
-3.000000000000000000e+00 1.800050885141320833e+01
-3.000000000000000000e+00 1.784091640759353226e+01
-3.000000000000000000e+00 1.770037866528938508e+01
-3.000000000000000000e+00 1.770037863287496549e+01
-3.000000000000000000e+00 1.748610063985538332e+01
-3.000000000000000000e+00 1.685440247835414240e+01
-3.000000000000000000e+00 1.682804371610180283e+01
-3.000000000000000000e+00 1.674441181409707724e+01
-3.000000000000000000e+00 1.669224745514088681e+01
-3.000000000000000000e+00 1.669224741965679470e+01
-3.000000000000000000e+00 1.647800159340773618e+01
-3.000000000000000000e+00 1.647800157749608019e+01
-3.000000000000000000e+00 1.642028322352221892e+01
-3.000000000000000000e+00 1.600586390589461772e+01
-3.000000000000000000e+00 1.508287468455302438e+01
-3.000000000000000000e+00 1.476654236100555018e+01
-3.000000000000000000e+00 1.455862773720480519e+01
-3.000000000000000000e+00 1.455862773580427216e+01
-3.000000000000000000e+00 1.453000181595528062e+01
-3.000000000000000000e+00 1.416142132051248659e+01
-3.000000000000000000e+00 1.414850253961927251e+01
-3.000000000000000000e+00 1.414850253807036040e+01
-3.000000000000000000e+00 1.408716993363021075e+01
-3.000000000000000000e+00 1.385133271585543291e+01
-3.000000000000000000e+00 1.361717771352888384e+01
-3.000000000000000000e+00 1.340094133028082268e+01
-3.000000000000000000e+00 1.340094132910731695e+01
-3.000000000000000000e+00 1.279937993001116858e+01
-3.000000000000000000e+00 1.279937992920738310e+01
-3.000000000000000000e+00 1.244069839579081282e+01
-3.000000000000000000e+00 1.218520867056293255e+01
-3.000000000000000000e+00 1.194112148091490155e+01
-3.000000000000000000e+00 1.194112148084675695e+01
-3.000000000000000000e+00 1.180763666117429267e+01
-3.000000000000000000e+00 9.155184565802233720e+00
-3.000000000000000000e+00 7.801933833260557449e+00
-2.500000000000000000e+00 2.098224365036098860e+01
-2.500000000000000000e+00 2.098224307499692642e+01
-2.500000000000000000e+00 2.049446013850725024e+01
-2.500000000000000000e+00 2.049445978524185819e+01
-2.500000000000000000e+00 2.000976240310688326e+01
-2.500000000000000000e+00 2.000976229432173525e+01
-2.500000000000000000e+00 1.982603182071330394e+01
-2.500000000000000000e+00 1.982603173018665998e+01
-2.500000000000000000e+00 1.982531492563270703e+01
-2.500000000000000000e+00 1.982531483517093562e+01
-2.500000000000000000e+00 1.963873571043952282e+01
-2.500000000000000000e+00 1.963873548524595591e+01
-2.500000000000000000e+00 1.938648955666194240e+01
-2.500000000000000000e+00 1.938648926501622682e+01
-2.500000000000000000e+00 1.914917788174982149e+01
-2.500000000000000000e+00 1.914917778973612172e+01
-2.500000000000000000e+00 1.911108137252474393e+01
-2.500000000000000000e+00 1.911108092965367433e+01
-2.500000000000000000e+00 1.900152187738025944e+01
-2.500000000000000000e+00 1.900152175830609025e+01
-2.500000000000000000e+00 1.888158718576314499e+01
-2.500000000000000000e+00 1.888158697453073742e+01
-2.500000000000000000e+00 1.886668088175583335e+01
-2.500000000000000000e+00 1.886668084707131854e+01
-2.500000000000000000e+00 1.872292570226131758e+01
-2.500000000000000000e+00 1.872292555206007947e+01
-2.500000000000000000e+00 1.803444444236350819e+01
-2.500000000000000000e+00 1.803444433673091396e+01
-2.500000000000000000e+00 1.795368751527324847e+01
-2.500000000000000000e+00 1.795368747351436411e+01
-2.500000000000000000e+00 1.772608727360530878e+01
-2.500000000000000000e+00 1.772608722926057112e+01
-2.500000000000000000e+00 1.771876302324585595e+01
-2.500000000000000000e+00 1.771876297922472077e+01
-2.500000000000000000e+00 1.762769890636250381e+01
-2.500000000000000000e+00 1.762769886617300585e+01
-2.500000000000000000e+00 1.758855269204902427e+01
-2.500000000000000000e+00 1.758855263407908609e+01
-2.500000000000000000e+00 1.751484065359677089e+01
-2.500000000000000000e+00 1.751484065359677089e+01
-2.500000000000000000e+00 1.731928127069242862e+01
-2.500000000000000000e+00 1.731928126331154516e+01
-2.500000000000000000e+00 1.721510061601646058e+01
-2.500000000000000000e+00 1.721510058941390398e+01
-2.500000000000000000e+00 1.704645574618758275e+01
-2.500000000000000000e+00 1.704645573495054478e+01
-2.500000000000000000e+00 1.680393245938864055e+01
-2.500000000000000000e+00 1.680393243734591024e+01
-2.500000000000000000e+00 1.675329551978120790e+01
-2.500000000000000000e+00 1.675329550720860183e+01
-2.500000000000000000e+00 1.653638931014013735e+01
-2.500000000000000000e+00 1.653638929327177820e+01
-2.500000000000000000e+00 1.631801911537481686e+01
-2.500000000000000000e+00 1.631801908825630321e+01
-2.500000000000000000e+00 1.615992617561331812e+01
-2.500000000000000000e+00 1.615992617098272177e+01
-2.500000000000000000e+00 1.598023281943550700e+01
-2.500000000000000000e+00 1.598023281943550700e+01
-2.500000000000000000e+00 1.577218481570349340e+01
-2.500000000000000000e+00 1.577218479842102639e+01
-2.500000000000000000e+00 1.566096831433625525e+01
-2.500000000000000000e+00 1.566096831433625525e+01
-2.500000000000000000e+00 1.562073736808589963e+01
-2.500000000000000000e+00 1.562073735323225776e+01
-2.500000000000000000e+00 1.559136945726963930e+01
-2.500000000000000000e+00 1.559136944153462423e+01
-2.500000000000000000e+00 1.556109907431180517e+01
-2.500000000000000000e+00 1.556109907431180517e+01
-2.500000000000000000e+00 1.551364788542531059e+01
-2.500000000000000000e+00 1.551364783811056647e+01
-2.500000000000000000e+00 1.533134433913098782e+01
-2.500000000000000000e+00 1.533134432497674915e+01
-2.500000000000000000e+00 1.528113083870394462e+01
-2.500000000000000000e+00 1.528113083005040984e+01
-2.500000000000000000e+00 1.519821528286477985e+01
-2.500000000000000000e+00 1.519821527666980998e+01
-2.500000000000000000e+00 1.486691281808463572e+01
-2.500000000000000000e+00 1.486691280664714121e+01
-2.500000000000000000e+00 1.461059083287192806e+01
-2.500000000000000000e+00 1.461059083188843921e+01
-2.500000000000000000e+00 1.387167528636303260e+01
-2.500000000000000000e+00 1.387167528495379720e+01
-2.500000000000000000e+00 1.375474500816761747e+01
-2.500000000000000000e+00 1.375474500712284964e+01
-2.500000000000000000e+00 1.351700016192879161e+01
-2.500000000000000000e+00 1.351700015682185452e+01
-2.500000000000000000e+00 1.318307525172400219e+01
-2.500000000000000000e+00 1.318307524806688669e+01
-2.500000000000000000e+00 1.180502620570715067e+01
-2.500000000000000000e+00 1.180502620427977334e+01
-2.500000000000000000e+00 1.109262937949975303e+01
-2.500000000000000000e+00 1.109262936320825155e+01
-2.500000000000000000e+00 1.101081173406284464e+01
-2.500000000000000000e+00 1.101081173402252666e+01
-2.500000000000000000e+00 1.088997297733961744e+01
-2.500000000000000000e+00 1.088997297561273214e+01
-2.500000000000000000e+00 1.069181934782765531e+01
-2.500000000000000000e+00 1.069181934723176219e+01
-2.500000000000000000e+00 8.290610907507987903e+00
-2.500000000000000000e+00 8.290610907458420442e+00
-2.000000000000000000e+00 1.860347116620769725e+01
-2.000000000000000000e+00 1.819898721488205240e+01
-2.000000000000000000e+00 1.817737357290066313e+01
-2.000000000000000000e+00 1.803480871481836445e+01
-2.000000000000000000e+00 1.800852720532983042e+01
-2.000000000000000000e+00 1.797058856057566700e+01
-2.000000000000000000e+00 1.797058851810501778e+01
-2.000000000000000000e+00 1.794116295723117105e+01
-2.000000000000000000e+00 1.794116284726014854e+01
-2.000000000000000000e+00 1.790859431503787391e+01
-2.000000000000000000e+00 1.790859426181431502e+01
-2.000000000000000000e+00 1.785759818165351120e+01
-2.000000000000000000e+00 1.784000907670577973e+01
-2.000000000000000000e+00 1.774995281825198745e+01
-2.000000000000000000e+00 1.773479488173569152e+01
-2.000000000000000000e+00 1.758637938555413527e+01
-2.000000000000000000e+00 1.758637937591345590e+01
-2.000000000000000000e+00 1.757059239497778691e+01
-2.000000000000000000e+00 1.754161736083547396e+01
-2.000000000000000000e+00 1.741361262375308172e+01
-2.000000000000000000e+00 1.741361259941998796e+01
-2.000000000000000000e+00 1.730414846630685588e+01
-2.000000000000000000e+00 1.715778364077166529e+01
-2.000000000000000000e+00 1.681837949245482022e+01
-2.000000000000000000e+00 1.681837947903672514e+01
-2.000000000000000000e+00 1.672429818668131674e+01
-2.000000000000000000e+00 1.672429811747279871e+01
-2.000000000000000000e+00 1.651931221317354570e+01
-2.000000000000000000e+00 1.635940801947135625e+01
-2.000000000000000000e+00 1.631658150800924290e+01
-2.000000000000000000e+00 1.620681462172451504e+01
-2.000000000000000000e+00 1.620681461687162539e+01
-2.000000000000000000e+00 1.606394873591334616e+01
-2.000000000000000000e+00 1.594298489021909404e+01
-2.000000000000000000e+00 1.594298487530899244e+01
-2.000000000000000000e+00 1.581969467596380774e+01
-2.000000000000000000e+00 1.575337903689486829e+01
-2.000000000000000000e+00 1.575337903381114302e+01
-2.000000000000000000e+00 1.562103966310697700e+01
-2.000000000000000000e+00 1.559800817189081634e+01
-2.000000000000000000e+00 1.555006450160124665e+01
-2.000000000000000000e+00 1.539402101115442001e+01
-2.000000000000000000e+00 1.539402100792518269e+01
-2.000000000000000000e+00 1.534525425525148634e+01
-2.000000000000000000e+00 1.525033157351585800e+01
-2.000000000000000000e+00 1.522761587299817165e+01
-2.000000000000000000e+00 1.515822599272203952e+01
-2.000000000000000000e+00 1.515822598676991362e+01
-2.000000000000000000e+00 1.503706599132122612e+01
-2.000000000000000000e+00 1.482137908811208149e+01
-2.000000000000000000e+00 1.481510150094388756e+01
-2.000000000000000000e+00 1.481510149611722404e+01
-2.000000000000000000e+00 1.468400628825255794e+01
-2.000000000000000000e+00 1.466452713726666879e+01
-2.000000000000000000e+00 1.466452713519068674e+01
-2.000000000000000000e+00 1.465517700470044993e+01
-2.000000000000000000e+00 1.465517699955879749e+01
-2.000000000000000000e+00 1.450303814864844654e+01
-2.000000000000000000e+00 1.446886113118941530e+01
-2.000000000000000000e+00 1.446886113033589005e+01
-2.000000000000000000e+00 1.431905198605190144e+01
-2.000000000000000000e+00 1.431905198605190144e+01
-2.000000000000000000e+00 1.431319880798541355e+01
-2.000000000000000000e+00 1.428228249101213443e+01
-2.000000000000000000e+00 1.421936692687478754e+01
-2.000000000000000000e+00 1.414902557567335961e+01
-2.000000000000000000e+00 1.411167315403911360e+01
-2.000000000000000000e+00 1.411167314239445858e+01
-2.000000000000000000e+00 1.394526123716840260e+01
-2.000000000000000000e+00 1.394526122705609517e+01
-2.000000000000000000e+00 1.370853282399001216e+01
-2.000000000000000000e+00 1.348445100525371387e+01
-2.000000000000000000e+00 1.348445099536694158e+01
-2.000000000000000000e+00 1.324444108252067664e+01
-2.000000000000000000e+00 1.317156412008163180e+01
-2.000000000000000000e+00 1.315637524561312688e+01
-2.000000000000000000e+00 1.311260317677393594e+01
-2.000000000000000000e+00 1.288178714452358165e+01
-2.000000000000000000e+00 1.263957941690814835e+01
-2.000000000000000000e+00 1.243175131522575860e+01
-2.000000000000000000e+00 1.243175125272849968e+01
-2.000000000000000000e+00 1.227875367871600432e+01
-2.000000000000000000e+00 1.227875367814292318e+01
-2.000000000000000000e+00 1.223665368414390286e+01
-2.000000000000000000e+00 1.215522860533462435e+01
-2.000000000000000000e+00 1.140920685567518866e+01
-2.000000000000000000e+00 1.140920680397165654e+01
-2.000000000000000000e+00 1.125203895179310365e+01
-2.000000000000000000e+00 1.064102783749797076e+01
-2.000000000000000000e+00 1.064102781277212983e+01
-2.000000000000000000e+00 1.049110665904245465e+01
-2.000000000000000000e+00 1.049110663397870624e+01
-2.000000000000000000e+00 1.046946935599039818e+01
-2.000000000000000000e+00 1.032656543015495743e+01
-2.000000000000000000e+00 9.135637931482772700e+00
-2.000000000000000000e+00 8.313870324555512781e+00
-2.000000000000000000e+00 7.463519284983821223e+00
-2.000000000000000000e+00 7.406232507288403433e+00
-2.000000000000000000e+00 7.406232489736623847e+00
-2.000000000000000000e+00 7.059565212949501678e+00
-1.500000000000000000e+00 1.702068595721732791e+01
-1.500000000000000000e+00 1.702068595174174703e+01
-1.500000000000000000e+00 1.697125794751855921e+01
-1.500000000000000000e+00 1.697125794751855921e+01
-1.500000000000000000e+00 1.690066381160497144e+01
-1.500000000000000000e+00 1.690066379217978110e+01
-1.500000000000000000e+00 1.685837339874994001e+01
-1.500000000000000000e+00 1.685837338943953156e+01
-1.500000000000000000e+00 1.669661546640691796e+01
-1.500000000000000000e+00 1.669661544264729969e+01
-1.500000000000000000e+00 1.664038727877318635e+01
-1.500000000000000000e+00 1.664038725256924423e+01
-1.500000000000000000e+00 1.661968852962955268e+01
-1.500000000000000000e+00 1.661968852962955268e+01
-1.500000000000000000e+00 1.661801412174669323e+01
-1.500000000000000000e+00 1.661801409246190886e+01
-1.500000000000000000e+00 1.653686967107427819e+01
-1.500000000000000000e+00 1.653686965419781529e+01
-1.500000000000000000e+00 1.635870402695617543e+01
-1.500000000000000000e+00 1.635870400436051497e+01
-1.500000000000000000e+00 1.635344495325169234e+01
-1.500000000000000000e+00 1.635344492796490812e+01
-1.500000000000000000e+00 1.620385461098838320e+01
-1.500000000000000000e+00 1.620385460131129207e+01
-1.500000000000000000e+00 1.609649455672047580e+01
-1.500000000000000000e+00 1.609649454585549577e+01
-1.500000000000000000e+00 1.587324184350667267e+01
-1.500000000000000000e+00 1.587324183829205104e+01
-1.500000000000000000e+00 1.578242288795778769e+01
-1.500000000000000000e+00 1.578242288637048674e+01
-1.500000000000000000e+00 1.572982790058724767e+01
-1.500000000000000000e+00 1.572982785239605796e+01
-1.500000000000000000e+00 1.559669813379871428e+01
-1.500000000000000000e+00 1.559669811270659956e+01
-1.500000000000000000e+00 1.556131841135223048e+01
-1.500000000000000000e+00 1.556131840626249740e+01
-1.500000000000000000e+00 1.554967985902223404e+01
-1.500000000000000000e+00 1.554967984518742874e+01
-1.500000000000000000e+00 1.553159314098888188e+01
-1.500000000000000000e+00 1.553159313851854861e+01
-1.500000000000000000e+00 1.550452621349962534e+01
-1.500000000000000000e+00 1.550452619787125386e+01
-1.500000000000000000e+00 1.544778712801085163e+01
-1.500000000000000000e+00 1.544778712460323788e+01
-1.500000000000000000e+00 1.534731339748253554e+01
-1.500000000000000000e+00 1.534731339440066122e+01
-1.500000000000000000e+00 1.516112391396399595e+01
-1.500000000000000000e+00 1.516112389605579480e+01
-1.500000000000000000e+00 1.500952909516793277e+01
-1.500000000000000000e+00 1.500952908783975737e+01
-1.500000000000000000e+00 1.490378725503513557e+01
-1.500000000000000000e+00 1.490378725437585139e+01
-1.500000000000000000e+00 1.465394800033327272e+01
-1.500000000000000000e+00 1.465394799263026648e+01
-1.500000000000000000e+00 1.464817756849771513e+01
-1.500000000000000000e+00 1.464817756441308205e+01
-1.500000000000000000e+00 1.453500419991361348e+01
-1.500000000000000000e+00 1.453500419672199939e+01
-1.500000000000000000e+00 1.451536451123232396e+01
-1.500000000000000000e+00 1.451536449156090924e+01
-1.500000000000000000e+00 1.424383327450562753e+01
-1.500000000000000000e+00 1.424383324247346394e+01
-1.500000000000000000e+00 1.408361618343099408e+01
-1.500000000000000000e+00 1.408361618139875304e+01
-1.500000000000000000e+00 1.368055430884200163e+01
-1.500000000000000000e+00 1.368055429894737074e+01
-1.500000000000000000e+00 1.300235175173225421e+01
-1.500000000000000000e+00 1.300235173971930358e+01
-1.500000000000000000e+00 1.290023315555938055e+01
-1.500000000000000000e+00 1.290023313146534356e+01
-1.500000000000000000e+00 1.256173438923234542e+01
-1.500000000000000000e+00 1.256173437668368642e+01
-1.500000000000000000e+00 1.250325308525212975e+01
-1.500000000000000000e+00 1.250325307574758860e+01
-1.500000000000000000e+00 1.244057597528466985e+01
-1.500000000000000000e+00 1.244057596865951965e+01
-1.500000000000000000e+00 1.219556736989186341e+01
-1.500000000000000000e+00 1.219556736782645601e+01
-1.500000000000000000e+00 1.183250895830068750e+01
-1.500000000000000000e+00 1.183250895616109233e+01
-1.500000000000000000e+00 1.178061077067002138e+01
-1.500000000000000000e+00 1.178061077052492145e+01
-1.500000000000000000e+00 1.160135825445879831e+01
-1.500000000000000000e+00 1.160135822886713264e+01
-1.500000000000000000e+00 1.131643439243946681e+01
-1.500000000000000000e+00 1.131643438842592353e+01
-1.500000000000000000e+00 1.068520608552879025e+01
-1.500000000000000000e+00 1.068520608067661826e+01
-1.500000000000000000e+00 1.056385152593837873e+01
-1.500000000000000000e+00 1.056385151925980459e+01
-1.500000000000000000e+00 1.022485672913458110e+01
-1.500000000000000000e+00 1.022485672877326124e+01
-1.500000000000000000e+00 9.630358037879020117e+00
-1.500000000000000000e+00 9.630358035307224895e+00
-1.500000000000000000e+00 7.353818439905313475e+00
-1.500000000000000000e+00 7.353818439361425874e+00
-1.500000000000000000e+00 7.047871714703214607e+00
-1.500000000000000000e+00 7.047871707384805617e+00
-1.500000000000000000e+00 6.365751502761730407e+00
-1.500000000000000000e+00 6.365751494243848896e+00
-1.000000000000000000e+00 1.668558304216787747e+01
-1.000000000000000000e+00 1.667194466277518927e+01
-1.000000000000000000e+00 1.655713211387174155e+01
-1.000000000000000000e+00 1.655713211042736077e+01
-1.000000000000000000e+00 1.650597735894715612e+01
-1.000000000000000000e+00 1.647424455708431879e+01
-1.000000000000000000e+00 1.630925873902415901e+01
-1.000000000000000000e+00 1.621000814390531986e+01
-1.000000000000000000e+00 1.619198653549039690e+01
-1.000000000000000000e+00 1.609948241055800722e+01
-1.000000000000000000e+00 1.609948239966051275e+01
-1.000000000000000000e+00 1.602668288205954283e+01
-1.000000000000000000e+00 1.602668286787425345e+01
-1.000000000000000000e+00 1.595918219300970087e+01
-1.000000000000000000e+00 1.588007333018041578e+01
-1.000000000000000000e+00 1.587642610903345819e+01
-1.000000000000000000e+00 1.580835546770541100e+01
-1.000000000000000000e+00 1.580835546281840287e+01
-1.000000000000000000e+00 1.576146491938049188e+01
-1.000000000000000000e+00 1.570605461461087238e+01
-1.000000000000000000e+00 1.566336219528979079e+01
-1.000000000000000000e+00 1.566336218683499304e+01
-1.000000000000000000e+00 1.557631328404548121e+01
-1.000000000000000000e+00 1.557631328275382465e+01
-1.000000000000000000e+00 1.550809591840557111e+01
-1.000000000000000000e+00 1.546108293414012103e+01
-1.000000000000000000e+00 1.546108292378045590e+01
-1.000000000000000000e+00 1.532970766984995947e+01
-1.000000000000000000e+00 1.526922290360771406e+01
-1.000000000000000000e+00 1.512396899086746416e+01
-1.000000000000000000e+00 1.511574191685078894e+01
-1.000000000000000000e+00 1.511574191603585327e+01
-1.000000000000000000e+00 1.508214302273662000e+01
-1.000000000000000000e+00 1.507049428058814122e+01
-1.000000000000000000e+00 1.507049427591483770e+01
-1.000000000000000000e+00 1.497483593458448858e+01
-1.000000000000000000e+00 1.482277037098332073e+01
-1.000000000000000000e+00 1.482277036490354405e+01
-1.000000000000000000e+00 1.481581672552810502e+01
-1.000000000000000000e+00 1.480047134306647294e+01
-1.000000000000000000e+00 1.480047134187733171e+01
-1.000000000000000000e+00 1.473588756386665644e+01
-1.000000000000000000e+00 1.473588756330927296e+01
-1.000000000000000000e+00 1.470855087893612989e+01
-1.000000000000000000e+00 1.464298864400751299e+01
-1.000000000000000000e+00 1.462463256639255071e+01
-1.000000000000000000e+00 1.462463256090687480e+01
-1.000000000000000000e+00 1.449788617260553103e+01
-1.000000000000000000e+00 1.406361959635444059e+01
-1.000000000000000000e+00 1.406361959123213978e+01
-1.000000000000000000e+00 1.389199300688314231e+01
-1.000000000000000000e+00 1.380183115157364604e+01
-1.000000000000000000e+00 1.377026053228588864e+01
-1.000000000000000000e+00 1.375559133168837533e+01
-1.000000000000000000e+00 1.375559132938793994e+01
-1.000000000000000000e+00 1.375143946661817829e+01
-1.000000000000000000e+00 1.374420630119183429e+01
-1.000000000000000000e+00 1.362145308580893044e+01
-1.000000000000000000e+00 1.362145308416302569e+01
-1.000000000000000000e+00 1.361385877683538048e+01
-1.000000000000000000e+00 1.361385877610940121e+01
-1.000000000000000000e+00 1.356469770551406739e+01
-1.000000000000000000e+00 1.348443223850016537e+01
-1.000000000000000000e+00 1.343996498071226675e+01
-1.000000000000000000e+00 1.343040380597418526e+01
-1.000000000000000000e+00 1.343040380521881438e+01
-1.000000000000000000e+00 1.335999524224784274e+01
-1.000000000000000000e+00 1.335999524126222049e+01
-1.000000000000000000e+00 1.329443248735642058e+01
-1.000000000000000000e+00 1.321033720059844896e+01
-1.000000000000000000e+00 1.307060739657369197e+01
-1.000000000000000000e+00 1.272969422853072174e+01
-1.000000000000000000e+00 1.240640969736551114e+01
-1.000000000000000000e+00 1.239408188033856639e+01
-1.000000000000000000e+00 1.239408185182620237e+01
-1.000000000000000000e+00 1.201881503185840039e+01
-1.000000000000000000e+00 1.185712398830254166e+01
-1.000000000000000000e+00 1.182480058151495328e+01
-1.000000000000000000e+00 1.182480058105998921e+01
-1.000000000000000000e+00 1.147621523662808585e+01
-1.000000000000000000e+00 1.140963526769660064e+01
-1.000000000000000000e+00 1.140963526759647273e+01
-1.000000000000000000e+00 1.134375859137251652e+01
-1.000000000000000000e+00 1.130202640485006604e+01
-1.000000000000000000e+00 1.130202639184878244e+01
-1.000000000000000000e+00 1.125526083330485960e+01
-1.000000000000000000e+00 1.075540225334474265e+01
-1.000000000000000000e+00 1.031642711901970522e+01
-1.000000000000000000e+00 9.951696873341733252e+00
-1.000000000000000000e+00 9.951696832289776751e+00
-1.000000000000000000e+00 9.616653668003376509e+00
-1.000000000000000000e+00 9.616653624601267936e+00
-1.000000000000000000e+00 9.472833583331782492e+00
-1.000000000000000000e+00 9.328004245511605674e+00
-1.000000000000000000e+00 8.640799411710226252e+00
-1.000000000000000000e+00 8.640799410519258927e+00
-1.000000000000000000e+00 8.531928916292139675e+00
-1.000000000000000000e+00 7.638170533808489537e+00
-1.000000000000000000e+00 5.843220518960192678e+00
-1.000000000000000000e+00 5.736686487531783563e+00
-5.000000000000000000e-01 1.631558816558748504e+01
-5.000000000000000000e-01 1.631558814124008094e+01
-5.000000000000000000e-01 1.621054589745111940e+01
-5.000000000000000000e-01 1.621054589745111940e+01
-5.000000000000000000e-01 1.619154183657644808e+01
-5.000000000000000000e-01 1.619154180790043895e+01
-5.000000000000000000e-01 1.616395730725326274e+01
-5.000000000000000000e-01 1.616395728865606074e+01
-5.000000000000000000e-01 1.601243727815432294e+01
-5.000000000000000000e-01 1.601243725617845115e+01
-5.000000000000000000e-01 1.601110819715086464e+01
-5.000000000000000000e-01 1.601110819515571393e+01
-5.000000000000000000e-01 1.599002548149968383e+01
-5.000000000000000000e-01 1.599002547759262249e+01
-5.000000000000000000e-01 1.589704898619006812e+01
-5.000000000000000000e-01 1.589704898262989730e+01
-5.000000000000000000e-01 1.563676630242682997e+01
-5.000000000000000000e-01 1.563676629831038056e+01
-5.000000000000000000e-01 1.559329691441168819e+01
-5.000000000000000000e-01 1.559329690258765666e+01
-5.000000000000000000e-01 1.551696995842090487e+01
-5.000000000000000000e-01 1.551696994381407713e+01
-5.000000000000000000e-01 1.549479877253545013e+01
-5.000000000000000000e-01 1.549479876777327014e+01
-5.000000000000000000e-01 1.533852771656447445e+01
-5.000000000000000000e-01 1.533852771350955813e+01
-5.000000000000000000e-01 1.528195568565209506e+01
-5.000000000000000000e-01 1.528195567795371801e+01
-5.000000000000000000e-01 1.494703355160934599e+01
-5.000000000000000000e-01 1.494703354197144662e+01
-5.000000000000000000e-01 1.490984361285455861e+01
-5.000000000000000000e-01 1.490984360887482296e+01
-5.000000000000000000e-01 1.489413771487265592e+01
-5.000000000000000000e-01 1.489413770442540397e+01
-5.000000000000000000e-01 1.481085309199783140e+01
-5.000000000000000000e-01 1.481085307577690102e+01
-5.000000000000000000e-01 1.465084763213387298e+01
-5.000000000000000000e-01 1.465084762240693550e+01
-5.000000000000000000e-01 1.459811587895927509e+01
-5.000000000000000000e-01 1.459811587070326233e+01
-5.000000000000000000e-01 1.450657904775851925e+01
-5.000000000000000000e-01 1.450657904509951734e+01
-5.000000000000000000e-01 1.433974324982383841e+01
-5.000000000000000000e-01 1.433974324719835280e+01
-5.000000000000000000e-01 1.429287112812320970e+01
-5.000000000000000000e-01 1.429287112561794615e+01
-5.000000000000000000e-01 1.398009935631279888e+01
-5.000000000000000000e-01 1.398009935395686654e+01
-5.000000000000000000e-01 1.386874027560674350e+01
-5.000000000000000000e-01 1.386874027279653276e+01
-5.000000000000000000e-01 1.379388941684123537e+01
-5.000000000000000000e-01 1.379388941292992143e+01
-5.000000000000000000e-01 1.334858872679141228e+01
-5.000000000000000000e-01 1.334858872637379434e+01
-5.000000000000000000e-01 1.315934562589545820e+01
-5.000000000000000000e-01 1.315934561011237136e+01
-5.000000000000000000e-01 1.312955339905884955e+01
-5.000000000000000000e-01 1.312955339704602764e+01
-5.000000000000000000e-01 1.310490335255462035e+01
-5.000000000000000000e-01 1.310490334600857842e+01
-5.000000000000000000e-01 1.304522644775683737e+01
-5.000000000000000000e-01 1.304522644230947925e+01
-5.000000000000000000e-01 1.300596642594270236e+01
-5.000000000000000000e-01 1.300596642525093927e+01
-5.000000000000000000e-01 1.260562230477569834e+01
-5.000000000000000000e-01 1.260562230212687851e+01
-5.000000000000000000e-01 1.250453741234404781e+01
-5.000000000000000000e-01 1.250453741138638719e+01
-5.000000000000000000e-01 1.244830688163138710e+01
-5.000000000000000000e-01 1.244830688134848273e+01
-5.000000000000000000e-01 1.224157530665756255e+01
-5.000000000000000000e-01 1.224157529377367659e+01
-5.000000000000000000e-01 1.190081106708570502e+01
-5.000000000000000000e-01 1.190081106580937842e+01
-5.000000000000000000e-01 1.173812946257003276e+01
-5.000000000000000000e-01 1.173812946237534227e+01
-5.000000000000000000e-01 1.165615563346754691e+01
-5.000000000000000000e-01 1.165615562662597959e+01
-5.000000000000000000e-01 1.157054319348429416e+01
-5.000000000000000000e-01 1.157054318508715340e+01
-5.000000000000000000e-01 1.073454810793593062e+01
-5.000000000000000000e-01 1.073454809597697590e+01
-5.000000000000000000e-01 1.025527737838398856e+01
-5.000000000000000000e-01 1.025527737198238931e+01
-5.000000000000000000e-01 1.019397851053652992e+01
-5.000000000000000000e-01 1.019397850245512416e+01
-5.000000000000000000e-01 9.957663411396191933e+00
-5.000000000000000000e-01 9.957663409342798033e+00
-5.000000000000000000e-01 9.145451432315717000e+00
-5.000000000000000000e-01 9.145451410101694378e+00
-5.000000000000000000e-01 9.058811676362417131e+00
-5.000000000000000000e-01 9.058811664555204146e+00
-5.000000000000000000e-01 8.425148770123083608e+00
-5.000000000000000000e-01 8.425148683914279957e+00
-5.000000000000000000e-01 7.607788746795272949e+00
-5.000000000000000000e-01 7.607788743265184728e+00
-5.000000000000000000e-01 6.716428321849662986e+00
-5.000000000000000000e-01 6.716428298753255532e+00
-5.000000000000000000e-01 4.663318294859287505e+00
-5.000000000000000000e-01 4.663318241009783094e+00
0.000000000000000000e+00 1.589505838458207698e+01
0.000000000000000000e+00 1.589505838102898672e+01
0.000000000000000000e+00 1.573781224865622086e+01
0.000000000000000000e+00 1.573781224410208068e+01
0.000000000000000000e+00 1.573386979327877100e+01
0.000000000000000000e+00 1.563100683668033142e+01
0.000000000000000000e+00 1.561893122683734703e+01
0.000000000000000000e+00 1.559608187764258069e+01
0.000000000000000000e+00 1.549855075113144842e+01
0.000000000000000000e+00 1.549855074515634712e+01
0.000000000000000000e+00 1.547726297858408095e+01
0.000000000000000000e+00 1.547726297156498099e+01
0.000000000000000000e+00 1.546807216273788832e+01
0.000000000000000000e+00 1.544295054564515368e+01
0.000000000000000000e+00 1.544295054225398189e+01
0.000000000000000000e+00 1.537960295109585473e+01
0.000000000000000000e+00 1.513729063771091532e+01
0.000000000000000000e+00 1.513729062688597793e+01
0.000000000000000000e+00 1.510076153091803342e+01
0.000000000000000000e+00 1.510076152850957598e+01
0.000000000000000000e+00 1.509761417376207149e+01
0.000000000000000000e+00 1.495579612498799982e+01
0.000000000000000000e+00 1.495579612221007793e+01
0.000000000000000000e+00 1.493650451621209108e+01
0.000000000000000000e+00 1.493644308307611723e+01
0.000000000000000000e+00 1.488074453539923248e+01
0.000000000000000000e+00 1.488074453539923248e+01
0.000000000000000000e+00 1.487846349780986799e+01
0.000000000000000000e+00 1.484969498342333694e+01
0.000000000000000000e+00 1.473086625428137530e+01
0.000000000000000000e+00 1.473086625095381841e+01
0.000000000000000000e+00 1.467620142384326520e+01
0.000000000000000000e+00 1.456909101709533516e+01
0.000000000000000000e+00 1.455685141713470188e+01
0.000000000000000000e+00 1.443031137115769091e+01
0.000000000000000000e+00 1.443031136294520245e+01
0.000000000000000000e+00 1.440579070811486950e+01
0.000000000000000000e+00 1.440579070050198673e+01
0.000000000000000000e+00 1.416381656355113350e+01
0.000000000000000000e+00 1.416381656103462916e+01
0.000000000000000000e+00 1.414807471719269394e+01
0.000000000000000000e+00 1.414688220562128329e+01
0.000000000000000000e+00 1.414688220407487762e+01
0.000000000000000000e+00 1.411320109067700912e+01
0.000000000000000000e+00 1.411066624086681998e+01
0.000000000000000000e+00 1.411066623937541742e+01
0.000000000000000000e+00 1.393662000826629921e+01
0.000000000000000000e+00 1.389114215706440092e+01
0.000000000000000000e+00 1.385361085925693381e+01
0.000000000000000000e+00 1.357001253674198438e+01
0.000000000000000000e+00 1.347637774336069150e+01
0.000000000000000000e+00 1.345369475316886643e+01
0.000000000000000000e+00 1.345369475084935296e+01
0.000000000000000000e+00 1.339343640944129810e+01
0.000000000000000000e+00 1.339343640856774975e+01
0.000000000000000000e+00 1.336306036120955376e+01
0.000000000000000000e+00 1.336306036064461189e+01
0.000000000000000000e+00 1.327556194346150065e+01
0.000000000000000000e+00 1.312137714315934112e+01
0.000000000000000000e+00 1.312137714049743131e+01
0.000000000000000000e+00 1.310150369408199289e+01
0.000000000000000000e+00 1.309836034396034421e+01
0.000000000000000000e+00 1.293011084819867662e+01
0.000000000000000000e+00 1.293011084279402212e+01
0.000000000000000000e+00 1.280212083995952099e+01
0.000000000000000000e+00 1.279710564620700097e+01
0.000000000000000000e+00 1.267235547471300805e+01
0.000000000000000000e+00 1.267235547273087626e+01
0.000000000000000000e+00 1.262057303493805094e+01
0.000000000000000000e+00 1.250097187096339368e+01
0.000000000000000000e+00 1.250097186583428588e+01
0.000000000000000000e+00 1.232989157984442663e+01
0.000000000000000000e+00 1.213232958136128836e+01
0.000000000000000000e+00 1.202596566054844551e+01
0.000000000000000000e+00 1.141611100727329919e+01
0.000000000000000000e+00 1.141611095607825099e+01
0.000000000000000000e+00 1.114499184942217092e+01
0.000000000000000000e+00 1.113975813863086017e+01
0.000000000000000000e+00 1.111861401595900567e+01
0.000000000000000000e+00 1.111861396335792307e+01
0.000000000000000000e+00 1.105735431449822848e+01
0.000000000000000000e+00 1.044212342929243142e+01
0.000000000000000000e+00 1.031433952073064830e+01
0.000000000000000000e+00 1.007686318298029882e+01
0.000000000000000000e+00 9.871791658329776453e+00
0.000000000000000000e+00 9.863271019729493716e+00
0.000000000000000000e+00 9.863271019302910503e+00
0.000000000000000000e+00 9.773728170903689616e+00
0.000000000000000000e+00 9.666964288362409619e+00
0.000000000000000000e+00 9.541208205874935899e+00
0.000000000000000000e+00 9.541208194797437869e+00
0.000000000000000000e+00 7.710454957367951501e+00
0.000000000000000000e+00 7.710454941590072941e+00
0.000000000000000000e+00 7.365932277615242718e+00
0.000000000000000000e+00 7.247009449427261885e+00
0.000000000000000000e+00 7.229375475022341568e+00
0.000000000000000000e+00 7.229375453158111142e+00
0.000000000000000000e+00 6.845812411080821391e+00
0.000000000000000000e+00 4.977763192169113893e+00
0.000000000000000000e+00 7.431087335673366989e-02
5.000000000000000000e-01 1.670378597457187908e+01
5.000000000000000000e-01 1.670378595861814830e+01
5.000000000000000000e-01 1.659571227083847234e+01
5.000000000000000000e-01 1.659571223861970068e+01
5.000000000000000000e-01 1.651532575007170323e+01
5.000000000000000000e-01 1.651532573685829064e+01
5.000000000000000000e-01 1.649473721004695292e+01
5.000000000000000000e-01 1.649473720357487849e+01
5.000000000000000000e-01 1.642175865035668281e+01
5.000000000000000000e-01 1.642175862629038008e+01
5.000000000000000000e-01 1.632533473160324533e+01
5.000000000000000000e-01 1.632533472613971881e+01
5.000000000000000000e-01 1.631147677243470895e+01
5.000000000000000000e-01 1.631147676165803873e+01
5.000000000000000000e-01 1.621321685832242565e+01
5.000000000000000000e-01 1.621321679482966971e+01
5.000000000000000000e-01 1.619669160830625643e+01
5.000000000000000000e-01 1.619669160110024109e+01
5.000000000000000000e-01 1.619183500334468206e+01
5.000000000000000000e-01 1.619183500095431683e+01
5.000000000000000000e-01 1.618301887131196182e+01
5.000000000000000000e-01 1.618301886657318533e+01
5.000000000000000000e-01 1.612458991336910330e+01
5.000000000000000000e-01 1.612458988655014736e+01
5.000000000000000000e-01 1.599315204233109711e+01
5.000000000000000000e-01 1.599315202469427177e+01
5.000000000000000000e-01 1.593291627514064324e+01
5.000000000000000000e-01 1.593291626407009609e+01
5.000000000000000000e-01 1.588637715968115316e+01
5.000000000000000000e-01 1.588637714911401488e+01
5.000000000000000000e-01 1.587620513393230404e+01
5.000000000000000000e-01 1.587620513218893770e+01
5.000000000000000000e-01 1.562874830506122770e+01
5.000000000000000000e-01 1.562874829961645951e+01
5.000000000000000000e-01 1.548993042010550525e+01
5.000000000000000000e-01 1.548993040114929620e+01
5.000000000000000000e-01 1.513044827361870581e+01
5.000000000000000000e-01 1.513044826452160230e+01
5.000000000000000000e-01 1.504811614437823586e+01
5.000000000000000000e-01 1.504811614133164710e+01
5.000000000000000000e-01 1.481783831227825488e+01
5.000000000000000000e-01 1.481783830864833718e+01
5.000000000000000000e-01 1.473503399710336303e+01
5.000000000000000000e-01 1.473503399487572807e+01
5.000000000000000000e-01 1.463831401849474645e+01
5.000000000000000000e-01 1.463831401141679933e+01
5.000000000000000000e-01 1.459930630066654800e+01
5.000000000000000000e-01 1.459930629288692749e+01
5.000000000000000000e-01 1.459296269264652324e+01
5.000000000000000000e-01 1.459296268829815801e+01
5.000000000000000000e-01 1.454895839380504441e+01
5.000000000000000000e-01 1.454895838502035943e+01
5.000000000000000000e-01 1.423679872720590112e+01
5.000000000000000000e-01 1.423679871806966979e+01
5.000000000000000000e-01 1.403535679178728834e+01
5.000000000000000000e-01 1.403535678874422565e+01
5.000000000000000000e-01 1.385906120703475253e+01
5.000000000000000000e-01 1.385906120425161170e+01
5.000000000000000000e-01 1.378346006481772434e+01
5.000000000000000000e-01 1.378346006460268391e+01
5.000000000000000000e-01 1.366427531647596716e+01
5.000000000000000000e-01 1.366427530960430126e+01
5.000000000000000000e-01 1.331548986627232978e+01
5.000000000000000000e-01 1.331548986061601880e+01
5.000000000000000000e-01 1.322462588363249658e+01
5.000000000000000000e-01 1.322462587158079472e+01
5.000000000000000000e-01 1.315246126240407598e+01
5.000000000000000000e-01 1.315246126137434324e+01
5.000000000000000000e-01 1.249118198016175540e+01
5.000000000000000000e-01 1.249118197933491992e+01
5.000000000000000000e-01 1.237234723183564533e+01
5.000000000000000000e-01 1.237234722737804304e+01
5.000000000000000000e-01 1.235547484710616573e+01
5.000000000000000000e-01 1.235547484700303578e+01
5.000000000000000000e-01 1.232981748963012159e+01
5.000000000000000000e-01 1.232981748942908773e+01
5.000000000000000000e-01 1.183592179338201866e+01
5.000000000000000000e-01 1.183592178359824310e+01
5.000000000000000000e-01 1.173538589190676795e+01
5.000000000000000000e-01 1.173538588253179071e+01
5.000000000000000000e-01 1.167782505963714357e+01
5.000000000000000000e-01 1.167782505686151673e+01
5.000000000000000000e-01 1.153726532108789016e+01
5.000000000000000000e-01 1.153726531510423392e+01
5.000000000000000000e-01 1.140392978967032178e+01
5.000000000000000000e-01 1.140392978638492316e+01
5.000000000000000000e-01 1.068400045418072786e+01
5.000000000000000000e-01 1.068400044591774112e+01
5.000000000000000000e-01 1.019235202797213624e+01
5.000000000000000000e-01 1.019235201796534440e+01
5.000000000000000000e-01 8.911437303596745352e+00
5.000000000000000000e-01 8.911437298987486599e+00
5.000000000000000000e-01 8.831349029407130402e+00
5.000000000000000000e-01 8.831349012552502487e+00
5.000000000000000000e-01 8.437408095986739909e+00
5.000000000000000000e-01 8.437408082272636278e+00
5.000000000000000000e-01 7.669173503979768824e+00
5.000000000000000000e-01 7.669173460430600109e+00
5.000000000000000000e-01 5.546968630763431385e+00
5.000000000000000000e-01 5.546968552378332973e+00
1.000000000000000000e+00 1.711435670294786604e+01
1.000000000000000000e+00 1.702602703232736303e+01
1.000000000000000000e+00 1.699503632371094497e+01
1.000000000000000000e+00 1.689891756552226809e+01
1.000000000000000000e+00 1.689891755097879766e+01
1.000000000000000000e+00 1.683186762023253991e+01
1.000000000000000000e+00 1.681502624499217902e+01
1.000000000000000000e+00 1.676582269142283010e+01
1.000000000000000000e+00 1.676544110722505820e+01
1.000000000000000000e+00 1.676544109449882214e+01
1.000000000000000000e+00 1.654433159400676345e+01
1.000000000000000000e+00 1.644387429327358774e+01
1.000000000000000000e+00 1.644387428712246901e+01
1.000000000000000000e+00 1.644237764722834427e+01
1.000000000000000000e+00 1.644237763187354773e+01
1.000000000000000000e+00 1.643094901470836788e+01
1.000000000000000000e+00 1.641055591235705080e+01
1.000000000000000000e+00 1.641055590045795043e+01
1.000000000000000000e+00 1.639332485142644558e+01
1.000000000000000000e+00 1.628614126500479387e+01
1.000000000000000000e+00 1.626735070884643264e+01
1.000000000000000000e+00 1.626735070111282511e+01
1.000000000000000000e+00 1.617940762164394641e+01
1.000000000000000000e+00 1.614867924630692642e+01
1.000000000000000000e+00 1.612755992742404842e+01
1.000000000000000000e+00 1.612755992518248860e+01
1.000000000000000000e+00 1.611436651084050098e+01
1.000000000000000000e+00 1.611436650641613966e+01
1.000000000000000000e+00 1.607564294652566517e+01
1.000000000000000000e+00 1.605582282227657132e+01
1.000000000000000000e+00 1.603792927679789670e+01
1.000000000000000000e+00 1.600893796606965935e+01
1.000000000000000000e+00 1.591055694070555937e+01
1.000000000000000000e+00 1.591055693168408958e+01
1.000000000000000000e+00 1.578321950825150743e+01
1.000000000000000000e+00 1.578321950189724099e+01
1.000000000000000000e+00 1.566319607371361045e+01
1.000000000000000000e+00 1.566319606948691323e+01
1.000000000000000000e+00 1.559703928115339444e+01
1.000000000000000000e+00 1.544000530201134147e+01
1.000000000000000000e+00 1.535536649333244696e+01
1.000000000000000000e+00 1.535536649229684869e+01
1.000000000000000000e+00 1.531797723332446814e+01
1.000000000000000000e+00 1.530603937879135579e+01
1.000000000000000000e+00 1.530603936794805975e+01
1.000000000000000000e+00 1.528217561256229295e+01
1.000000000000000000e+00 1.520376695410544343e+01
1.000000000000000000e+00 1.514770022210863054e+01
1.000000000000000000e+00 1.514770021958442925e+01
1.000000000000000000e+00 1.509072503118739483e+01
1.000000000000000000e+00 1.506553617698980396e+01
1.000000000000000000e+00 1.506553616768942305e+01
1.000000000000000000e+00 1.492539646292304667e+01
1.000000000000000000e+00 1.489170021504592611e+01
1.000000000000000000e+00 1.489170020462410982e+01
1.000000000000000000e+00 1.462600151755747113e+01
1.000000000000000000e+00 1.462600151506056534e+01
1.000000000000000000e+00 1.457886150272596382e+01
1.000000000000000000e+00 1.455579698658621268e+01
1.000000000000000000e+00 1.455579698379306564e+01
1.000000000000000000e+00 1.451598749846363923e+01
1.000000000000000000e+00 1.432388979086307579e+01
1.000000000000000000e+00 1.432388978421801262e+01
1.000000000000000000e+00 1.421862151048044254e+01
1.000000000000000000e+00 1.415835722565332233e+01
1.000000000000000000e+00 1.407428912015963363e+01
1.000000000000000000e+00 1.382838954591868053e+01
1.000000000000000000e+00 1.381693941555935012e+01
1.000000000000000000e+00 1.381693941155683092e+01
1.000000000000000000e+00 1.371973483308920905e+01
1.000000000000000000e+00 1.371973482764155960e+01
1.000000000000000000e+00 1.357662246350690260e+01
1.000000000000000000e+00 1.353530544423154858e+01
1.000000000000000000e+00 1.341084894447908660e+01
1.000000000000000000e+00 1.291920118922827854e+01
1.000000000000000000e+00 1.291920118650996585e+01
1.000000000000000000e+00 1.287891973363419140e+01
1.000000000000000000e+00 1.276735759813204218e+01
1.000000000000000000e+00 1.265246276017047933e+01
1.000000000000000000e+00 1.214091838942006341e+01
1.000000000000000000e+00 1.214091838879594576e+01
1.000000000000000000e+00 1.184255169055639278e+01
1.000000000000000000e+00 1.174954317476974630e+01
1.000000000000000000e+00 1.127880211911216080e+01
1.000000000000000000e+00 1.127880211684568401e+01
1.000000000000000000e+00 1.126179218298873863e+01
1.000000000000000000e+00 1.102945823565710270e+01
1.000000000000000000e+00 1.062979195902816443e+01
1.000000000000000000e+00 1.062979194999384802e+01
1.000000000000000000e+00 1.062533346570268300e+01
1.000000000000000000e+00 1.055678238214730769e+01
1.000000000000000000e+00 9.801568765695604313e+00
1.000000000000000000e+00 9.442889709393824660e+00
1.000000000000000000e+00 9.201092042613979061e+00
1.000000000000000000e+00 9.201092021650129738e+00
1.000000000000000000e+00 8.742329303329855250e+00
1.000000000000000000e+00 8.427932936631021832e+00
1.000000000000000000e+00 8.370870066887446725e+00
1.000000000000000000e+00 8.370870045401257897e+00
1.000000000000000000e+00 7.159392128288439849e+00
1.500000000000000000e+00 1.826034908258790779e+01
1.500000000000000000e+00 1.826034902584255448e+01
1.500000000000000000e+00 1.802394505059236707e+01
1.500000000000000000e+00 1.802394491619753225e+01
1.500000000000000000e+00 1.798518397234349209e+01
1.500000000000000000e+00 1.798518390051836846e+01
1.500000000000000000e+00 1.793571799389424015e+01
1.500000000000000000e+00 1.793571796655077577e+01
1.500000000000000000e+00 1.781353714788346565e+01
1.500000000000000000e+00 1.781353712368481723e+01
1.500000000000000000e+00 1.777527384217360407e+01
1.500000000000000000e+00 1.777527384217360407e+01
1.500000000000000000e+00 1.768611969751090740e+01
1.500000000000000000e+00 1.768611964425173610e+01
1.500000000000000000e+00 1.765482279894838413e+01
1.500000000000000000e+00 1.765482267506485670e+01
1.500000000000000000e+00 1.762052967165605111e+01
1.500000000000000000e+00 1.762052964172925229e+01
1.500000000000000000e+00 1.746743996074595273e+01
1.500000000000000000e+00 1.746743993506717985e+01
1.500000000000000000e+00 1.743663481440734841e+01
1.500000000000000000e+00 1.743663474800790070e+01
1.500000000000000000e+00 1.738852042654827557e+01
1.500000000000000000e+00 1.738852038699807423e+01
1.500000000000000000e+00 1.734879792261430254e+01
1.500000000000000000e+00 1.734879789980832498e+01
1.500000000000000000e+00 1.725534761039849130e+01
1.500000000000000000e+00 1.725534756193211905e+01
1.500000000000000000e+00 1.706456178286078185e+01
1.500000000000000000e+00 1.706456174281255755e+01
1.500000000000000000e+00 1.664797587619315067e+01
1.500000000000000000e+00 1.664797584978959932e+01
1.500000000000000000e+00 1.662365497916125889e+01
1.500000000000000000e+00 1.662365495707342689e+01
1.500000000000000000e+00 1.648597854159451970e+01
1.500000000000000000e+00 1.648597853838670346e+01
1.500000000000000000e+00 1.646582740619088625e+01
1.500000000000000000e+00 1.646582738418412006e+01
1.500000000000000000e+00 1.632563619293548030e+01
1.500000000000000000e+00 1.632563617927254995e+01
1.500000000000000000e+00 1.627345615716297900e+01
1.500000000000000000e+00 1.627345614678835517e+01
1.500000000000000000e+00 1.620591119508555877e+01
1.500000000000000000e+00 1.620591118296428945e+01
1.500000000000000000e+00 1.611099854183068558e+01
1.500000000000000000e+00 1.611099847568839394e+01
1.500000000000000000e+00 1.606360929849081387e+01
1.500000000000000000e+00 1.606360929008002003e+01
1.500000000000000000e+00 1.602726061108185363e+01
1.500000000000000000e+00 1.602726058877780346e+01
1.500000000000000000e+00 1.590337378799163659e+01
1.500000000000000000e+00 1.590337378440887761e+01
1.500000000000000000e+00 1.586831535796264880e+01
1.500000000000000000e+00 1.586831535796264880e+01
1.500000000000000000e+00 1.559630314199165468e+01
1.500000000000000000e+00 1.559630313672070834e+01
1.500000000000000000e+00 1.549650415954174854e+01
1.500000000000000000e+00 1.549650414284566935e+01
1.500000000000000000e+00 1.543675267816131758e+01
1.500000000000000000e+00 1.543675267816131758e+01
1.500000000000000000e+00 1.527643739386055799e+01
1.500000000000000000e+00 1.527643738907554827e+01
1.500000000000000000e+00 1.489756121252306897e+01
1.500000000000000000e+00 1.489756119745364416e+01
1.500000000000000000e+00 1.478420799814288245e+01
1.500000000000000000e+00 1.478420799697292409e+01
1.500000000000000000e+00 1.444961596458939646e+01
1.500000000000000000e+00 1.444961596124036873e+01
1.500000000000000000e+00 1.443721316556890066e+01
1.500000000000000000e+00 1.443721316474196392e+01
1.500000000000000000e+00 1.355976807640512583e+01
1.500000000000000000e+00 1.355976806161843129e+01
1.500000000000000000e+00 1.334260392044165400e+01
1.500000000000000000e+00 1.334260390314470612e+01
1.500000000000000000e+00 1.326930427733542039e+01
1.500000000000000000e+00 1.326930426036081201e+01
1.500000000000000000e+00 1.316569962000987104e+01
1.500000000000000000e+00 1.316569961212599260e+01
1.500000000000000000e+00 1.301380513219414503e+01
1.500000000000000000e+00 1.301380512811050139e+01
1.500000000000000000e+00 1.260050211295124889e+01
1.500000000000000000e+00 1.260050209937949361e+01
1.500000000000000000e+00 1.257800706788023248e+01
1.500000000000000000e+00 1.257800703760432803e+01
1.500000000000000000e+00 1.247378797216010149e+01
1.500000000000000000e+00 1.247378797094123293e+01
1.500000000000000000e+00 1.225955536277818148e+01
1.500000000000000000e+00 1.225955535659415396e+01
1.500000000000000000e+00 1.156014697661884760e+01
1.500000000000000000e+00 1.156014697433758975e+01
1.500000000000000000e+00 1.086776483669286009e+01
1.500000000000000000e+00 1.086776482866740423e+01
1.500000000000000000e+00 1.076846260111988940e+01
1.500000000000000000e+00 1.076846259223941438e+01
1.500000000000000000e+00 8.049478660360556148e+00
1.500000000000000000e+00 8.049478657467709297e+00
1.500000000000000000e+00 7.829412009540011042e+00
1.500000000000000000e+00 7.829411999879330786e+00
1.500000000000000000e+00 7.212560286471200399e+00
1.500000000000000000e+00 7.212560278029785721e+00
2.000000000000000000e+00 2.008841343023711801e+01
2.000000000000000000e+00 2.005092948286867482e+01
2.000000000000000000e+00 2.005092914279780203e+01
2.000000000000000000e+00 2.004457418415311665e+01
2.000000000000000000e+00 2.001860580846320303e+01
2.000000000000000000e+00 1.992928005740123609e+01
2.000000000000000000e+00 1.992927995702831367e+01
2.000000000000000000e+00 1.982607943886426582e+01
2.000000000000000000e+00 1.982607880514774834e+01
2.000000000000000000e+00 1.980018226480734711e+01
2.000000000000000000e+00 1.957062789602489516e+01
2.000000000000000000e+00 1.950998778968256886e+01
2.000000000000000000e+00 1.940549736624059207e+01
2.000000000000000000e+00 1.937807821191207580e+01
2.000000000000000000e+00 1.937807780702807747e+01
2.000000000000000000e+00 1.902921362394697624e+01
2.000000000000000000e+00 1.897338609483467664e+01
2.000000000000000000e+00 1.893428870726100044e+01
2.000000000000000000e+00 1.889891736105737508e+01
2.000000000000000000e+00 1.880257282304981103e+01
2.000000000000000000e+00 1.876122977771690614e+01
2.000000000000000000e+00 1.873945647268116232e+01
2.000000000000000000e+00 1.870689359695434106e+01
2.000000000000000000e+00 1.870689353782937658e+01
2.000000000000000000e+00 1.870292750614519406e+01
2.000000000000000000e+00 1.870292741780879808e+01
2.000000000000000000e+00 1.839234690467701938e+01
2.000000000000000000e+00 1.825419078444516785e+01
2.000000000000000000e+00 1.825419061525425946e+01
2.000000000000000000e+00 1.821809909551080153e+01
2.000000000000000000e+00 1.813205226075723786e+01
2.000000000000000000e+00 1.813205209438133281e+01
2.000000000000000000e+00 1.792275604420325408e+01
2.000000000000000000e+00 1.781424141919864468e+01
2.000000000000000000e+00 1.779998629982835112e+01
2.000000000000000000e+00 1.779998627595540484e+01
2.000000000000000000e+00 1.767971622858818748e+01
2.000000000000000000e+00 1.767971621800434434e+01
2.000000000000000000e+00 1.759318140877310910e+01
2.000000000000000000e+00 1.748549857885284453e+01
2.000000000000000000e+00 1.748549857013727404e+01
2.000000000000000000e+00 1.743931409920596920e+01
2.000000000000000000e+00 1.736733172023830463e+01
2.000000000000000000e+00 1.730048101190242349e+01
2.000000000000000000e+00 1.714389079791904180e+01
2.000000000000000000e+00 1.714389078553200463e+01
2.000000000000000000e+00 1.708650794465184575e+01
2.000000000000000000e+00 1.707643742172743728e+01
2.000000000000000000e+00 1.707643739856934673e+01
2.000000000000000000e+00 1.707143300166761080e+01
2.000000000000000000e+00 1.686248324936831722e+01
2.000000000000000000e+00 1.678781604535114269e+01
2.000000000000000000e+00 1.672555432013604459e+01
2.000000000000000000e+00 1.672555428345018669e+01
2.000000000000000000e+00 1.668138244292448036e+01
2.000000000000000000e+00 1.652873677573098377e+01
2.000000000000000000e+00 1.652873674894735601e+01
2.000000000000000000e+00 1.642128884511138764e+01
2.000000000000000000e+00 1.627311356531792796e+01
2.000000000000000000e+00 1.612529357073302094e+01
2.000000000000000000e+00 1.597705091241566855e+01
2.000000000000000000e+00 1.597705090855897225e+01
2.000000000000000000e+00 1.585707069022003246e+01
2.000000000000000000e+00 1.570835586731776878e+01
2.000000000000000000e+00 1.564364254121624498e+01
2.000000000000000000e+00 1.564364253707139341e+01
2.000000000000000000e+00 1.552471761780161330e+01
2.000000000000000000e+00 1.545366075527190830e+01
2.000000000000000000e+00 1.545366075298678510e+01
2.000000000000000000e+00 1.544682153793684165e+01
2.000000000000000000e+00 1.528435180323171316e+01
2.000000000000000000e+00 1.528435180323171316e+01
2.000000000000000000e+00 1.525493760369678498e+01
2.000000000000000000e+00 1.507413262957440381e+01
2.000000000000000000e+00 1.507413262332062054e+01
2.000000000000000000e+00 1.478127222520650719e+01
2.000000000000000000e+00 1.451588063770274672e+01
2.000000000000000000e+00 1.451588063412427942e+01
2.000000000000000000e+00 1.447818961265783244e+01
2.000000000000000000e+00 1.447818958422749525e+01
2.000000000000000000e+00 1.443407771415026630e+01
2.000000000000000000e+00 1.429099951711350869e+01
2.000000000000000000e+00 1.429099951675628333e+01
2.000000000000000000e+00 1.426341986102493031e+01
2.000000000000000000e+00 1.422311827827671493e+01
2.000000000000000000e+00 1.411767763575215362e+01
2.000000000000000000e+00 1.229825175824464267e+01
2.000000000000000000e+00 1.229825175639415313e+01
2.000000000000000000e+00 1.224622191026610274e+01
2.000000000000000000e+00 1.206462762470642680e+01
2.000000000000000000e+00 1.194180462770382611e+01
2.000000000000000000e+00 1.194180462364643347e+01
2.000000000000000000e+00 1.171557860724946387e+01
2.000000000000000000e+00 1.157525216326053830e+01
2.000000000000000000e+00 1.070037073306756170e+01
2.000000000000000000e+00 1.038778004093811447e+01
2.000000000000000000e+00 9.518082444845491707e+00
2.000000000000000000e+00 9.442490694791647599e+00
2.000000000000000000e+00 8.101013633014900961e+00
2.000000000000000000e+00 8.101013598559470452e+00
2.500000000000000000e+00 2.296385310439854166e+01
2.500000000000000000e+00 2.296384893047969200e+01
2.500000000000000000e+00 2.284488282763090794e+01
2.500000000000000000e+00 2.284488097475482604e+01
2.500000000000000000e+00 2.275841294635335643e+01
2.500000000000000000e+00 2.275840444943306551e+01
2.500000000000000000e+00 2.257797268483967201e+01
2.500000000000000000e+00 2.257796275310614931e+01
2.500000000000000000e+00 2.244650781801411910e+01
2.500000000000000000e+00 2.244650657397384919e+01
2.500000000000000000e+00 2.229480734394336849e+01
2.500000000000000000e+00 2.229479986141373971e+01
2.500000000000000000e+00 2.219363416380921805e+01
2.500000000000000000e+00 2.219363319772972076e+01
2.500000000000000000e+00 2.204826091452908798e+01
2.500000000000000000e+00 2.204825590232855959e+01
2.500000000000000000e+00 2.191620995100921476e+01
2.500000000000000000e+00 2.191620702289086253e+01
2.500000000000000000e+00 2.186974417366230128e+01
2.500000000000000000e+00 2.186974277607439987e+01
2.500000000000000000e+00 2.127123351744543100e+01
2.500000000000000000e+00 2.127123313336738519e+01
2.500000000000000000e+00 2.125589832183304750e+01
2.500000000000000000e+00 2.125589832183304750e+01
2.500000000000000000e+00 2.101484593162235726e+01
2.500000000000000000e+00 2.101484533719099090e+01
2.500000000000000000e+00 2.101268987664530385e+01
2.500000000000000000e+00 2.101268958006969712e+01
2.500000000000000000e+00 2.070604303999260409e+01
2.500000000000000000e+00 2.070604216698050593e+01
2.500000000000000000e+00 2.060639144170223247e+01
2.500000000000000000e+00 2.060639144170223247e+01
2.500000000000000000e+00 2.002692457252194203e+01
2.500000000000000000e+00 2.002692435118546044e+01
2.500000000000000000e+00 1.992128308751003729e+01
2.500000000000000000e+00 1.992128298793659269e+01
2.500000000000000000e+00 1.952768054560560174e+01
2.500000000000000000e+00 1.952768047843115085e+01
2.500000000000000000e+00 1.937967710420628009e+01
2.500000000000000000e+00 1.937967693040688033e+01
2.500000000000000000e+00 1.917377313247998316e+01
2.500000000000000000e+00 1.917377308532755364e+01
2.500000000000000000e+00 1.914602829512697468e+01
2.500000000000000000e+00 1.914602824926479840e+01
2.500000000000000000e+00 1.906065521043917954e+01
2.500000000000000000e+00 1.906065508411140996e+01
2.500000000000000000e+00 1.898796311429361694e+01
2.500000000000000000e+00 1.898796303597990587e+01
2.500000000000000000e+00 1.885857809432472010e+01
2.500000000000000000e+00 1.885857802551550222e+01
2.500000000000000000e+00 1.875062072187022011e+01
2.500000000000000000e+00 1.875062069098637707e+01
2.500000000000000000e+00 1.873751406142477904e+01
2.500000000000000000e+00 1.873751400046138116e+01
2.500000000000000000e+00 1.873369803208230522e+01
2.500000000000000000e+00 1.873369803208230522e+01
2.500000000000000000e+00 1.858992640955692721e+01
2.500000000000000000e+00 1.858992635695851092e+01
2.500000000000000000e+00 1.837636166018859996e+01
2.500000000000000000e+00 1.837636157522113223e+01
2.500000000000000000e+00 1.836639163148316811e+01
2.500000000000000000e+00 1.836639158942089622e+01
2.500000000000000000e+00 1.804688883741519234e+01
2.500000000000000000e+00 1.804688879157718873e+01
2.500000000000000000e+00 1.796800504163480738e+01
2.500000000000000000e+00 1.796800499927373806e+01
2.500000000000000000e+00 1.788129427161590357e+01
2.500000000000000000e+00 1.788129423277325003e+01
2.500000000000000000e+00 1.763235825250430366e+01
2.500000000000000000e+00 1.763235820203281534e+01
2.500000000000000000e+00 1.747566310983820870e+01
2.500000000000000000e+00 1.747566306668687020e+01
2.500000000000000000e+00 1.704338305690905742e+01
2.500000000000000000e+00 1.704338304010521199e+01
2.500000000000000000e+00 1.689151894564206913e+01
2.500000000000000000e+00 1.689151889752117697e+01
2.500000000000000000e+00 1.687221750599195857e+01
2.500000000000000000e+00 1.687221748239145924e+01
2.500000000000000000e+00 1.625466169434524133e+01
2.500000000000000000e+00 1.625466168161841551e+01
2.500000000000000000e+00 1.557823859341923090e+01
2.500000000000000000e+00 1.557823857788947741e+01
2.500000000000000000e+00 1.548593333502954827e+01
2.500000000000000000e+00 1.548593333030940045e+01
2.500000000000000000e+00 1.536769234070697365e+01
2.500000000000000000e+00 1.536769233127099987e+01
2.500000000000000000e+00 1.501259274536388943e+01
2.500000000000000000e+00 1.501259274021842671e+01
2.500000000000000000e+00 1.448297266978067910e+01
2.500000000000000000e+00 1.448297266934785021e+01
2.500000000000000000e+00 1.436152444600920219e+01
2.500000000000000000e+00 1.436152444447588827e+01
2.500000000000000000e+00 1.388491896540437942e+01
2.500000000000000000e+00 1.388491895612222926e+01
2.500000000000000000e+00 1.368448618703394715e+01
2.500000000000000000e+00 1.368448618080109114e+01
2.500000000000000000e+00 1.250965322520882950e+01
2.500000000000000000e+00 1.250965322442673866e+01
2.500000000000000000e+00 1.088346603083610198e+01
2.500000000000000000e+00 1.088346602268364194e+01
3.000000000000000000e+00 2.950696179152584975e+01
3.000000000000000000e+00 2.932464023473189485e+01
3.000000000000000000e+00 2.932464023473189485e+01
3.000000000000000000e+00 2.921169982355129946e+01
3.000000000000000000e+00 2.863998309910478213e+01
3.000000000000000000e+00 2.838448202145109889e+01
3.000000000000000000e+00 2.838448202145109889e+01
3.000000000000000000e+00 2.808019332247818411e+01
3.000000000000000000e+00 2.807984543588570503e+01
3.000000000000000000e+00 2.793112562563851853e+01
3.000000000000000000e+00 2.787715306996210529e+01
3.000000000000000000e+00 2.740159121565504918e+01
3.000000000000000000e+00 2.740123823294753791e+01
3.000000000000000000e+00 2.732990705866023973e+01
3.000000000000000000e+00 2.724098054880433750e+01
3.000000000000000000e+00 2.704144481083474361e+01
3.000000000000000000e+00 2.676556091509015545e+01
3.000000000000000000e+00 2.676556091509015545e+01
3.000000000000000000e+00 2.663881588441688564e+01
3.000000000000000000e+00 2.651007076929064255e+01
3.000000000000000000e+00 2.609042374468621261e+01
3.000000000000000000e+00 2.609028103365202966e+01
3.000000000000000000e+00 2.591482470172332953e+01
3.000000000000000000e+00 2.556158811076421955e+01
3.000000000000000000e+00 2.476912471692395101e+01
3.000000000000000000e+00 2.468255131421509319e+01
3.000000000000000000e+00 2.468250475711279890e+01
3.000000000000000000e+00 2.446919077763135775e+01
3.000000000000000000e+00 2.345922650302548718e+01
3.000000000000000000e+00 2.338892205539206159e+01
3.000000000000000000e+00 2.333088363040477020e+01
3.000000000000000000e+00 2.333087760560065149e+01
3.000000000000000000e+00 2.290314758531723172e+01
3.000000000000000000e+00 2.282820047753610027e+01
3.000000000000000000e+00 2.282819683309505621e+01
3.000000000000000000e+00 2.281727239734344437e+01
3.000000000000000000e+00 2.279608922240863222e+01
3.000000000000000000e+00 2.265993548763085030e+01
3.000000000000000000e+00 2.256000809618304004e+01
3.000000000000000000e+00 2.248347001406111900e+01
3.000000000000000000e+00 2.248346614141689415e+01
3.000000000000000000e+00 2.239531492277859570e+01
3.000000000000000000e+00 2.237515091350338992e+01
3.000000000000000000e+00 2.219996264867392810e+01
3.000000000000000000e+00 2.218252722437241076e+01
3.000000000000000000e+00 2.218252626896372348e+01
3.000000000000000000e+00 2.204112481998575745e+01
3.000000000000000000e+00 2.204112233170246071e+01
3.000000000000000000e+00 2.183548404168455193e+01
3.000000000000000000e+00 2.183548134065174295e+01
3.000000000000000000e+00 2.177513913542135171e+01
3.000000000000000000e+00 2.135273076207126408e+01
3.000000000000000000e+00 2.135273034538107240e+01
3.000000000000000000e+00 2.135072183403213231e+01
3.000000000000000000e+00 2.132632837679422977e+01
3.000000000000000000e+00 2.132632797096168531e+01
3.000000000000000000e+00 2.132632715929709022e+01
3.000000000000000000e+00 2.132632675346504314e+01
3.000000000000000000e+00 2.131118192389642374e+01
3.000000000000000000e+00 2.122332816677814549e+01
3.000000000000000000e+00 2.122092752218695466e+01
3.000000000000000000e+00 2.069346273274323167e+01
3.000000000000000000e+00 2.058862081757766305e+01
3.000000000000000000e+00 2.058862004128682699e+01
3.000000000000000000e+00 2.020794372632236957e+01
3.000000000000000000e+00 2.012135780331085044e+01
3.000000000000000000e+00 1.975108196250383941e+01
3.000000000000000000e+00 1.962760954313718287e+01
3.000000000000000000e+00 1.962760954313718287e+01
3.000000000000000000e+00 1.936065156900081163e+01
3.000000000000000000e+00 1.924120330071534823e+01
3.000000000000000000e+00 1.911824949559921905e+01
3.000000000000000000e+00 1.909472829800474258e+01
3.000000000000000000e+00 1.909472825443596733e+01
3.000000000000000000e+00 1.879040177795643274e+01
3.000000000000000000e+00 1.820022147163210491e+01
3.000000000000000000e+00 1.813336977741305134e+01
3.000000000000000000e+00 1.812792606080954982e+01
3.000000000000000000e+00 1.812792602767138561e+01
3.000000000000000000e+00 1.798414527425663678e+01
3.000000000000000000e+00 1.798414517380586020e+01
3.000000000000000000e+00 1.761197224701343345e+01
3.000000000000000000e+00 1.760446353547445852e+01
3.000000000000000000e+00 1.760446350602462573e+01
3.000000000000000000e+00 1.746928708777591766e+01
3.000000000000000000e+00 1.693402501538714233e+01
3.000000000000000000e+00 1.628763114165078463e+01
3.000000000000000000e+00 1.611854689351556758e+01
3.000000000000000000e+00 1.578752764365696315e+01
3.000000000000000000e+00 1.578752764206153891e+01
3.000000000000000000e+00 1.547980595151898520e+01
3.000000000000000000e+00 1.544171034312534019e+01
3.000000000000000000e+00 1.494413647383831645e+01
3.000000000000000000e+00 1.484251309091229132e+01
3.000000000000000000e+00 1.484251309029219179e+01
3.000000000000000000e+00 1.413052987118918402e+01
3.000000000000000000e+00 1.413052986966786229e+01
3.000000000000000000e+00 1.373765843839236034e+01
3.000000000000000000e+00 1.051189671857762775e+01
3.000000000000000000e+00 9.156770318105307283e+00
3.500000000000000000e+00 3.218964095735496755e+01
3.500000000000000000e+00 3.218964095308666629e+01
3.500000000000000000e+00 3.082771036534541764e+01
3.500000000000000000e+00 3.082771033975248187e+01
3.500000000000000000e+00 2.795777611662795792e+01
3.500000000000000000e+00 2.795777610842047523e+01
3.500000000000000000e+00 2.694033040000395829e+01
3.500000000000000000e+00 2.694033039292119369e+01
3.500000000000000000e+00 2.612195395825730060e+01
3.500000000000000000e+00 2.612195395808606690e+01
3.500000000000000000e+00 2.574492624709540323e+01
3.500000000000000000e+00 2.574492624019848463e+01
3.500000000000000000e+00 2.574136129243606774e+01
3.500000000000000000e+00 2.574136127687336995e+01
3.500000000000000000e+00 2.517486802444136984e+01
3.500000000000000000e+00 2.517486801839181609e+01
3.500000000000000000e+00 2.513079949158694504e+01
3.500000000000000000e+00 2.513079948695168042e+01
3.500000000000000000e+00 2.467928996335293590e+01
3.500000000000000000e+00 2.467928995865949204e+01
3.500000000000000000e+00 2.460963042421926161e+01
3.500000000000000000e+00 2.460963041874323665e+01
3.500000000000000000e+00 2.404113388134657470e+01
3.500000000000000000e+00 2.404113387869711005e+01
3.500000000000000000e+00 2.363529705285110794e+01
3.500000000000000000e+00 2.363529704217214800e+01
3.500000000000000000e+00 2.327740408326762633e+01
3.500000000000000000e+00 2.327740407876648732e+01
3.500000000000000000e+00 2.300912699069840883e+01
3.500000000000000000e+00 2.300912698774903475e+01
3.500000000000000000e+00 2.144698008284601798e+01
3.500000000000000000e+00 2.144698008268221301e+01
3.500000000000000000e+00 2.113593031207426520e+01
3.500000000000000000e+00 2.113593030019500318e+01
3.500000000000000000e+00 2.070222812039505556e+01
3.500000000000000000e+00 2.070222810989272588e+01
3.500000000000000000e+00 2.018524009988338364e+01
3.500000000000000000e+00 2.018524009666267460e+01
3.500000000000000000e+00 2.016122441642054142e+01
3.500000000000000000e+00 2.016122441580147395e+01
3.500000000000000000e+00 1.920148602423423867e+01
3.500000000000000000e+00 1.920148602272684712e+01
3.500000000000000000e+00 1.903968830466602569e+01
3.500000000000000000e+00 1.903968829410237973e+01
3.500000000000000000e+00 1.848255181393150437e+01
3.500000000000000000e+00 1.848255177928672666e+01
3.500000000000000000e+00 1.813121826032623574e+01
3.500000000000000000e+00 1.813121825771167650e+01
3.500000000000000000e+00 1.781944040616278357e+01
3.500000000000000000e+00 1.781944037412986503e+01
3.500000000000000000e+00 1.765224799855292659e+01
3.500000000000000000e+00 1.765224799669800149e+01
3.500000000000000000e+00 1.706589988599152719e+01
3.500000000000000000e+00 1.706589979638701493e+01
3.500000000000000000e+00 1.701126838900557559e+01
3.500000000000000000e+00 1.701126837808435610e+01
3.500000000000000000e+00 1.468126578736817045e+01
3.500000000000000000e+00 1.468126578264606330e+01
3.500000000000000000e+00 1.247550872968398927e+01
3.500000000000000000e+00 1.247550871065653766e+01
4.000000000000000000e+00 3.045380323211736950e+01
4.000000000000000000e+00 2.885341820905341947e+01
4.000000000000000000e+00 2.857083955385757434e+01
4.000000000000000000e+00 2.857083955328754854e+01
4.000000000000000000e+00 2.839806715188026232e+01
4.000000000000000000e+00 2.711282869089993497e+01
4.000000000000000000e+00 2.425419868161554149e+01
4.000000000000000000e+00 2.385107581617278072e+01
4.000000000000000000e+00 2.379554868343135965e+01
4.000000000000000000e+00 2.377348490345793053e+01
4.000000000000000000e+00 2.377348489547221178e+01
4.000000000000000000e+00 2.370143412132192395e+01
4.000000000000000000e+00 2.370143411864513538e+01
4.000000000000000000e+00 2.333439835322781164e+01
4.000000000000000000e+00 2.220571558339293361e+01
4.000000000000000000e+00 2.220571557524154827e+01
4.000000000000000000e+00 2.182117398141210884e+01
4.000000000000000000e+00 2.161190989763193926e+01
4.000000000000000000e+00 2.160798366980279894e+01
4.000000000000000000e+00 2.099381103662024373e+01
4.000000000000000000e+00 2.099381103386366831e+01
4.000000000000000000e+00 2.064285308466061508e+01
4.000000000000000000e+00 1.855890283937828400e+01
4.000000000000000000e+00 1.709961937561948986e+01
4.000000000000000000e+00 1.709961937497230977e+01
4.000000000000000000e+00 1.692908272511397527e+01
4.000000000000000000e+00 1.652751937601352239e+01
4.000000000000000000e+00 1.583364777522255906e+01
4.500000000000000000e+00 2.731708326324592306e+01
4.500000000000000000e+00 2.731708326063133185e+01
4.500000000000000000e+00 2.526306142429488588e+01
4.500000000000000000e+00 2.526306142107432251e+01
4.500000000000000000e+00 2.083867110221313368e+01
4.500000000000000000e+00 2.083867109674793383e+01
4.500000000000000000e+00 2.027343350258501786e+01
4.500000000000000000e+00 2.027343349651381743e+01
5.000000000000000000e+00 2.412197388134779530e+01
