-5.000000000000000000e+00 2.334964023649698106e+01
-4.500000000000000000e+00 2.655132912735611939e+01
-4.500000000000000000e+00 2.655132912735594886e+01
-4.500000000000000000e+00 2.440992583212830525e+01
-4.500000000000000000e+00 2.440992583212825906e+01
-4.500000000000000000e+00 1.932355411338366125e+01
-4.500000000000000000e+00 1.932355411338365769e+01
-4.500000000000000000e+00 1.914650514306439888e+01
-4.500000000000000000e+00 1.914650514306439177e+01
-4.000000000000000000e+00 2.975302232287116411e+01
-4.000000000000000000e+00 2.761161353200878210e+01
-4.000000000000000000e+00 2.761161353199195645e+01
-4.000000000000000000e+00 2.761161353199173618e+01
-4.000000000000000000e+00 2.761161059090039060e+01
-4.000000000000000000e+00 2.547021175782263214e+01
-4.000000000000000000e+00 2.252523919852329470e+01
-4.000000000000000000e+00 2.252523919852327694e+01
-4.000000000000000000e+00 2.252523919852319878e+01
-4.000000000000000000e+00 2.252523213978768624e+01
-4.000000000000000000e+00 2.234820042089508618e+01
-4.000000000000000000e+00 2.234819903065437430e+01
-4.000000000000000000e+00 2.234819903065433877e+01
-4.000000000000000000e+00 2.234819903065425706e+01
-4.000000000000000000e+00 2.038384470572289331e+01
-4.000000000000000000e+00 2.038384470572286489e+01
-4.000000000000000000e+00 2.038384470572281515e+01
-4.000000000000000000e+00 2.038384146424295906e+01
-4.000000000000000000e+00 2.020679245542918068e+01
-4.000000000000000000e+00 2.020678693296771655e+01
-4.000000000000000000e+00 2.020678693296769524e+01
-4.000000000000000000e+00 2.020678693296765616e+01
-4.000000000000000000e+00 1.529747946757093757e+01
-4.000000000000000000e+00 1.512041782895525976e+01
-4.000000000000000000e+00 1.512041782895525976e+01
-4.000000000000000000e+00 1.512041782895525976e+01
-4.000000000000000000e+00 1.512040517479734980e+01
-4.000000000000000000e+00 1.494337292024114916e+01
-3.500000000000000000e+00 3.081330403910378379e+01
-3.500000000000000000e+00 3.081330403876851776e+01
-3.500000000000000000e+00 2.867189662746186229e+01
-3.500000000000000000e+00 2.867189662699361818e+01
-3.500000000000000000e+00 2.572692497267361134e+01
-3.500000000000000000e+00 2.572692497255330224e+01
-3.500000000000000000e+00 2.554989803175863372e+01
-3.500000000000000000e+00 2.554989803166390772e+01
-3.500000000000000000e+00 2.512713844512437333e+01
-3.500000000000000000e+00 2.512713844511906913e+01
-3.500000000000000000e+00 2.358552859987719685e+01
-3.500000000000000000e+00 2.358552859987363348e+01
-3.500000000000000000e+00 2.358552859987155870e+01
-3.500000000000000000e+00 2.358552859986944483e+01
-3.500000000000000000e+00 2.358552319165218236e+01
-3.500000000000000000e+00 2.358552319164417099e+01
-3.500000000000000000e+00 2.358552022413072891e+01
-3.500000000000000000e+00 2.358552022412301596e+01
-3.500000000000000000e+00 2.340848612998465939e+01
-3.500000000000000000e+00 2.340848612998327738e+01
-3.500000000000000000e+00 2.340847962956766537e+01
-3.500000000000000000e+00 2.340847962955727724e+01
-3.500000000000000000e+00 2.340847962955245620e+01
-3.500000000000000000e+00 2.340847962953801442e+01
-3.500000000000000000e+00 2.340847803485867473e+01
-3.500000000000000000e+00 2.340847803484254896e+01
-3.500000000000000000e+00 2.144413471499878909e+01
-3.500000000000000000e+00 2.144413471499401780e+01
-3.500000000000000000e+00 2.126707127521141061e+01
-3.500000000000000000e+00 2.126707127520858265e+01
-3.500000000000000000e+00 2.048551815665204145e+01
-3.500000000000000000e+00 2.048551815665147657e+01
-3.500000000000000000e+00 1.849915684296389173e+01
-3.500000000000000000e+00 1.849915684296350449e+01
-3.500000000000000000e+00 1.832210791081019252e+01
-3.500000000000000000e+00 1.832210791081012502e+01
-3.500000000000000000e+00 1.832210791081012502e+01
-3.500000000000000000e+00 1.832210791081010726e+01
-3.500000000000000000e+00 1.832210530540297100e+01
-3.500000000000000000e+00 1.832210530540274362e+01
-3.500000000000000000e+00 1.832209365847795013e+01
-3.500000000000000000e+00 1.832209365847752025e+01
-3.500000000000000000e+00 1.814507118665513374e+01
-3.500000000000000000e+00 1.814507118665497387e+01
-3.500000000000000000e+00 1.635777392777549366e+01
-3.500000000000000000e+00 1.635777392777549011e+01
-3.500000000000000000e+00 1.618070663938160436e+01
-3.500000000000000000e+00 1.618070663938160436e+01
-3.500000000000000000e+00 1.618070461558238904e+01
-3.500000000000000000e+00 1.618070461558238549e+01
-3.500000000000000000e+00 1.618070461558238549e+01
-3.500000000000000000e+00 1.618070461558237838e+01
-3.500000000000000000e+00 1.618069036223275603e+01
-3.500000000000000000e+00 1.618069036223268498e+01
-3.500000000000000000e+00 1.600365466569591177e+01
-3.500000000000000000e+00 1.600365466569588335e+01
-3.500000000000000000e+00 1.109433554772072839e+01
-3.500000000000000000e+00 1.109433554772072839e+01
-3.500000000000000000e+00 1.091727840114087833e+01
-3.500000000000000000e+00 1.091727840114087833e+01
-3.000000000000000000e+00 2.832897591531622794e+01
-3.000000000000000000e+00 2.832897591531622794e+01
-3.000000000000000000e+00 2.832808385459694733e+01
-3.000000000000000000e+00 2.678719308152741974e+01
-3.000000000000000000e+00 2.678719308152741974e+01
-3.000000000000000000e+00 2.678709759334401141e+01
-3.000000000000000000e+00 2.678690664432681601e+01
-3.000000000000000000e+00 2.661040949463137295e+01
-3.000000000000000000e+00 2.661032947862812748e+01
-3.000000000000000000e+00 2.661024946902693600e+01
-3.000000000000000000e+00 2.661016946582676468e+01
-3.000000000000000000e+00 2.618746710969904257e+01
-3.000000000000000000e+00 2.618741468918164017e+01
-3.000000000000000000e+00 2.618741468918164017e+01
-3.000000000000000000e+00 2.618730985638984521e+01
-3.000000000000000000e+00 2.464584701126715061e+01
-3.000000000000000000e+00 2.464583579125963553e+01
-3.000000000000000000e+00 2.464580213199239367e+01
-3.000000000000000000e+00 2.464577969311029548e+01
-3.000000000000000000e+00 2.446878652260674514e+01
-3.000000000000000000e+00 2.446876772402415767e+01
-3.000000000000000000e+00 2.446875832486538016e+01
-3.000000000000000000e+00 2.446874892579494798e+01
-3.000000000000000000e+00 2.368720145222761175e+01
-3.000000000000000000e+00 2.368720145222761175e+01
-3.000000000000000000e+00 2.368719715032896644e+01
-3.000000000000000000e+00 2.368719284844883077e+01
-3.000000000000000000e+00 2.170083597216463644e+01
-3.000000000000000000e+00 2.154580789278498898e+01
-3.000000000000000000e+00 2.154580637647977781e+01
-3.000000000000000000e+00 2.154580587104522138e+01
-3.000000000000000000e+00 2.154580536561091719e+01
-3.000000000000000000e+00 2.152380055023242633e+01
-3.000000000000000000e+00 2.152379857249972162e+01
-3.000000000000000000e+00 2.152379857249972162e+01
-3.000000000000000000e+00 2.152379758363483475e+01
-3.000000000000000000e+00 2.134677030550358978e+01
-3.000000000000000000e+00 2.110104707549054126e+01
-3.000000000000000000e+00 2.110104545562791500e+01
-3.000000000000000000e+00 2.110104513165570594e+01
-3.000000000000000000e+00 2.110104480768359991e+01
-3.000000000000000000e+00 2.092400962837276879e+01
-3.000000000000000000e+00 2.092400908555753958e+01
-3.000000000000000000e+00 2.092400908555753958e+01
-3.000000000000000000e+00 2.092400799992796578e+01
-3.000000000000000000e+00 1.955945263823839042e+01
-3.000000000000000000e+00 1.955945028057944768e+01
-3.000000000000000000e+00 1.955945000320817329e+01
-3.000000000000000000e+00 1.955944979517976634e+01
-3.000000000000000000e+00 1.938239577502309530e+01
-3.000000000000000000e+00 1.938239554265970810e+01
-3.000000000000000000e+00 1.938239542647803759e+01
-3.000000000000000000e+00 1.938239374184529495e+01
-3.000000000000000000e+00 1.938239356757310361e+01
-3.000000000000000000e+00 1.938239350948238027e+01
-3.000000000000000000e+00 1.938239339330094424e+01
-3.000000000000000000e+00 1.938239339330094424e+01
-3.000000000000000000e+00 1.938239066304106473e+01
-3.000000000000000000e+00 1.938238868796409520e+01
-3.000000000000000000e+00 1.938238862987365607e+01
-3.000000000000000000e+00 1.938238845560235646e+01
-3.000000000000000000e+00 1.938237747657169407e+01
-3.000000000000000000e+00 1.938237741848190510e+01
-3.000000000000000000e+00 1.938237730230233780e+01
-3.000000000000000000e+00 1.938236365129714045e+01
-3.000000000000000000e+00 1.920535605354461239e+01
-3.000000000000000000e+00 1.920535216031942838e+01
-3.000000000000000000e+00 1.920535216031942838e+01
-3.000000000000000000e+00 1.920535191699335797e+01
-3.000000000000000000e+00 1.741806591030863416e+01
-3.000000000000000000e+00 1.724099289850133587e+01
-3.000000000000000000e+00 1.724099287802606995e+01
-3.000000000000000000e+00 1.724099287802606995e+01
-3.000000000000000000e+00 1.724098352769837206e+01
-3.000000000000000000e+00 1.706393322901396203e+01
-3.000000000000000000e+00 1.645943883371360528e+01
-3.000000000000000000e+00 1.645943883371360528e+01
-3.000000000000000000e+00 1.645943883058980006e+01
-3.000000000000000000e+00 1.645943882746599840e+01
-3.000000000000000000e+00 1.628237758168001292e+01
-3.000000000000000000e+00 1.628237757906311600e+01
-3.000000000000000000e+00 1.628237757382931505e+01
-3.000000000000000000e+00 1.628237756859551766e+01
-3.000000000000000000e+00 1.429601924457181639e+01
-3.000000000000000000e+00 1.429601841235641757e+01
-3.000000000000000000e+00 1.429601841199739454e+01
-3.000000000000000000e+00 1.429601841056130418e+01
-3.000000000000000000e+00 1.411897386173524716e+01
-3.000000000000000000e+00 1.411897386143447797e+01
-3.000000000000000000e+00 1.411897386143447797e+01
-3.000000000000000000e+00 1.411896772727530447e+01
-3.000000000000000000e+00 1.215463113053872490e+01
-3.000000000000000000e+00 1.215462582759363031e+01
-3.000000000000000000e+00 1.215462582755144894e+01
-3.000000000000000000e+00 1.215462582750926579e+01
-3.000000000000000000e+00 1.197756383040217365e+01
-3.000000000000000000e+00 1.197756383033149952e+01
-3.000000000000000000e+00 1.197756383029616245e+01
-3.000000000000000000e+00 1.197756060904793607e+01
-3.000000000000000000e+00 6.891194886918776241e+00
-2.500000000000000000e+00 2.198428804584276364e+01
-2.500000000000000000e+00 2.198428647864115959e+01
-2.500000000000000000e+00 2.198428647864115959e+01
-2.500000000000000000e+00 2.198428569504127950e+01
-2.500000000000000000e+00 2.061974285719060163e+01
-2.500000000000000000e+00 2.061974225656769377e+01
-2.500000000000000000e+00 2.044267964196065179e+01
-2.500000000000000000e+00 2.044267947424130938e+01
-2.500000000000000000e+00 2.044267863564501297e+01
-2.500000000000000000e+00 2.044267863564501297e+01
-2.500000000000000000e+00 2.044267611986035149e+01
-2.500000000000000000e+00 2.044267494582967615e+01
-2.500000000000000000e+00 2.044266303788213435e+01
-2.500000000000000000e+00 2.044266270244904860e+01
-2.500000000000000000e+00 2.026563125160014422e+01
-2.500000000000000000e+00 2.026563083008496946e+01
-2.500000000000000000e+00 1.966112031647529435e+01
-2.500000000000000000e+00 1.966112023971152922e+01
-2.500000000000000000e+00 1.966112016294776765e+01
-2.500000000000000000e+00 1.966112016294776765e+01
-2.500000000000000000e+00 1.966112000942026583e+01
-2.500000000000000000e+00 1.966112000942026583e+01
-2.500000000000000000e+00 1.966111010694620376e+01
-2.500000000000000000e+00 1.966111010694620376e+01
-2.500000000000000000e+00 1.948407029549229819e+01
-2.500000000000000000e+00 1.948407029549229819e+01
-2.500000000000000000e+00 1.948406753025571092e+01
-2.500000000000000000e+00 1.948406740164023887e+01
-2.500000000000000000e+00 1.948406733733251173e+01
-2.500000000000000000e+00 1.948406720871706810e+01
-2.500000000000000000e+00 1.948406714440935161e+01
-2.500000000000000000e+00 1.948406695148622703e+01
-2.500000000000000000e+00 1.751973185503856456e+01
-2.500000000000000000e+00 1.751973181896217469e+01
-2.500000000000000000e+00 1.751973181896217469e+01
-2.500000000000000000e+00 1.751973180092398152e+01
-2.500000000000000000e+00 1.751973179190488139e+01
-2.500000000000000000e+00 1.751973179190488139e+01
-2.500000000000000000e+00 1.751972993397258804e+01
-2.500000000000000000e+00 1.751972991593442686e+01
-2.500000000000000000e+00 1.749770668984909605e+01
-2.500000000000000000e+00 1.749770668102647520e+01
-2.500000000000000000e+00 1.734266620846507578e+01
-2.500000000000000000e+00 1.734266618579851027e+01
-2.500000000000000000e+00 1.734266213604713158e+01
-2.500000000000000000e+00 1.734266212093615067e+01
-2.500000000000000000e+00 1.734266211338065844e+01
-2.500000000000000000e+00 1.734266211338065844e+01
-2.500000000000000000e+00 1.734266209071418530e+01
-2.500000000000000000e+00 1.734266206804771571e+01
-2.500000000000000000e+00 1.732066971527426702e+01
-2.500000000000000000e+00 1.732066967092741905e+01
-2.500000000000000000e+00 1.707496215899172753e+01
-2.500000000000000000e+00 1.707496214742975482e+01
-2.500000000000000000e+00 1.689791469497140497e+01
-2.500000000000000000e+00 1.689791469012844161e+01
-2.500000000000000000e+00 1.689791467559954441e+01
-2.500000000000000000e+00 1.689791467075658105e+01
-2.500000000000000000e+00 1.689791467075658105e+01
-2.500000000000000000e+00 1.689791466107065077e+01
-2.500000000000000000e+00 1.689790436013743502e+01
-2.500000000000000000e+00 1.689790434076577341e+01
-2.500000000000000000e+00 1.672088097858670963e+01
-2.500000000000000000e+00 1.672088097452950706e+01
-2.500000000000000000e+00 1.535631228444157870e+01
-2.500000000000000000e+00 1.535631228340499987e+01
-2.500000000000000000e+00 1.535630738558678665e+01
-2.500000000000000000e+00 1.535630738351364144e+01
-2.500000000000000000e+00 1.535630738351364144e+01
-2.500000000000000000e+00 1.535630738247706972e+01
-2.500000000000000000e+00 1.535630552494044210e+01
-2.500000000000000000e+00 1.535630552390387038e+01
-2.500000000000000000e+00 1.517925841396431963e+01
-2.500000000000000000e+00 1.517925841396431963e+01
-2.500000000000000000e+00 1.517925841396431963e+01
-2.500000000000000000e+00 1.517925841222756489e+01
-2.500000000000000000e+00 1.517925458616510781e+01
-2.500000000000000000e+00 1.517925458529673399e+01
-2.500000000000000000e+00 1.517924954179419572e+01
-2.500000000000000000e+00 1.517924954092582546e+01
-2.500000000000000000e+00 1.321491896852563386e+01
-2.500000000000000000e+00 1.321491896767311403e+01
-2.500000000000000000e+00 1.303784836837952277e+01
-2.500000000000000000e+00 1.303784836817547266e+01
-2.500000000000000000e+00 1.243337293118573861e+01
-2.500000000000000000e+00 1.243337293096277030e+01
-2.500000000000000000e+00 1.225629710372374603e+01
-2.500000000000000000e+00 1.225629710372374603e+01
-2.500000000000000000e+00 1.225629710367704917e+01
-2.500000000000000000e+00 1.225629710363035230e+01
-2.500000000000000000e+00 1.225629710363035230e+01
-2.500000000000000000e+00 1.225629710358365720e+01
-2.500000000000000000e+00 1.225628212483182367e+01
-2.500000000000000000e+00 1.225628212469173661e+01
-2.500000000000000000e+00 1.207924099772906956e+01
-2.500000000000000000e+00 1.207924099761171277e+01
-2.500000000000000000e+00 1.009288334046706481e+01
-2.500000000000000000e+00 1.009288334046706481e+01
-2.500000000000000000e+00 7.951483878357347379e+00
-2.500000000000000000e+00 7.951483878357347379e+00
-2.000000000000000000e+00 1.813525579727601666e+01
-2.000000000000000000e+00 1.795820043243440267e+01
-2.000000000000000000e+00 1.795820040446922405e+01
-2.000000000000000000e+00 1.795820039048663830e+01
-2.000000000000000000e+00 1.795820039048663830e+01
-2.000000000000000000e+00 1.795819897824625144e+01
-2.000000000000000000e+00 1.795819895028111546e+01
-2.000000000000000000e+00 1.795819893629854747e+01
-2.000000000000000000e+00 1.795819890833341148e+01
-2.000000000000000000e+00 1.795819890833341148e+01
-2.000000000000000000e+00 1.795819890833341148e+01
-2.000000000000000000e+00 1.795819890833341148e+01
-2.000000000000000000e+00 1.795819889435084349e+01
-2.000000000000000000e+00 1.795818257682824282e+01
-2.000000000000000000e+00 1.795818256284590220e+01
-2.000000000000000000e+00 1.795818253488122451e+01
-2.000000000000000000e+00 1.795818250691655038e+01
-2.000000000000000000e+00 1.778116285709354116e+01
-2.000000000000000000e+00 1.778116284537965086e+01
-2.000000000000000000e+00 1.778116281023798351e+01
-2.000000000000000000e+00 1.778116277509631615e+01
-2.000000000000000000e+00 1.762139959306025716e+01
-2.000000000000000000e+00 1.641659938324388790e+01
-2.000000000000000000e+00 1.641659800356069354e+01
-2.000000000000000000e+00 1.641659798560387529e+01
-2.000000000000000000e+00 1.641659795866864613e+01
-2.000000000000000000e+00 1.623954020919866537e+01
-2.000000000000000000e+00 1.623954019917000480e+01
-2.000000000000000000e+00 1.623954018663417997e+01
-2.000000000000000000e+00 1.623953313400389220e+01
-2.000000000000000000e+00 1.563504688394855791e+01
-2.000000000000000000e+00 1.563504688120897335e+01
-2.000000000000000000e+00 1.563504687846938701e+01
-2.000000000000000000e+00 1.563504687436000928e+01
-2.000000000000000000e+00 1.545798324488485598e+01
-2.000000000000000000e+00 1.545798324488485598e+01
-2.000000000000000000e+00 1.545798324144232083e+01
-2.000000000000000000e+00 1.545798324144232083e+01
-2.000000000000000000e+00 1.545798324144232083e+01
-2.000000000000000000e+00 1.545798324029481030e+01
-2.000000000000000000e+00 1.545798323799978746e+01
-2.000000000000000000e+00 1.545798323455725232e+01
-2.000000000000000000e+00 1.545797975760346077e+01
-2.000000000000000000e+00 1.545797975760346077e+01
-2.000000000000000000e+00 1.545797975760346077e+01
-2.000000000000000000e+00 1.545797975416093806e+01
-2.000000000000000000e+00 1.545796148600834385e+01
-2.000000000000000000e+00 1.545796148371337075e+01
-2.000000000000000000e+00 1.545796148256588509e+01
-2.000000000000000000e+00 1.545796148141839765e+01
-2.000000000000000000e+00 1.528093870782982400e+01
-2.000000000000000000e+00 1.528093870686850408e+01
-2.000000000000000000e+00 1.528093870686850408e+01
-2.000000000000000000e+00 1.528093870398454612e+01
-2.000000000000000000e+00 1.349366811634408236e+01
-2.000000000000000000e+00 1.349366811634408236e+01
-2.000000000000000000e+00 1.349366811634408236e+01
-2.000000000000000000e+00 1.349366811618314088e+01
-2.000000000000000000e+00 1.331658901043757481e+01
-2.000000000000000000e+00 1.331658901030275288e+01
-2.000000000000000000e+00 1.331658901003310902e+01
-2.000000000000000000e+00 1.331658900989828709e+01
-2.000000000000000000e+00 1.331658643068586834e+01
-2.000000000000000000e+00 1.331658643068586834e+01
-2.000000000000000000e+00 1.331658643055104640e+01
-2.000000000000000000e+00 1.331658643055104640e+01
-2.000000000000000000e+00 1.331658643041622447e+01
-2.000000000000000000e+00 1.331658643028140254e+01
-2.000000000000000000e+00 1.331658643014658061e+01
-2.000000000000000000e+00 1.331658643014658061e+01
-2.000000000000000000e+00 1.331657423720391265e+01
-2.000000000000000000e+00 1.331657423706909249e+01
-2.000000000000000000e+00 1.331657423679945218e+01
-2.000000000000000000e+00 1.331657423666463202e+01
-2.000000000000000000e+00 1.329457591479749468e+01
-2.000000000000000000e+00 1.313952263841495238e+01
-2.000000000000000000e+00 1.313952263773729001e+01
-2.000000000000000000e+00 1.313952263728551451e+01
-2.000000000000000000e+00 1.313952263717257196e+01
-2.000000000000000000e+00 1.287182425921892914e+01
-2.000000000000000000e+00 1.287182425921892914e+01
-2.000000000000000000e+00 1.287182425895967697e+01
-2.000000000000000000e+00 1.287182425878684100e+01
-2.000000000000000000e+00 1.269478143523724789e+01
-2.000000000000000000e+00 1.269478143516485247e+01
-2.000000000000000000e+00 1.269478143516485247e+01
-2.000000000000000000e+00 1.269478143502005985e+01
-2.000000000000000000e+00 1.115317109892078840e+01
-2.000000000000000000e+00 1.115317109892078840e+01
-2.000000000000000000e+00 1.115317109888979807e+01
-2.000000000000000000e+00 1.115316815784909465e+01
-2.000000000000000000e+00 9.011773299455127173e+00
-2.000000000000000000e+00 8.230222965289893722e+00
-2.000000000000000000e+00 8.230222965287394388e+00
-2.000000000000000000e+00 8.230222965287394388e+00
-2.000000000000000000e+00 8.230222965286561276e+00
-2.000000000000000000e+00 8.053151495883380306e+00
-2.000000000000000000e+00 8.053151495881984090e+00
-2.000000000000000000e+00 8.053151495881285982e+00
-2.000000000000000000e+00 8.053151495881285982e+00
-1.500000000000000000e+00 1.651825196079039770e+01
-1.500000000000000000e+00 1.651825194091219373e+01
-1.500000000000000000e+00 1.651825194091219373e+01
-1.500000000000000000e+00 1.651825193428612337e+01
-1.500000000000000000e+00 1.634121881931188724e+01
-1.500000000000000000e+00 1.634121881098538509e+01
-1.500000000000000000e+00 1.634121879155687651e+01
-1.500000000000000000e+00 1.634121879155687651e+01
-1.500000000000000000e+00 1.634121878878137579e+01
-1.500000000000000000e+00 1.634121878323037436e+01
-1.500000000000000000e+00 1.634120777565443561e+01
-1.500000000000000000e+00 1.634120776732802582e+01
-1.500000000000000000e+00 1.607351290541539868e+01
-1.500000000000000000e+00 1.607351289267363725e+01
-1.500000000000000000e+00 1.607351289267363725e+01
-1.500000000000000000e+00 1.607351288842638226e+01
-1.500000000000000000e+00 1.607351288417913082e+01
-1.500000000000000000e+00 1.607351288205550333e+01
-1.500000000000000000e+00 1.607351004064702948e+01
-1.500000000000000000e+00 1.607351001516358124e+01
-1.500000000000000000e+00 1.589648013832322349e+01
-1.500000000000000000e+00 1.589648013476507771e+01
-1.500000000000000000e+00 1.589647960104324476e+01
-1.500000000000000000e+00 1.589647958858973809e+01
-1.500000000000000000e+00 1.589647958858973809e+01
-1.500000000000000000e+00 1.589647958681066520e+01
-1.500000000000000000e+00 1.589647957969437719e+01
-1.500000000000000000e+00 1.589647957435716030e+01
-1.500000000000000000e+00 1.455396587832911237e+01
-1.500000000000000000e+00 1.455396587182369217e+01
-1.500000000000000000e+00 1.437687747964701934e+01
-1.500000000000000000e+00 1.437687747770072377e+01
-1.500000000000000000e+00 1.437687747575442820e+01
-1.500000000000000000e+00 1.437687747497590962e+01
-1.500000000000000000e+00 1.437687747458665122e+01
-1.500000000000000000e+00 1.437687747458665122e+01
-1.500000000000000000e+00 1.437686246214343733e+01
-1.500000000000000000e+00 1.437686246097567810e+01
-1.500000000000000000e+00 1.435486117955705687e+01
-1.500000000000000000e+00 1.435486117803392681e+01
-1.500000000000000000e+00 1.419980827163744941e+01
-1.500000000000000000e+00 1.419980827163744941e+01
-1.500000000000000000e+00 1.393211899530829001e+01
-1.500000000000000000e+00 1.393211899480927585e+01
-1.500000000000000000e+00 1.393211202959785844e+01
-1.500000000000000000e+00 1.393211202859983722e+01
-1.500000000000000000e+00 1.393211202835033191e+01
-1.500000000000000000e+00 1.393211202810082661e+01
-1.500000000000000000e+00 1.393211202735231069e+01
-1.500000000000000000e+00 1.393211202635428947e+01
-1.500000000000000000e+00 1.375506417006302762e+01
-1.500000000000000000e+00 1.375506416964498690e+01
-1.500000000000000000e+00 1.375506416922694619e+01
-1.500000000000000000e+00 1.375506416818184441e+01
-1.500000000000000000e+00 1.375506416671870191e+01
-1.500000000000000000e+00 1.375506416671870191e+01
-1.500000000000000000e+00 1.375505876397378735e+01
-1.500000000000000000e+00 1.375505876292869090e+01
-1.500000000000000000e+00 1.359532828451767728e+01
-1.500000000000000000e+00 1.359532828291421502e+01
-1.500000000000000000e+00 1.341825304867502311e+01
-1.500000000000000000e+00 1.341825304718252632e+01
-1.500000000000000000e+00 1.221345788535532684e+01
-1.500000000000000000e+00 1.221345788531058929e+01
-1.500000000000000000e+00 1.143190457886110600e+01
-1.500000000000000000e+00 1.143190457867681786e+01
-1.500000000000000000e+00 1.143190005897536743e+01
-1.500000000000000000e+00 1.143190005881155713e+01
-1.500000000000000000e+00 1.143190005875012716e+01
-1.500000000000000000e+00 1.143190005868869896e+01
-1.500000000000000000e+00 1.143190005866822290e+01
-1.500000000000000000e+00 1.143190005860679470e+01
-1.500000000000000000e+00 1.125484426184676501e+01
-1.500000000000000000e+00 1.125484426160661400e+01
-1.500000000000000000e+00 1.125484426157230544e+01
-1.500000000000000000e+00 1.125484426146938333e+01
-1.500000000000000000e+00 1.125484426145223082e+01
-1.500000000000000000e+00 1.125484426134930871e+01
-1.500000000000000000e+00 1.125483144607238195e+01
-1.500000000000000000e+00 1.125483144600376839e+01
-1.500000000000000000e+00 9.290519395119760659e+00
-1.500000000000000000e+00 9.290519395098106870e+00
-1.500000000000000000e+00 9.290515756288904470e+00
-1.500000000000000000e+00 9.290515756276874981e+00
-1.500000000000000000e+00 9.290515756264847269e+00
-1.500000000000000000e+00 9.290515756260035118e+00
-1.500000000000000000e+00 9.290515756255222968e+00
-1.500000000000000000e+00 9.290515756240788292e+00
-1.500000000000000000e+00 9.113439620664305352e+00
-1.500000000000000000e+00 9.113439620654229856e+00
-1.500000000000000000e+00 9.113439620634075311e+00
-1.500000000000000000e+00 9.113439620632060922e+00
-1.500000000000000000e+00 9.113439620626014204e+00
-1.500000000000000000e+00 9.113439620626014204e+00
-1.500000000000000000e+00 9.113438583090212930e+00
-1.500000000000000000e+00 9.113438583061999054e+00
-1.500000000000000000e+00 8.668689492860600865e+00
-1.500000000000000000e+00 8.668689492860600865e+00
-1.500000000000000000e+00 4.027076409754256403e+00
-1.500000000000000000e+00 4.027076409754231534e+00
-1.000000000000000000e+00 1.465562334472543604e+01
-1.000000000000000000e+00 1.465562269247303817e+01
-1.000000000000000000e+00 1.463358363412890562e+01
-1.000000000000000000e+00 1.463358363362572412e+01
-1.000000000000000000e+00 1.463358363261936113e+01
-1.000000000000000000e+00 1.463358362960027037e+01
-1.000000000000000000e+00 1.447854478334835981e+01
-1.000000000000000000e+00 1.447854083875370002e+01
-1.000000000000000000e+00 1.447854083746095810e+01
-1.000000000000000000e+00 1.447854083487547427e+01
-1.000000000000000000e+00 1.445653774200916963e+01
-1.000000000000000000e+00 1.445653774074456166e+01
-1.000000000000000000e+00 1.445653774032302508e+01
-1.000000000000000000e+00 1.445653773905841710e+01
-1.000000000000000000e+00 1.421085559617226401e+01
-1.000000000000000000e+00 1.421085559584255087e+01
-1.000000000000000000e+00 1.421085559452369829e+01
-1.000000000000000000e+00 1.421084292372397684e+01
-1.000000000000000000e+00 1.403379395875779601e+01
-1.000000000000000000e+00 1.403379395875779601e+01
-1.000000000000000000e+00 1.403379395820537567e+01
-1.000000000000000000e+00 1.403379395820537567e+01
-1.000000000000000000e+00 1.403379395792916640e+01
-1.000000000000000000e+00 1.403379395765295534e+01
-1.000000000000000000e+00 1.403379395737674606e+01
-1.000000000000000000e+00 1.403379395710053501e+01
-1.000000000000000000e+00 1.403379395654811468e+01
-1.000000000000000000e+00 1.403378517227798206e+01
-1.000000000000000000e+00 1.403378516979211277e+01
-1.000000000000000000e+00 1.403378516896349026e+01
-1.000000000000000000e+00 1.403378130510230193e+01
-1.000000000000000000e+00 1.403378130454988870e+01
-1.000000000000000000e+00 1.403378130427368120e+01
-1.000000000000000000e+00 1.403376939072662566e+01
-1.000000000000000000e+00 1.385674904946448294e+01
-1.000000000000000000e+00 1.385674904900169757e+01
-1.000000000000000000e+00 1.385674904784473327e+01
-1.000000000000000000e+00 1.385674760534294947e+01
-1.000000000000000000e+00 1.249219800595767360e+01
-1.000000000000000000e+00 1.249219800560295468e+01
-1.000000000000000000e+00 1.249219800554383575e+01
-1.000000000000000000e+00 1.249219800548471504e+01
-1.000000000000000000e+00 1.249219210049923845e+01
-1.000000000000000000e+00 1.249219210049923845e+01
-1.000000000000000000e+00 1.249219210044011952e+01
-1.000000000000000000e+00 1.249219210038100059e+01
-1.000000000000000000e+00 1.249219210038100059e+01
-1.000000000000000000e+00 1.249219210032188165e+01
-1.000000000000000000e+00 1.249219210026276095e+01
-1.000000000000000000e+00 1.249219210014452308e+01
-1.000000000000000000e+00 1.249219154377161445e+01
-1.000000000000000000e+00 1.249219154371249552e+01
-1.000000000000000000e+00 1.249219154359425588e+01
-1.000000000000000000e+00 1.249219154335777837e+01
-1.000000000000000000e+00 1.231513084099273847e+01
-1.000000000000000000e+00 1.231513084074510900e+01
-1.000000000000000000e+00 1.231513084069558239e+01
-1.000000000000000000e+00 1.231513084069558239e+01
-1.000000000000000000e+00 1.231513084069558239e+01
-1.000000000000000000e+00 1.231513084064605579e+01
-1.000000000000000000e+00 1.231513084059653096e+01
-1.000000000000000000e+00 1.231513084054700435e+01
-1.000000000000000000e+00 1.231512604953330303e+01
-1.000000000000000000e+00 1.231512604953330303e+01
-1.000000000000000000e+00 1.231512604943425160e+01
-1.000000000000000000e+00 1.231512604938472677e+01
-1.000000000000000000e+00 1.231511850779745210e+01
-1.000000000000000000e+00 1.231511850750029957e+01
-1.000000000000000000e+00 1.231511850750029957e+01
-1.000000000000000000e+00 1.231511850720314705e+01
-1.000000000000000000e+00 1.187038307051431474e+01
-1.000000000000000000e+00 1.187038307051431474e+01
-1.000000000000000000e+00 1.187038307048256947e+01
-1.000000000000000000e+00 1.187038307029209783e+01
-1.000000000000000000e+00 1.035081080852328128e+01
-1.000000000000000000e+00 1.035081080852328128e+01
-1.000000000000000000e+00 1.035081080851633395e+01
-1.000000000000000000e+00 1.035081080849549728e+01
-1.000000000000000000e+00 1.017372761703104089e+01
-1.000000000000000000e+00 1.017372761700776707e+01
-1.000000000000000000e+00 1.017372761700194772e+01
-1.000000000000000000e+00 1.017372761700194772e+01
-1.000000000000000000e+00 9.728975893697221267e+00
-1.000000000000000000e+00 9.728975893682301646e+00
-1.000000000000000000e+00 9.728975893682301646e+00
-1.000000000000000000e+00 9.728975893671112374e+00
-1.000000000000000000e+00 9.569272731250217490e+00
-1.000000000000000000e+00 9.392180772274565825e+00
-1.000000000000000000e+00 9.392180772263913013e+00
-1.000000000000000000e+00 9.392180772250595666e+00
-1.000000000000000000e+00 9.392165031873766168e+00
-1.000000000000000000e+00 9.215109797673401104e+00
-1.000000000000000000e+00 7.228759739327943024e+00
-1.000000000000000000e+00 7.228759739327637490e+00
-1.000000000000000000e+00 7.228759739327024647e+00
-1.000000000000000000e+00 7.228759739326412692e+00
-1.000000000000000000e+00 5.087367991800434197e+00
-1.000000000000000000e+00 5.087367991800398670e+00
-1.000000000000000000e+00 5.087367991800326728e+00
-1.000000000000000000e+00 5.087367991800290312e+00
-5.000000000000000000e-01 1.509406648730398359e+01
-5.000000000000000000e-01 1.509406648570906029e+01
-5.000000000000000000e-01 1.509405446962350261e+01
-5.000000000000000000e-01 1.509405445526935807e+01
-5.000000000000000000e-01 1.507207902609064654e+01
-5.000000000000000000e-01 1.507207901984969212e+01
-5.000000000000000000e-01 1.491703081144121512e+01
-5.000000000000000000e-01 1.491703079674359245e+01
-5.000000000000000000e-01 1.491703079540744525e+01
-5.000000000000000000e-01 1.491703079340322446e+01
-5.000000000000000000e-01 1.491703078872670751e+01
-5.000000000000000000e-01 1.491703078805863392e+01
-5.000000000000000000e-01 1.491702130078885347e+01
-5.000000000000000000e-01 1.491702129143591016e+01
-5.000000000000000000e-01 1.464932013643780451e+01
-5.000000000000000000e-01 1.464932013490431650e+01
-5.000000000000000000e-01 1.447228821690749534e+01
-5.000000000000000000e-01 1.447228821219698780e+01
-5.000000000000000000e-01 1.355248794842986371e+01
-5.000000000000000000e-01 1.355248794757640951e+01
-5.000000000000000000e-01 1.355248507433672067e+01
-5.000000000000000000e-01 1.355248507245912393e+01
-5.000000000000000000e-01 1.355248507245912393e+01
-5.000000000000000000e-01 1.355248507143497960e+01
-5.000000000000000000e-01 1.355248507075221731e+01
-5.000000000000000000e-01 1.355248507058152718e+01
-5.000000000000000000e-01 1.337541538216598802e+01
-5.000000000000000000e-01 1.337541538159402243e+01
-5.000000000000000000e-01 1.337541538145103281e+01
-5.000000000000000000e-01 1.337541538130804142e+01
-5.000000000000000000e-01 1.337541538130804142e+01
-5.000000000000000000e-01 1.337541538045009304e+01
-5.000000000000000000e-01 1.337540536854219830e+01
-5.000000000000000000e-01 1.337540536797023805e+01
-5.000000000000000000e-01 1.293066795316359219e+01
-5.000000000000000000e-01 1.293066795316359219e+01
-5.000000000000000000e-01 1.293066795298028104e+01
-5.000000000000000000e-01 1.293066795288862636e+01
-5.000000000000000000e-01 1.293066795261366053e+01
-5.000000000000000000e-01 1.293066795197207242e+01
-5.000000000000000000e-01 1.293066551169637357e+01
-5.000000000000000000e-01 1.293066551087147786e+01
-5.000000000000000000e-01 1.277094283093277483e+01
-5.000000000000000000e-01 1.277094283077652470e+01
-5.000000000000000000e-01 1.259386191089307339e+01
-5.000000000000000000e-01 1.259386191056584181e+01
-5.000000000000000000e-01 1.259386191043494918e+01
-5.000000000000000000e-01 1.259386191023861024e+01
-5.000000000000000000e-01 1.259385992172084912e+01
-5.000000000000000000e-01 1.259385992060826354e+01
-5.000000000000000000e-01 1.259383134814417993e+01
-5.000000000000000000e-01 1.259383134735884724e+01
-5.000000000000000000e-01 1.241680222041037496e+01
-5.000000000000000000e-01 1.241680221975246035e+01
-5.000000000000000000e-01 1.078926273430604788e+01
-5.000000000000000000e-01 1.078926273417682680e+01
-5.000000000000000000e-01 1.062956663813192471e+01
-5.000000000000000000e-01 1.062956663804931168e+01
-5.000000000000000000e-01 1.045247530663871061e+01
-5.000000000000000000e-01 1.045247530656950552e+01
-5.000000000000000000e-01 1.045247269116889122e+01
-5.000000000000000000e-01 1.045247269109968791e+01
-5.000000000000000000e-01 1.045247269106124044e+01
-5.000000000000000000e-01 1.045247269103048282e+01
-5.000000000000000000e-01 1.045246289447129762e+01
-5.000000000000000000e-01 1.045246289429444353e+01
-5.000000000000000000e-01 1.043044893681817165e+01
-5.000000000000000000e-01 1.043044893680312768e+01
-5.000000000000000000e-01 1.027539535670266346e+01
-5.000000000000000000e-01 1.027539535661248138e+01
-5.000000000000000000e-01 1.000771167654983884e+01
-5.000000000000000000e-01 1.000771167651533844e+01
-5.000000000000000000e-01 1.000771167651533844e+01
-5.000000000000000000e-01 1.000771167651533844e+01
-5.000000000000000000e-01 1.000771167651040905e+01
-5.000000000000000000e-01 1.000771167645619286e+01
-5.000000000000000000e-01 1.000769734746250172e+01
-5.000000000000000000e-01 1.000769734740335792e+01
-5.000000000000000000e-01 9.830654529940876074e+00
-5.000000000000000000e-01 9.830654529932617791e+00
-5.000000000000000000e-01 9.830654529907844719e+00
-5.000000000000000000e-01 9.830654529903714689e+00
-5.000000000000000000e-01 9.830654529887199899e+00
-5.000000000000000000e-01 9.830654529878941617e+00
-5.000000000000000000e-01 9.830647038334333843e+00
-5.000000000000000000e-01 9.830647038301302487e+00
-5.000000000000000000e-01 8.289050373673978456e+00
-5.000000000000000000e-01 8.289050373666908555e+00
-5.000000000000000000e-01 8.289050373658954030e+00
-5.000000000000000000e-01 8.289050373658071180e+00
-5.000000000000000000e-01 8.289050373657186555e+00
-5.000000000000000000e-01 8.289050373654536230e+00
-5.000000000000000000e-01 8.289046933167142583e+00
-5.000000000000000000e-01 8.289046933162723008e+00
-5.000000000000000000e-01 6.147659993458996830e+00
-5.000000000000000000e-01 6.147659993457438965e+00
-5.000000000000000000e-01 5.366117547311972658e+00
-5.000000000000000000e-01 5.366117547311378466e+00
-5.000000000000000000e-01 5.189028336410137499e+00
-5.000000000000000000e-01 5.189028336409899467e+00
0.000000000000000000e+00 1.320939537488124849e+01
0.000000000000000000e+00 1.320939537403342356e+01
0.000000000000000000e+00 1.320939537367007155e+01
0.000000000000000000e+00 1.320939454110709832e+01
0.000000000000000000e+00 1.320939454098597921e+01
0.000000000000000000e+00 1.320939454050150985e+01
0.000000000000000000e+00 1.320939454038039251e+01
0.000000000000000000e+00 1.320939454025927340e+01
0.000000000000000000e+00 1.320939454013815606e+01
0.000000000000000000e+00 1.320939453989592138e+01
0.000000000000000000e+00 1.320939453977480404e+01
0.000000000000000000e+00 1.320939453953256759e+01
0.000000000000000000e+00 1.320938431949704572e+01
0.000000000000000000e+00 1.320938431925481282e+01
0.000000000000000000e+00 1.320938431901257992e+01
0.000000000000000000e+00 1.320934462184227165e+01
0.000000000000000000e+00 1.303239609200972815e+01
0.000000000000000000e+00 1.303234999085912449e+01
0.000000000000000000e+00 1.303234999085912449e+01
0.000000000000000000e+00 1.303234999075765899e+01
0.000000000000000000e+00 1.303234999075765899e+01
0.000000000000000000e+00 1.303234999045326248e+01
0.000000000000000000e+00 1.303234999035179698e+01
0.000000000000000000e+00 1.303234999035179698e+01
0.000000000000000000e+00 1.303234999035179698e+01
0.000000000000000000e+00 1.303234999014886597e+01
0.000000000000000000e+00 1.303234620438101032e+01
0.000000000000000000e+00 1.303234620427954482e+01
0.000000000000000000e+00 1.303234620397515009e+01
0.000000000000000000e+00 1.303234385607776069e+01
0.000000000000000000e+00 1.303234385557043673e+01
0.000000000000000000e+00 1.303234385546897300e+01
0.000000000000000000e+00 1.168990780502358007e+01
0.000000000000000000e+00 1.151276662599181577e+01
0.000000000000000000e+00 1.151276662594741396e+01
0.000000000000000000e+00 1.151276662592521305e+01
0.000000000000000000e+00 1.151268837050676375e+01
0.000000000000000000e+00 1.149073651067518398e+01
0.000000000000000000e+00 1.149073651052316336e+01
0.000000000000000000e+00 1.149073651037114274e+01
0.000000000000000000e+00 1.149073651037114274e+01
0.000000000000000000e+00 1.133570956662573614e+01
0.000000000000000000e+00 1.106804513457910488e+01
0.000000000000000000e+00 1.106800725952036046e+01
0.000000000000000000e+00 1.106800725937805652e+01
0.000000000000000000e+00 1.106800725913614158e+01
0.000000000000000000e+00 1.106800195648425422e+01
0.000000000000000000e+00 1.106800195644156481e+01
0.000000000000000000e+00 1.106800195642733442e+01
0.000000000000000000e+00 1.106800195639887363e+01
0.000000000000000000e+00 1.106800195634195205e+01
0.000000000000000000e+00 1.106800195631349126e+01
0.000000000000000000e+00 1.106800195628503225e+01
0.000000000000000000e+00 1.106800195625657146e+01
0.000000000000000000e+00 1.106800195621388028e+01
0.000000000000000000e+00 1.106798915290970342e+01
0.000000000000000000e+00 1.106798915272471362e+01
0.000000000000000000e+00 1.106798915263933303e+01
0.000000000000000000e+00 1.089093995916087998e+01
0.000000000000000000e+00 1.089093995914895885e+01
0.000000000000000000e+00 1.089093995911319546e+01
0.000000000000000000e+00 1.089093995906551271e+01
0.000000000000000000e+00 1.089093995906551271e+01
0.000000000000000000e+00 1.089093995906551271e+01
0.000000000000000000e+00 1.089093995904167045e+01
0.000000000000000000e+00 1.089093995901782819e+01
0.000000000000000000e+00 1.089093995892245914e+01
0.000000000000000000e+00 1.089093673796097406e+01
0.000000000000000000e+00 1.089093673784176453e+01
0.000000000000000000e+00 1.089093673777023774e+01
0.000000000000000000e+00 1.089093195013917459e+01
0.000000000000000000e+00 1.089093195001996506e+01
0.000000000000000000e+00 1.089093194992459779e+01
0.000000000000000000e+00 1.089088775393618569e+01
0.000000000000000000e+00 1.044619385314945426e+01
0.000000000000000000e+00 9.349339700424600608e+00
0.000000000000000000e+00 9.349339700401637643e+00
0.000000000000000000e+00 9.349339700393981545e+00
0.000000000000000000e+00 9.349339700391430696e+00
0.000000000000000000e+00 8.567815277556452003e+00
0.000000000000000000e+00 8.567786816353770263e+00
0.000000000000000000e+00 8.567786816352601420e+00
0.000000000000000000e+00 8.567786816345595469e+00
0.000000000000000000e+00 8.390716554390223791e+00
0.000000000000000000e+00 8.390716554383375936e+00
0.000000000000000000e+00 8.390716554371635993e+00
0.000000000000000000e+00 8.390669037977358968e+00
0.000000000000000000e+00 6.426412086764077713e+00
0.000000000000000000e+00 6.426412086763803266e+00
0.000000000000000000e+00 6.426412086763117593e+00
0.000000000000000000e+00 6.426388716016671054e+00
0.000000000000000000e+00 6.249341045107975390e+00
0.000000000000000000e+00 6.249319415491257246e+00
0.000000000000000000e+00 6.249319415491142671e+00
0.000000000000000000e+00 6.249319415489877905e+00
0.000000000000000000e+00 5.804571015702452819e+00
0.000000000000000000e+00 5.804571015701569081e+00
0.000000000000000000e+00 5.804571015700905612e+00
0.000000000000000000e+00 5.804551504759978720e+00
0.000000000000000000e+00 1.162967687653738258e+00
5.000000000000000000e-01 1.409263454117503223e+01
5.000000000000000000e-01 1.409263454029618146e+01
5.000000000000000000e-01 1.409263224649957635e+01
5.000000000000000000e-01 1.409263224503482981e+01
5.000000000000000000e-01 1.409263071701181325e+01
5.000000000000000000e-01 1.409263071613296603e+01
5.000000000000000000e-01 1.409263071525411881e+01
5.000000000000000000e-01 1.409263071466822126e+01
5.000000000000000000e-01 1.409263071408232371e+01
5.000000000000000000e-01 1.409263071320347649e+01
5.000000000000000000e-01 1.409262844578099738e+01
5.000000000000000000e-01 1.409262844402330650e+01
5.000000000000000000e-01 1.409262844285151317e+01
5.000000000000000000e-01 1.409262843962908285e+01
5.000000000000000000e-01 1.409262567420088885e+01
5.000000000000000000e-01 1.409262567244320330e+01
5.000000000000000000e-01 1.409262567127141352e+01
5.000000000000000000e-01 1.409262566980667586e+01
5.000000000000000000e-01 1.409262566951372975e+01
5.000000000000000000e-01 1.409262566863488608e+01
5.000000000000000000e-01 1.409261930378491634e+01
5.000000000000000000e-01 1.409261929851189343e+01
5.000000000000000000e-01 1.364788704377223105e+01
5.000000000000000000e-01 1.364788704339667724e+01
5.000000000000000000e-01 1.255102469745125404e+01
5.000000000000000000e-01 1.255102469632261908e+01
5.000000000000000000e-01 1.212829509737542644e+01
5.000000000000000000e-01 1.212829509725217036e+01
5.000000000000000000e-01 1.212829509725217036e+01
5.000000000000000000e-01 1.212829509716999787e+01
5.000000000000000000e-01 1.212829509667696826e+01
5.000000000000000000e-01 1.212829509663588290e+01
5.000000000000000000e-01 1.212828803752277551e+01
5.000000000000000000e-01 1.212828803744060480e+01
5.000000000000000000e-01 1.195122449744770066e+01
5.000000000000000000e-01 1.195122449741328197e+01
5.000000000000000000e-01 1.195122449724119029e+01
5.000000000000000000e-01 1.195122449717235291e+01
5.000000000000000000e-01 1.195122449679375087e+01
5.000000000000000000e-01 1.195122449665607789e+01
5.000000000000000000e-01 1.195121176802666341e+01
5.000000000000000000e-01 1.195121176723504952e+01
5.000000000000000000e-01 1.176946651861060467e+01
5.000000000000000000e-01 1.176946651815143419e+01
5.000000000000000000e-01 1.159240424123817448e+01
5.000000000000000000e-01 1.159240424119009205e+01
5.000000000000000000e-01 1.150647457761740888e+01
5.000000000000000000e-01 1.150647457752916125e+01
5.000000000000000000e-01 1.134674906001380634e+01
5.000000000000000000e-01 1.134674905958129365e+01
5.000000000000000000e-01 1.116967323268692702e+01
5.000000000000000000e-01 1.116967323259240708e+01
5.000000000000000000e-01 1.116967323257665434e+01
5.000000000000000000e-01 1.116967323254514888e+01
5.000000000000000000e-01 1.116967323252939437e+01
5.000000000000000000e-01 1.116967323249788890e+01
5.000000000000000000e-01 1.116965825379696042e+01
5.000000000000000000e-01 1.116965825356066766e+01
5.000000000000000000e-01 1.099261712656969436e+01
5.000000000000000000e-01 1.099261712656969436e+01
5.000000000000000000e-01 9.628090083444471148e+00
5.000000000000000000e-01 9.628090083424240220e+00
5.000000000000000000e-01 9.628081937320867922e+00
5.000000000000000000e-01 9.628081937304008520e+00
5.000000000000000000e-01 9.628081553814654470e+00
5.000000000000000000e-01 9.628081553794423542e+00
5.000000000000000000e-01 9.628081553753961686e+00
5.000000000000000000e-01 9.628081553713499829e+00
5.000000000000000000e-01 9.451006317729117256e+00
5.000000000000000000e-01 9.451006317729117256e+00
5.000000000000000000e-01 9.451006317726292849e+00
5.000000000000000000e-01 9.451006317717819627e+00
5.000000000000000000e-01 9.451003174281614960e+00
5.000000000000000000e-01 9.451003174267492923e+00
5.000000000000000000e-01 9.450984231088327192e+00
5.000000000000000000e-01 9.450984231048783712e+00
5.000000000000000000e-01 9.006259469281472363e+00
5.000000000000000000e-01 9.006259469259745742e+00
5.000000000000000000e-01 9.006259469252503536e+00
5.000000000000000000e-01 9.006259469247073213e+00
5.000000000000000000e-01 9.006259469241641114e+00
5.000000000000000000e-01 9.006259469241641114e+00
5.000000000000000000e-01 9.006250985700745559e+00
5.000000000000000000e-01 9.006250985657292318e+00
5.000000000000000000e-01 7.486706178924584343e+00
5.000000000000000000e-01 7.486706178920226940e+00
5.000000000000000000e-01 7.309613230631621938e+00
5.000000000000000000e-01 7.309613230625648050e+00
5.000000000000000000e-01 6.864860007143414933e+00
5.000000000000000000e-01 6.864860007142138620e+00
5.000000000000000000e-01 6.864860007141713183e+00
5.000000000000000000e-01 6.864860007136607045e+00
5.000000000000000000e-01 6.864860007136181608e+00
5.000000000000000000e-01 6.864860007133842146e+00
5.000000000000000000e-01 6.864846670089146841e+00
5.000000000000000000e-01 6.864846670087550784e+00
5.000000000000000000e-01 4.364640379964964900e+00
5.000000000000000000e-01 4.364640379964842332e+00
5.000000000000000000e-01 2.223258773730279803e+00
5.000000000000000000e-01 2.223258773730277582e+00
1.000000000000000000e+00 1.437135936716744844e+01
1.000000000000000000e+00 1.437135588428144217e+01
1.000000000000000000e+00 1.437135588389432783e+01
1.000000000000000000e+00 1.437135588273297948e+01
1.000000000000000000e+00 1.437135588273297948e+01
1.000000000000000000e+00 1.437133761723270098e+01
1.000000000000000000e+00 1.437133761723270098e+01
1.000000000000000000e+00 1.437133761491005046e+01
1.000000000000000000e+00 1.437133761452294145e+01
1.000000000000000000e+00 1.419431483250032677e+01
1.000000000000000000e+00 1.419431483217602263e+01
1.000000000000000000e+00 1.419431483217602263e+01
1.000000000000000000e+00 1.419431482958158774e+01
1.000000000000000000e+00 1.282976250939346485e+01
1.000000000000000000e+00 1.282975856344707388e+01
1.000000000000000000e+00 1.282975856311564300e+01
1.000000000000000000e+00 1.282975856294992667e+01
1.000000000000000000e+00 1.265269060036283477e+01
1.000000000000000000e+00 1.265269060022401071e+01
1.000000000000000000e+00 1.265269059994636258e+01
1.000000000000000000e+00 1.265268994844647921e+01
1.000000000000000000e+00 1.256675822766576367e+01
1.000000000000000000e+00 1.240704424511662651e+01
1.000000000000000000e+00 1.240704424489945090e+01
1.000000000000000000e+00 1.240704424479086398e+01
1.000000000000000000e+00 1.240704424479086398e+01
1.000000000000000000e+00 1.222996513931600049e+01
1.000000000000000000e+00 1.222996513922503503e+01
1.000000000000000000e+00 1.222996513895213866e+01
1.000000000000000000e+00 1.222996513895213866e+01
1.000000000000000000e+00 1.222996255933376553e+01
1.000000000000000000e+00 1.222996255933376553e+01
1.000000000000000000e+00 1.222996255928828369e+01
1.000000000000000000e+00 1.222996255928828369e+01
1.000000000000000000e+00 1.222996255924280007e+01
1.000000000000000000e+00 1.222996255919731823e+01
1.000000000000000000e+00 1.222996255919731823e+01
1.000000000000000000e+00 1.222996255901538731e+01
1.000000000000000000e+00 1.222995036594963203e+01
1.000000000000000000e+00 1.222995036581318651e+01
1.000000000000000000e+00 1.222995036581318651e+01
1.000000000000000000e+00 1.222995036572222105e+01
1.000000000000000000e+00 1.220795204426935854e+01
1.000000000000000000e+00 1.220795204404689471e+01
1.000000000000000000e+00 1.220795204404689471e+01
1.000000000000000000e+00 1.220794673168334654e+01
1.000000000000000000e+00 1.205289876681371020e+01
1.000000000000000000e+00 1.205289876673750626e+01
1.000000000000000000e+00 1.205289876669940341e+01
1.000000000000000000e+00 1.205289876654699555e+01
1.000000000000000000e+00 1.178520038776503931e+01
1.000000000000000000e+00 1.178520038773588574e+01
1.000000000000000000e+00 1.178520038767757860e+01
1.000000000000000000e+00 1.178520038764842504e+01
1.000000000000000000e+00 1.160815756406580412e+01
1.000000000000000000e+00 1.160815756401695786e+01
1.000000000000000000e+00 1.160815756394368847e+01
1.000000000000000000e+00 1.160815756377272834e+01
1.000000000000000000e+00 1.068838185597974721e+01
1.000000000000000000e+00 1.068837661723650534e+01
1.000000000000000000e+00 1.068837661721703469e+01
1.000000000000000000e+00 1.068837661718782961e+01
1.000000000000000000e+00 1.051129410779468110e+01
1.000000000000000000e+00 1.051129410778652584e+01
1.000000000000000000e+00 1.051129410777021533e+01
1.000000000000000000e+00 1.051127902298844319e+01
1.000000000000000000e+00 1.006654722771420296e+01
1.000000000000000000e+00 1.006654722771420296e+01
1.000000000000000000e+00 1.006654722769329346e+01
1.000000000000000000e+00 1.006654722768806565e+01
1.000000000000000000e+00 1.006654722767238397e+01
1.000000000000000000e+00 1.006654722766192833e+01
1.000000000000000000e+00 1.006654722765670051e+01
1.000000000000000000e+00 1.006654722765147447e+01
1.000000000000000000e+00 1.006654722763579102e+01
1.000000000000000000e+00 1.006654428662895207e+01
1.000000000000000000e+00 1.006654428660281475e+01
1.000000000000000000e+00 1.006654428647735777e+01
1.000000000000000000e+00 1.006653844020294386e+01
1.000000000000000000e+00 1.006653844012975973e+01
1.000000000000000000e+00 1.006653844008794252e+01
1.000000000000000000e+00 1.006653568349628003e+01
1.000000000000000000e+00 7.925149428244727012e+00
1.000000000000000000e+00 7.925149428242884042e+00
1.000000000000000000e+00 7.925149428242270311e+00
1.000000000000000000e+00 7.925137310935819634e+00
1.000000000000000000e+00 7.566324614551167116e+00
1.000000000000000000e+00 7.143599094071205080e+00
1.000000000000000000e+00 7.143599094070642863e+00
1.000000000000000000e+00 7.143599094070361311e+00
1.000000000000000000e+00 7.143599094069799094e+00
1.000000000000000000e+00 6.966527624664565543e+00
1.000000000000000000e+00 6.966527624664093921e+00
1.000000000000000000e+00 6.966527624663623186e+00
1.000000000000000000e+00 6.966527624663623186e+00
1.000000000000000000e+00 5.424934042203994444e+00
1.000000000000000000e+00 5.424934042203994444e+00
1.000000000000000000e+00 5.424934042203893192e+00
1.000000000000000000e+00 5.424930010062014141e+00
1.000000000000000000e+00 3.283552746098597819e+00
1.500000000000000000e+00 1.498688902227878650e+01
1.500000000000000000e+00 1.498688902156237468e+01
1.500000000000000000e+00 1.498688617024289194e+01
1.500000000000000000e+00 1.498688616737724999e+01
1.500000000000000000e+00 1.480985626581776060e+01
1.500000000000000000e+00 1.480985626401723110e+01
1.500000000000000000e+00 1.480985572325823618e+01
1.500000000000000000e+00 1.480985572325823618e+01
1.500000000000000000e+00 1.480985572085753077e+01
1.500000000000000000e+00 1.480985572025735486e+01
1.500000000000000000e+00 1.480985571965717895e+01
1.500000000000000000e+00 1.480985571845682536e+01
1.500000000000000000e+00 1.389005264299538212e+01
1.500000000000000000e+00 1.389005264275615303e+01
1.500000000000000000e+00 1.371297740696767775e+01
1.500000000000000000e+00 1.371297740536443044e+01
1.500000000000000000e+00 1.346734200244809365e+01
1.500000000000000000e+00 1.346734200197781561e+01
1.500000000000000000e+00 1.329025360669583478e+01
1.500000000000000000e+00 1.329025360669583478e+01
1.500000000000000000e+00 1.329025360656451760e+01
1.500000000000000000e+00 1.329025360643320042e+01
1.500000000000000000e+00 1.329025360643320042e+01
1.500000000000000000e+00 1.329025360630188146e+01
1.500000000000000000e+00 1.329023859322954060e+01
1.500000000000000000e+00 1.329023859309822519e+01
1.500000000000000000e+00 1.326823730978520111e+01
1.500000000000000000e+00 1.326823730952828306e+01
1.500000000000000000e+00 1.326823730939982582e+01
1.500000000000000000e+00 1.326823730939982582e+01
1.500000000000000000e+00 1.326823730914290955e+01
1.500000000000000000e+00 1.326823730914290955e+01
1.500000000000000000e+00 1.326823062997124403e+01
1.500000000000000000e+00 1.326823062958587229e+01
1.500000000000000000e+00 1.311318440191592138e+01
1.500000000000000000e+00 1.311318440136588315e+01
1.500000000000000000e+00 1.284549512361060941e+01
1.500000000000000000e+00 1.284549512344226585e+01
1.500000000000000000e+00 1.284548815658851595e+01
1.500000000000000000e+00 1.284548815650434506e+01
1.500000000000000000e+00 1.284548815625183060e+01
1.500000000000000000e+00 1.284548815616765793e+01
1.500000000000000000e+00 1.284548815608348704e+01
1.500000000000000000e+00 1.284548815566263080e+01
1.500000000000000000e+00 1.266844029798030924e+01
1.500000000000000000e+00 1.266844029783928072e+01
1.500000000000000000e+00 1.266844029769825397e+01
1.500000000000000000e+00 1.266844029748671296e+01
1.500000000000000000e+00 1.266844029741619870e+01
1.500000000000000000e+00 1.266844029727517018e+01
1.500000000000000000e+00 1.266843489237397336e+01
1.500000000000000000e+00 1.266843489209191986e+01
1.500000000000000000e+00 1.112683401436586372e+01
1.500000000000000000e+00 1.112683401432058616e+01
1.500000000000000000e+00 1.112683401432058616e+01
1.500000000000000000e+00 1.112683401430549246e+01
1.500000000000000000e+00 1.112683401427530860e+01
1.500000000000000000e+00 1.112683401418475171e+01
1.500000000000000000e+00 1.112682512282889391e+01
1.500000000000000000e+00 1.112682512264778545e+01
1.500000000000000000e+00 1.034528070758278773e+01
1.500000000000000000e+00 1.034528070755515650e+01
1.500000000000000000e+00 1.034527618755568668e+01
1.500000000000000000e+00 1.034527618755568668e+01
1.500000000000000000e+00 1.034527618755568668e+01
1.500000000000000000e+00 1.034527618753496370e+01
1.500000000000000000e+00 1.034527618752114897e+01
1.500000000000000000e+00 1.034527618751424072e+01
1.500000000000000000e+00 1.016822039033882064e+01
1.500000000000000000e+00 1.016822039033303327e+01
1.500000000000000000e+00 1.016822039030409996e+01
1.500000000000000000e+00 1.016822039030409996e+01
1.500000000000000000e+00 1.016822039029252522e+01
1.500000000000000000e+00 1.016822039026359192e+01
1.500000000000000000e+00 1.016820757492638982e+01
1.500000000000000000e+00 1.016820757488588356e+01
1.500000000000000000e+00 8.626615180404209937e+00
1.500000000000000000e+00 8.626615180401733696e+00
1.500000000000000000e+00 8.203895523881893581e+00
1.500000000000000000e+00 8.203895523881081786e+00
1.500000000000000000e+00 8.203891885056808775e+00
1.500000000000000000e+00 8.203891885055996980e+00
1.500000000000000000e+00 8.203891885053563371e+00
1.500000000000000000e+00 8.203891885052751576e+00
1.500000000000000000e+00 8.203891885052751576e+00
1.500000000000000000e+00 8.203891885051939781e+00
1.500000000000000000e+00 8.026815749418108936e+00
1.500000000000000000e+00 8.026815749417428592e+00
1.500000000000000000e+00 8.026815749416750023e+00
1.500000000000000000e+00 8.026815749416750023e+00
1.500000000000000000e+00 8.026815749415389334e+00
1.500000000000000000e+00 8.026815749414708989e+00
1.500000000000000000e+00 8.026814711854289186e+00
1.500000000000000000e+00 8.026814711852928497e+00
1.500000000000000000e+00 7.582065621634019870e+00
1.500000000000000000e+00 7.582065621632276375e+00
1.500000000000000000e+00 6.485225961035514963e+00
1.500000000000000000e+00 6.485225961035514963e+00
1.500000000000000000e+00 2.940452538536632687e+00
1.500000000000000000e+00 2.940452538536632687e+00
2.000000000000000000e+00 1.604717169941206834e+01
2.000000000000000000e+00 1.587013824852932764e+01
2.000000000000000000e+00 1.587013824159804365e+01
2.000000000000000000e+00 1.587013824159804365e+01
2.000000000000000000e+00 1.587013823986522354e+01
2.000000000000000000e+00 1.587013823986522354e+01
2.000000000000000000e+00 1.587013823639958154e+01
2.000000000000000000e+00 1.587013823466675966e+01
2.000000000000000000e+00 1.587013822946829755e+01
2.000000000000000000e+00 1.587013576886559996e+01
2.000000000000000000e+00 1.587013576193433373e+01
2.000000000000000000e+00 1.587013576193433373e+01
2.000000000000000000e+00 1.587013576020151717e+01
2.000000000000000000e+00 1.587013244532875333e+01
2.000000000000000000e+00 1.587013243839751020e+01
2.000000000000000000e+00 1.587013243493188774e+01
2.000000000000000000e+00 1.587013242280221093e+01
2.000000000000000000e+00 1.432852290818665608e+01
2.000000000000000000e+00 1.432852290670311746e+01
2.000000000000000000e+00 1.432852290596134814e+01
2.000000000000000000e+00 1.432851590813751130e+01
2.000000000000000000e+00 1.390577938789234302e+01
2.000000000000000000e+00 1.390577938351796838e+01
2.000000000000000000e+00 1.390577938230286392e+01
2.000000000000000000e+00 1.390577938181682249e+01
2.000000000000000000e+00 1.372872137864143127e+01
2.000000000000000000e+00 1.372872137660557001e+01
2.000000000000000000e+00 1.372872137518046820e+01
2.000000000000000000e+00 1.372872137497688172e+01
2.000000000000000000e+00 1.354695976349167452e+01
2.000000000000000000e+00 1.354695976213367459e+01
2.000000000000000000e+00 1.354695976162442328e+01
2.000000000000000000e+00 1.354695976043617378e+01
2.000000000000000000e+00 1.336991387088660943e+01
2.000000000000000000e+00 1.336991387017557642e+01
2.000000000000000000e+00 1.336991386960674966e+01
2.000000000000000000e+00 1.336991386932233539e+01
2.000000000000000000e+00 1.312423172340954736e+01
2.000000000000000000e+00 1.294717008637348599e+01
2.000000000000000000e+00 1.294717008609394426e+01
2.000000000000000000e+00 1.294717008590758311e+01
2.000000000000000000e+00 1.294715743213068038e+01
2.000000000000000000e+00 1.277012517817626502e+01
2.000000000000000000e+00 1.140557413445669965e+01
2.000000000000000000e+00 1.140557413439686840e+01
2.000000000000000000e+00 1.140557413439686840e+01
2.000000000000000000e+00 1.140557413427720235e+01
2.000000000000000000e+00 1.140556822942466830e+01
2.000000000000000000e+00 1.140556822924517100e+01
2.000000000000000000e+00 1.140556822922522784e+01
2.000000000000000000e+00 1.140556822920528290e+01
2.000000000000000000e+00 1.140556822918533975e+01
2.000000000000000000e+00 1.140556822916539481e+01
2.000000000000000000e+00 1.140556822912550672e+01
2.000000000000000000e+00 1.140556822910556178e+01
2.000000000000000000e+00 1.140556767259407778e+01
2.000000000000000000e+00 1.140556767245446856e+01
2.000000000000000000e+00 1.140556767241458047e+01
2.000000000000000000e+00 1.140556767233480429e+01
2.000000000000000000e+00 1.122850696952965066e+01
2.000000000000000000e+00 1.122850696944611215e+01
2.000000000000000000e+00 1.122850696942940374e+01
2.000000000000000000e+00 1.122850696939598869e+01
2.000000000000000000e+00 1.122850696936257187e+01
2.000000000000000000e+00 1.122850696936257187e+01
2.000000000000000000e+00 1.122850696929574177e+01
2.000000000000000000e+00 1.122850696926232494e+01
2.000000000000000000e+00 1.122850217840874087e+01
2.000000000000000000e+00 1.122850217825837049e+01
2.000000000000000000e+00 1.122850217824166386e+01
2.000000000000000000e+00 1.122850217814141693e+01
2.000000000000000000e+00 1.122849463632917022e+01
2.000000000000000000e+00 1.122849463627904854e+01
2.000000000000000000e+00 1.122849463616209498e+01
2.000000000000000000e+00 1.122849463612867993e+01
2.000000000000000000e+00 1.078375919930984317e+01
2.000000000000000000e+00 1.078375919923487736e+01
2.000000000000000000e+00 1.078375919919203874e+01
2.000000000000000000e+00 1.078375919897785096e+01
2.000000000000000000e+00 9.686906115084900293e+00
2.000000000000000000e+00 9.264186937316543080e+00
2.000000000000000000e+00 9.264186937304826230e+00
2.000000000000000000e+00 9.264186937300140201e+00
2.000000000000000000e+00 9.264186937288423351e+00
2.000000000000000000e+00 9.087103745814014033e+00
2.000000000000000000e+00 9.087103745802235011e+00
2.000000000000000000e+00 9.087103745792420639e+00
2.000000000000000000e+00 9.087103745782606268e+00
2.000000000000000000e+00 8.642352022477961526e+00
2.000000000000000000e+00 8.642352022476703866e+00
2.000000000000000000e+00 8.642352022474186768e+00
2.000000000000000000e+00 8.642352022457830074e+00
2.000000000000000000e+00 6.142135868109482644e+00
2.000000000000000000e+00 6.142135868109482644e+00
2.000000000000000000e+00 6.142135868109482644e+00
2.000000000000000000e+00 6.142135868109173558e+00
2.000000000000000000e+00 4.000744120582820251e+00
2.000000000000000000e+00 4.000744120582814034e+00
2.000000000000000000e+00 4.000744120582802488e+00
2.000000000000000000e+00 4.000744120582693242e+00
2.500000000000000000e+00 1.710746314389945866e+01
2.500000000000000000e+00 1.710746313792749618e+01
2.500000000000000000e+00 1.710746313195553370e+01
2.500000000000000000e+00 1.710746313195553370e+01
2.500000000000000000e+00 1.710746312001160874e+01
2.500000000000000000e+00 1.710746310806768378e+01
2.500000000000000000e+00 1.710746303640414112e+01
2.500000000000000000e+00 1.710746303640414112e+01
2.500000000000000000e+00 1.693041730470765316e+01
2.500000000000000000e+00 1.693041728969877369e+01
2.500000000000000000e+00 1.693041728469581386e+01
2.500000000000000000e+00 1.693041727969285404e+01
2.500000000000000000e+00 1.693041727969285404e+01
2.500000000000000000e+00 1.693041726968693439e+01
2.500000000000000000e+00 1.693041320228880409e+01
2.500000000000000000e+00 1.693041318227704650e+01
2.500000000000000000e+00 1.632590910627289205e+01
2.500000000000000000e+00 1.632590909533956136e+01
2.500000000000000000e+00 1.614886016911834332e+01
2.500000000000000000e+00 1.614886016911834332e+01
2.500000000000000000e+00 1.614886016682852699e+01
2.500000000000000000e+00 1.614886016224889076e+01
2.500000000000000000e+00 1.614885756788775595e+01
2.500000000000000000e+00 1.614885756559794316e+01
2.500000000000000000e+00 1.614884591738870157e+01
2.500000000000000000e+00 1.614884591280912929e+01
2.500000000000000000e+00 1.597182344191163139e+01
2.500000000000000000e+00 1.597182343807504523e+01
2.500000000000000000e+00 1.460725365709304491e+01
2.500000000000000000e+00 1.460725365660293917e+01
2.500000000000000000e+00 1.460724958040091259e+01
2.500000000000000000e+00 1.460724957991080863e+01
2.500000000000000000e+00 1.460724957991080863e+01
2.500000000000000000e+00 1.460724957991080863e+01
2.500000000000000000e+00 1.460724957942070468e+01
2.500000000000000000e+00 1.460724957942070468e+01
2.500000000000000000e+00 1.443019675272714686e+01
2.500000000000000000e+00 1.443019675231656862e+01
2.500000000000000000e+00 1.443019675190599216e+01
2.500000000000000000e+00 1.443019675108483746e+01
2.500000000000000000e+00 1.443019675067425922e+01
2.500000000000000000e+00 1.443019675026368276e+01
2.500000000000000000e+00 1.443019489076033857e+01
2.500000000000000000e+00 1.443019488993918387e+01
2.500000000000000000e+00 1.418452618569426349e+01
2.500000000000000000e+00 1.418452618376739061e+01
2.500000000000000000e+00 1.400745889740585248e+01
2.500000000000000000e+00 1.400745889740585248e+01
2.500000000000000000e+00 1.400745687429476050e+01
2.500000000000000000e+00 1.400745687348766744e+01
2.500000000000000000e+00 1.400745687214251589e+01
2.500000000000000000e+00 1.400745687187348487e+01
2.500000000000000000e+00 1.400744262089362735e+01
2.500000000000000000e+00 1.400744261874141472e+01
2.500000000000000000e+00 1.398545515148007468e+01
2.500000000000000000e+00 1.398545515121689853e+01
2.500000000000000000e+00 1.383040692437850439e+01
2.500000000000000000e+00 1.383040692347699618e+01
2.500000000000000000e+00 1.246586407678563369e+01
2.500000000000000000e+00 1.246586407649771644e+01
2.500000000000000000e+00 1.246586120151391519e+01
2.500000000000000000e+00 1.246586120151391519e+01
2.500000000000000000e+00 1.246586120139874865e+01
2.500000000000000000e+00 1.246586120128358210e+01
2.500000000000000000e+00 1.246586120116841734e+01
2.500000000000000000e+00 1.246586120111083318e+01
2.500000000000000000e+00 1.228879151004844239e+01
2.500000000000000000e+00 1.228879151004844239e+01
2.500000000000000000e+00 1.228879150995196667e+01
2.500000000000000000e+00 1.228879150985548918e+01
2.500000000000000000e+00 1.228879150980725043e+01
2.500000000000000000e+00 1.228879150975901169e+01
2.500000000000000000e+00 1.228878149702235767e+01
2.500000000000000000e+00 1.228878149663645125e+01
2.500000000000000000e+00 1.184404408183790025e+01
2.500000000000000000e+00 1.184404408180697921e+01
2.500000000000000000e+00 1.184404408177605816e+01
2.500000000000000000e+00 1.184404408171421785e+01
2.500000000000000000e+00 1.184404408168329859e+01
2.500000000000000000e+00 1.184404408159053723e+01
2.500000000000000000e+00 1.184404163999021797e+01
2.500000000000000000e+00 1.184404163992837766e+01
2.500000000000000000e+00 9.702638863031557648e+00
2.500000000000000000e+00 9.702638863024292348e+00
2.500000000000000000e+00 9.343825065602038293e+00
2.500000000000000000e+00 9.343825065581738087e+00
2.500000000000000000e+00 8.921087805288765438e+00
2.500000000000000000e+00 8.921087805287102768e+00
2.500000000000000000e+00 8.744030658706249071e+00
2.500000000000000000e+00 8.744030658702069303e+00
2.500000000000000000e+00 7.202426502442309975e+00
2.500000000000000000e+00 7.202426502441117151e+00
2.500000000000000000e+00 7.202426502440819611e+00
2.500000000000000000e+00 7.202426502440521183e+00
2.500000000000000000e+00 7.202426502440521183e+00
2.500000000000000000e+00 7.202426502440222755e+00
2.500000000000000000e+00 7.202423061947573757e+00
2.500000000000000000e+00 7.202423061946977789e+00
2.500000000000000000e+00 5.061036122240273549e+00
2.500000000000000000e+00 5.061036122240203383e+00
3.000000000000000000e+00 2.461398997501593655e+01
3.000000000000000000e+00 2.461396823872067330e+01
3.000000000000000000e+00 2.461395737075021017e+01
3.000000000000000000e+00 2.443692797507625514e+01
3.000000000000000000e+00 2.443691887046886890e+01
3.000000000000000000e+00 2.443691887046886890e+01
3.000000000000000000e+00 2.443690976594437814e+01
3.000000000000000000e+00 2.247256875404502097e+01
3.000000000000000000e+00 2.247256747715776726e+01
3.000000000000000000e+00 2.247256620027214069e+01
3.000000000000000000e+00 2.247256236962504872e+01
3.000000000000000000e+00 2.229551523059985740e+01
3.000000000000000000e+00 2.229551523059985740e+01
3.000000000000000000e+00 2.229551309121463376e+01
3.000000000000000000e+00 2.229551095183398246e+01
3.000000000000000000e+00 2.030915118442918654e+01
3.000000000000000000e+00 2.030915089091949355e+01
3.000000000000000000e+00 2.030915074416467903e+01
3.000000000000000000e+00 2.030915045065511393e+01
3.000000000000000000e+00 2.013211436623115347e+01
3.000000000000000000e+00 2.013211412034371506e+01
3.000000000000000000e+00 2.013211412034371506e+01
3.000000000000000000e+00 2.013211387445633349e+01
3.000000000000000000e+00 1.952758811783152737e+01
3.000000000000000000e+00 1.935055173237943649e+01
3.000000000000000000e+00 1.935055167610928706e+01
3.000000000000000000e+00 1.935055161983914473e+01
3.000000000000000000e+00 1.935054846871612355e+01
3.000000000000000000e+00 1.917352203015786216e+01
3.000000000000000000e+00 1.738620508753081140e+01
3.000000000000000000e+00 1.738620227807280827e+01
3.000000000000000000e+00 1.738620227807280827e+01
3.000000000000000000e+00 1.738620224650590984e+01
3.000000000000000000e+00 1.720914783031149042e+01
3.000000000000000000e+00 1.720914781708915342e+01
3.000000000000000000e+00 1.720914781047798670e+01
3.000000000000000000e+00 1.720914576762933024e+01
3.000000000000000000e+00 1.720914576101817417e+01
3.000000000000000000e+00 1.720914576101817417e+01
3.000000000000000000e+00 1.720914576101817417e+01
3.000000000000000000e+00 1.720914576101817417e+01
3.000000000000000000e+00 1.720914281244787958e+01
3.000000000000000000e+00 1.720914088860961400e+01
3.000000000000000000e+00 1.720914088199849346e+01
3.000000000000000000e+00 1.720914087538736936e+01
3.000000000000000000e+00 1.720912960348855592e+01
3.000000000000000000e+00 1.720912959687750643e+01
3.000000000000000000e+00 1.720912959026646050e+01
3.000000000000000000e+00 1.720911598482428317e+01
3.000000000000000000e+00 1.703210835434881076e+01
3.000000000000000000e+00 1.703210430572526235e+01
3.000000000000000000e+00 1.703210429464834164e+01
3.000000000000000000e+00 1.703210429464834164e+01
3.000000000000000000e+00 1.566754141437194470e+01
3.000000000000000000e+00 1.566754141437194470e+01
3.000000000000000000e+00 1.566754141437194470e+01
3.000000000000000000e+00 1.566754140729677225e+01
3.000000000000000000e+00 1.549048015317996807e+01
3.000000000000000000e+00 1.549048015080913920e+01
3.000000000000000000e+00 1.549048014962372299e+01
3.000000000000000000e+00 1.549048014843830856e+01
3.000000000000000000e+00 1.524481820352656491e+01
3.000000000000000000e+00 1.506774513283819417e+01
3.000000000000000000e+00 1.506774512973121283e+01
3.000000000000000000e+00 1.506774512895446705e+01
3.000000000000000000e+00 1.506773581193465894e+01
3.000000000000000000e+00 1.504573811388838855e+01
3.000000000000000000e+00 1.504573810780968124e+01
3.000000000000000000e+00 1.504573810780968124e+01
3.000000000000000000e+00 1.504573810629000441e+01
3.000000000000000000e+00 1.489068549592189505e+01
3.000000000000000000e+00 1.290432832842061295e+01
3.000000000000000000e+00 1.290432832824206777e+01
3.000000000000000000e+00 1.290432832824206777e+01
3.000000000000000000e+00 1.290432832797424823e+01
3.000000000000000000e+00 1.212277150256855940e+01
3.000000000000000000e+00 1.212277066928036540e+01
3.000000000000000000e+00 1.212277066928036540e+01
3.000000000000000000e+00 1.212277066923950564e+01
3.000000000000000000e+00 1.194572611947586616e+01
3.000000000000000000e+00 1.194572611944163576e+01
3.000000000000000000e+00 1.194572611940740714e+01
3.000000000000000000e+00 1.194571998486399345e+01
3.000000000000000000e+00 1.040411263942920073e+01
3.000000000000000000e+00 1.040411263941454756e+01
3.000000000000000000e+00 1.040411263939989439e+01
3.000000000000000000e+00 1.040411263939256870e+01
3.000000000000000000e+00 9.981383388124358547e+00
3.000000000000000000e+00 9.981378085139917644e+00
3.000000000000000000e+00 9.981378085120715227e+00
3.000000000000000000e+00 9.981378085111114018e+00
3.000000000000000000e+00 9.804316087861883133e+00
3.000000000000000000e+00 9.804316087861883133e+00
3.000000000000000000e+00 9.804316087853839790e+00
3.000000000000000000e+00 9.804312866584819375e+00
3.000000000000000000e+00 8.262715829183372662e+00
3.000000000000000000e+00 8.262715829178208793e+00
3.000000000000000000e+00 8.262715829178208793e+00
3.000000000000000000e+00 8.262715829177347260e+00
3.000000000000000000e+00 4.717947144483536803e+00
3.500000000000000000e+00 2.567424919657466376e+01
3.500000000000000000e+00 2.567424918635429520e+01
3.500000000000000000e+00 2.549720927045584062e+01
3.500000000000000000e+00 2.549720925444886177e+01
3.500000000000000000e+00 2.058788064572037513e+01
3.500000000000000000e+00 2.058788064567439591e+01
3.500000000000000000e+00 2.041083813891177101e+01
3.500000000000000000e+00 2.041083813887076559e+01
3.500000000000000000e+00 2.041083465491155380e+01
3.500000000000000000e+00 2.041083465487045245e+01
3.500000000000000000e+00 2.041083465486542181e+01
3.500000000000000000e+00 2.041083465484038584e+01
3.500000000000000000e+00 2.041082265405012564e+01
3.500000000000000000e+00 2.041082265399334261e+01
3.500000000000000000e+00 2.023380504252781620e+01
3.500000000000000000e+00 2.023380504247978351e+01
3.500000000000000000e+00 1.844649520239993734e+01
3.500000000000000000e+00 1.844649520239688556e+01
3.500000000000000000e+00 1.826943135964628340e+01
3.500000000000000000e+00 1.826943135964603826e+01
3.500000000000000000e+00 1.826943135963637843e+01
3.500000000000000000e+00 1.826943135962917708e+01
3.500000000000000000e+00 1.826942799692598740e+01
3.500000000000000000e+00 1.826942799692325181e+01
3.500000000000000000e+00 1.826941493481597334e+01
3.500000000000000000e+00 1.826941493480747525e+01
3.500000000000000000e+00 1.809238310018353957e+01
3.500000000000000000e+00 1.809238310018227835e+01
3.500000000000000000e+00 1.610602111379579782e+01
3.500000000000000000e+00 1.610602111379552426e+01
3.500000000000000000e+00 1.532445895492406152e+01
3.500000000000000000e+00 1.532445895492246279e+01
3.500000000000000000e+00 1.514742196095153837e+01
3.500000000000000000e+00 1.514742196095012794e+01
3.500000000000000000e+00 1.318306454046280862e+01
3.500000000000000000e+00 1.318306454046266829e+01
3.500000000000000000e+00 1.318305964089286064e+01
3.500000000000000000e+00 1.318305964089281979e+01
3.500000000000000000e+00 1.318305964089280202e+01
3.500000000000000000e+00 1.318305964089268478e+01
3.500000000000000000e+00 1.318305777882244811e+01
3.500000000000000000e+00 1.318305777882243213e+01
3.500000000000000000e+00 1.300601067057357341e+01
3.500000000000000000e+00 1.300601067057356985e+01
3.500000000000000000e+00 1.300601067057355387e+01
3.500000000000000000e+00 1.300601067057355031e+01
3.500000000000000000e+00 1.300600684303142529e+01
3.500000000000000000e+00 1.300600684303142351e+01
3.500000000000000000e+00 1.300600179943992707e+01
3.500000000000000000e+00 1.300600179943991819e+01
3.500000000000000000e+00 1.146440082532330962e+01
3.500000000000000000e+00 1.146440082532330962e+01
3.500000000000000000e+00 1.104167122544795632e+01
3.500000000000000000e+00 1.104167122544793855e+01
3.500000000000000000e+00 1.086460062579879526e+01
3.500000000000000000e+00 1.086460062579877395e+01
3.500000000000000000e+00 7.919635598016545153e+00
3.500000000000000000e+00 7.919635598016543376e+00
3.500000000000000000e+00 5.778236135922296235e+00
3.500000000000000000e+00 5.778236135922295347e+00
4.000000000000000000e+00 2.164817209156361599e+01
4.000000000000000000e+00 2.147111905951587474e+01
4.000000000000000000e+00 2.147111905949087785e+01
4.000000000000000000e+00 2.147111905931026854e+01
4.000000000000000000e+00 2.147110640524200775e+01
4.000000000000000000e+00 2.129408275719025667e+01
4.000000000000000000e+00 1.638475024848725070e+01
4.000000000000000000e+00 1.638474472603241594e+01
4.000000000000000000e+00 1.638474472603240883e+01
4.000000000000000000e+00 1.638474472603075327e+01
4.000000000000000000e+00 1.620770455816366251e+01
4.000000000000000000e+00 1.620770455816330724e+01
4.000000000000000000e+00 1.620770455816276012e+01
4.000000000000000000e+00 1.620770131665784319e+01
4.000000000000000000e+00 1.424335162348566186e+01
4.000000000000000000e+00 1.424335023323207672e+01
4.000000000000000000e+00 1.424335023323204474e+01
4.000000000000000000e+00 1.424335023323202876e+01
4.000000000000000000e+00 1.406629246047685911e+01
4.000000000000000000e+00 1.406629246047685378e+01
4.000000000000000000e+00 1.406629246047684845e+01
4.000000000000000000e+00 1.406628540174358477e+01
4.000000000000000000e+00 1.112132817275150565e+01
4.000000000000000000e+00 8.979923356464416528e+00
4.000000000000000000e+00 8.979923356464416528e+00
4.000000000000000000e+00 8.979923356464416528e+00
4.000000000000000000e+00 8.979920415368900066e+00
4.000000000000000000e+00 6.838525557024969004e+00
4.500000000000000000e+00 1.744503412738333381e+01
4.500000000000000000e+00 1.744503412738319525e+01
4.500000000000000000e+00 1.726798515706399684e+01
4.500000000000000000e+00 1.726798515706391868e+01
4.500000000000000000e+00 1.218161343831928711e+01
4.500000000000000000e+00 1.218161343831928178e+01
4.500000000000000000e+00 1.004021014309154580e+01
4.500000000000000000e+00 1.004021014309154403e+01
5.000000000000000000e+00 1.324189903395059886e+01
