-5.000000000000000000e+00 1.457101465462114476e+01
-4.500000000000000000e+00 1.819741030901325374e+01
-4.500000000000000000e+00 1.819741030248349034e+01
-4.500000000000000000e+00 1.792665932290298514e+01
-4.500000000000000000e+00 1.792665931703755078e+01
-4.500000000000000000e+00 1.339152849590067618e+01
-4.500000000000000000e+00 1.339152849238343101e+01
-4.500000000000000000e+00 1.156410674178853526e+01
-4.500000000000000000e+00 1.156410673893546281e+01
-4.000000000000000000e+00 2.262164448665196304e+01
-4.000000000000000000e+00 2.160126618390484410e+01
-4.000000000000000000e+00 2.156111520781643875e+01
-4.000000000000000000e+00 2.156111520715578678e+01
-4.000000000000000000e+00 2.148340744682581871e+01
-4.000000000000000000e+00 2.009217683969505686e+01
-4.000000000000000000e+00 1.712024428053554459e+01
-4.000000000000000000e+00 1.698880652273910030e+01
-4.000000000000000000e+00 1.698880651973572853e+01
-4.000000000000000000e+00 1.698411217323253553e+01
-4.000000000000000000e+00 1.688268007711576857e+01
-4.000000000000000000e+00 1.685604614376110533e+01
-4.000000000000000000e+00 1.676885662144259825e+01
-4.000000000000000000e+00 1.676885661207531086e+01
-4.000000000000000000e+00 1.611031257171851649e+01
-4.000000000000000000e+00 1.530871493141967754e+01
-4.000000000000000000e+00 1.521168951432773575e+01
-4.000000000000000000e+00 1.521168950493871463e+01
-4.000000000000000000e+00 1.488990105164348421e+01
-4.000000000000000000e+00 1.488990104862481090e+01
-4.000000000000000000e+00 1.476441766621006479e+01
-4.000000000000000000e+00 1.473230143160369288e+01
-4.000000000000000000e+00 1.206191728136777108e+01
-4.000000000000000000e+00 1.043201788512707218e+01
-4.000000000000000000e+00 1.039265774802478859e+01
-4.000000000000000000e+00 1.039265774735740422e+01
-4.000000000000000000e+00 1.028731363519523967e+01
-4.000000000000000000e+00 8.162831373465705198e+00
-3.500000000000000000e+00 2.496332809072859860e+01
-3.500000000000000000e+00 2.496332808093043454e+01
-3.500000000000000000e+00 2.472656258898021875e+01
-3.500000000000000000e+00 2.472656257866628238e+01
-3.500000000000000000e+00 2.168865287018742549e+01
-3.500000000000000000e+00 2.168865283091594165e+01
-3.500000000000000000e+00 2.056481026714675764e+01
-3.500000000000000000e+00 2.056481026033993231e+01
-3.500000000000000000e+00 2.044957632197692021e+01
-3.500000000000000000e+00 2.044957631114057506e+01
-3.500000000000000000e+00 2.037356881204772918e+01
-3.500000000000000000e+00 2.037356880919325164e+01
-3.500000000000000000e+00 2.036171833408443277e+01
-3.500000000000000000e+00 2.036171833194608993e+01
-3.500000000000000000e+00 1.973456672968943693e+01
-3.500000000000000000e+00 1.973456671948302343e+01
-3.500000000000000000e+00 1.904332825781968452e+01
-3.500000000000000000e+00 1.904332822945806214e+01
-3.500000000000000000e+00 1.882689833525005696e+01
-3.500000000000000000e+00 1.882689833374458033e+01
-3.500000000000000000e+00 1.880446246960293522e+01
-3.500000000000000000e+00 1.880446239391254792e+01
-3.500000000000000000e+00 1.854614705859752632e+01
-3.500000000000000000e+00 1.854614705507921713e+01
-3.500000000000000000e+00 1.849012339911922709e+01
-3.500000000000000000e+00 1.849012338148938994e+01
-3.500000000000000000e+00 1.774721957925527605e+01
-3.500000000000000000e+00 1.774721921883080000e+01
-3.500000000000000000e+00 1.663220284382693137e+01
-3.500000000000000000e+00 1.663220246740496933e+01
-3.500000000000000000e+00 1.570692612871622096e+01
-3.500000000000000000e+00 1.570692609922051552e+01
-3.500000000000000000e+00 1.555080348356202613e+01
-3.500000000000000000e+00 1.555080339253552602e+01
-3.500000000000000000e+00 1.496936963428967715e+01
-3.500000000000000000e+00 1.496936962797756010e+01
-3.500000000000000000e+00 1.408571721107795405e+01
-3.500000000000000000e+00 1.408571706197032825e+01
-3.500000000000000000e+00 1.406353558773620271e+01
-3.500000000000000000e+00 1.406353555841258363e+01
-3.500000000000000000e+00 1.401101623394266404e+01
-3.500000000000000000e+00 1.401101622807733094e+01
-3.500000000000000000e+00 1.393041058980875491e+01
-3.500000000000000000e+00 1.393041053812358676e+01
-3.500000000000000000e+00 1.374389631749074603e+01
-3.500000000000000000e+00 1.374389631299204773e+01
-3.500000000000000000e+00 1.374026524849683639e+01
-3.500000000000000000e+00 1.374026524196736787e+01
-3.500000000000000000e+00 1.343274590568980820e+01
-3.500000000000000000e+00 1.343274590336000784e+01
-3.500000000000000000e+00 1.268663110680596340e+01
-3.500000000000000000e+00 1.268663091867288628e+01
-3.500000000000000000e+00 1.223047566506422257e+01
-3.500000000000000000e+00 1.223047566299565503e+01
-3.500000000000000000e+00 1.146225163707919492e+01
-3.500000000000000000e+00 1.146225163407619796e+01
-3.500000000000000000e+00 9.001137746729304112e+00
-3.500000000000000000e+00 9.001137740741569360e+00
-3.500000000000000000e+00 6.947880668054082776e+00
-3.500000000000000000e+00 6.947880664575968090e+00
-3.000000000000000000e+00 2.399010275042241958e+01
-3.000000000000000000e+00 2.399010275042241958e+01
-3.000000000000000000e+00 2.383371821277268410e+01
-3.000000000000000000e+00 2.358245414641972104e+01
-3.000000000000000000e+00 2.348346156283040642e+01
-3.000000000000000000e+00 2.348345805387995000e+01
-3.000000000000000000e+00 2.331929600829134586e+01
-3.000000000000000000e+00 2.281054859908254429e+01
-3.000000000000000000e+00 2.234443285690343473e+01
-3.000000000000000000e+00 2.234443285690343473e+01
-3.000000000000000000e+00 2.219816858124109160e+01
-3.000000000000000000e+00 2.201482903396150803e+01
-3.000000000000000000e+00 2.198634868843010182e+01
-3.000000000000000000e+00 2.192478206431559329e+01
-3.000000000000000000e+00 2.192477911098922405e+01
-3.000000000000000000e+00 2.072456533708492543e+01
-3.000000000000000000e+00 2.070954689582522690e+01
-3.000000000000000000e+00 2.047430349453309617e+01
-3.000000000000000000e+00 2.047430297520909193e+01
-3.000000000000000000e+00 2.033590760731013347e+01
-3.000000000000000000e+00 2.033590730584116457e+01
-3.000000000000000000e+00 2.019388656531715753e+01
-3.000000000000000000e+00 2.002800970995642871e+01
-3.000000000000000000e+00 1.996940910827402504e+01
-3.000000000000000000e+00 1.941096436129742386e+01
-3.000000000000000000e+00 1.922864495638275173e+01
-3.000000000000000000e+00 1.919932579440412113e+01
-3.000000000000000000e+00 1.918376040323037302e+01
-3.000000000000000000e+00 1.918376030797894671e+01
-3.000000000000000000e+00 1.886643985342724861e+01
-3.000000000000000000e+00 1.871494277687866870e+01
-3.000000000000000000e+00 1.871494268747448331e+01
-3.000000000000000000e+00 1.812370727140397619e+01
-3.000000000000000000e+00 1.798571372237129040e+01
-3.000000000000000000e+00 1.790731852224360665e+01
-3.000000000000000000e+00 1.790731840264329122e+01
-3.000000000000000000e+00 1.787191662731722275e+01
-3.000000000000000000e+00 1.765530002959556555e+01
-3.000000000000000000e+00 1.760823504407268913e+01
-3.000000000000000000e+00 1.760823502436527832e+01
-3.000000000000000000e+00 1.758252285590431896e+01
-3.000000000000000000e+00 1.753374463796612659e+01
-3.000000000000000000e+00 1.753374452820969154e+01
-3.000000000000000000e+00 1.746650930730809037e+01
-3.000000000000000000e+00 1.736666088713993261e+01
-3.000000000000000000e+00 1.736666088713993261e+01
-3.000000000000000000e+00 1.736666087940092496e+01
-3.000000000000000000e+00 1.736666087166192085e+01
-3.000000000000000000e+00 1.735528313119497668e+01
-3.000000000000000000e+00 1.713251423612447155e+01
-3.000000000000000000e+00 1.676634584709061215e+01
-3.000000000000000000e+00 1.658352905784652620e+01
-3.000000000000000000e+00 1.655310827992266454e+01
-3.000000000000000000e+00 1.655310787854834587e+01
-3.000000000000000000e+00 1.631140423191397915e+01
-3.000000000000000000e+00 1.631140406488772854e+01
-3.000000000000000000e+00 1.624921632151221829e+01
-3.000000000000000000e+00 1.616589137247732921e+01
-3.000000000000000000e+00 1.614873125834856893e+01
-3.000000000000000000e+00 1.609565561063823225e+01
-3.000000000000000000e+00 1.609565556938592579e+01
-3.000000000000000000e+00 1.590276207646305018e+01
-3.000000000000000000e+00 1.584064320001462001e+01
-3.000000000000000000e+00 1.557422365326917912e+01
-3.000000000000000000e+00 1.553749082276599935e+01
-3.000000000000000000e+00 1.553749081158374779e+01
-3.000000000000000000e+00 1.547246771566377888e+01
-3.000000000000000000e+00 1.527120916051421418e+01
-3.000000000000000000e+00 1.527120878161379558e+01
-3.000000000000000000e+00 1.504928774162252836e+01
-3.000000000000000000e+00 1.425944367866742546e+01
-3.000000000000000000e+00 1.420858510011067821e+01
-3.000000000000000000e+00 1.420858502839620563e+01
-3.000000000000000000e+00 1.353955968233155716e+01
-3.000000000000000000e+00 1.332305119093327050e+01
-3.000000000000000000e+00 1.293398669284960789e+01
-3.000000000000000000e+00 1.274631260256478704e+01
-3.000000000000000000e+00 1.267478788617134455e+01
-3.000000000000000000e+00 1.267478787432055931e+01
-3.000000000000000000e+00 1.259641641698799397e+01
-3.000000000000000000e+00 1.259641633608633526e+01
-3.000000000000000000e+00 1.247244444524047857e+01
-3.000000000000000000e+00 1.244684972323284988e+01
-3.000000000000000000e+00 1.177798495619509822e+01
-3.000000000000000000e+00 1.177798479642586749e+01
-3.000000000000000000e+00 1.131136140318318972e+01
-3.000000000000000000e+00 1.129254439484268424e+01
-3.000000000000000000e+00 1.115142169837599972e+01
-3.000000000000000000e+00 1.111705750084072797e+01
-3.000000000000000000e+00 1.111705749544532118e+01
-3.000000000000000000e+00 1.097895304173358788e+01
-3.000000000000000000e+00 1.068400975295305244e+01
-3.000000000000000000e+00 1.028139553208897716e+01
-3.000000000000000000e+00 1.017864828427695478e+01
-3.000000000000000000e+00 1.017864828221863149e+01
-3.000000000000000000e+00 9.569353437061234757e+00
-3.000000000000000000e+00 9.544864376243731741e+00
-3.000000000000000000e+00 9.544864346640521191e+00
-3.000000000000000000e+00 9.344391498005380825e+00
-3.000000000000000000e+00 5.633734016233299613e+00
-2.500000000000000000e+00 1.837271547912052228e+01
-2.500000000000000000e+00 1.837271528863952952e+01
-2.500000000000000000e+00 1.793964366625552742e+01
-2.500000000000000000e+00 1.793964362507899679e+01
-2.500000000000000000e+00 1.784736375560737187e+01
-2.500000000000000000e+00 1.784736370554495721e+01
-2.500000000000000000e+00 1.760210498227923637e+01
-2.500000000000000000e+00 1.760210473744212578e+01
-2.500000000000000000e+00 1.755652827100690061e+01
-2.500000000000000000e+00 1.755652815872111105e+01
-2.500000000000000000e+00 1.753213076517808133e+01
-2.500000000000000000e+00 1.753213061907215575e+01
-2.500000000000000000e+00 1.709716734408605987e+01
-2.500000000000000000e+00 1.709716722587022986e+01
-2.500000000000000000e+00 1.706082814853838059e+01
-2.500000000000000000e+00 1.706082780654718789e+01
-2.500000000000000000e+00 1.665801780468492055e+01
-2.500000000000000000e+00 1.665801775134486462e+01
-2.500000000000000000e+00 1.656471439975931759e+01
-2.500000000000000000e+00 1.656471417069989016e+01
-2.500000000000000000e+00 1.636484183932081038e+01
-2.500000000000000000e+00 1.636484177395832518e+01
-2.500000000000000000e+00 1.621786900534827325e+01
-2.500000000000000000e+00 1.621786889739796322e+01
-2.500000000000000000e+00 1.621552713014506963e+01
-2.500000000000000000e+00 1.621552710077294179e+01
-2.500000000000000000e+00 1.582702853460741466e+01
-2.500000000000000000e+00 1.582702838025469205e+01
-2.500000000000000000e+00 1.574634546808987601e+01
-2.500000000000000000e+00 1.574634521393455522e+01
-2.500000000000000000e+00 1.541518756398289369e+01
-2.500000000000000000e+00 1.541518718797484055e+01
-2.500000000000000000e+00 1.538649809602213203e+01
-2.500000000000000000e+00 1.538649795927400632e+01
-2.500000000000000000e+00 1.516265638978536856e+01
-2.500000000000000000e+00 1.516265636416298790e+01
-2.500000000000000000e+00 1.515198818757177435e+01
-2.500000000000000000e+00 1.515198815208109195e+01
-2.500000000000000000e+00 1.506253381485373488e+01
-2.500000000000000000e+00 1.506253376849124237e+01
-2.500000000000000000e+00 1.492712990180118382e+01
-2.500000000000000000e+00 1.492712977357876980e+01
-2.500000000000000000e+00 1.489887712872219439e+01
-2.500000000000000000e+00 1.489887703621842263e+01
-2.500000000000000000e+00 1.477586333006270713e+01
-2.500000000000000000e+00 1.477586331555976429e+01
-2.500000000000000000e+00 1.460957969253107436e+01
-2.500000000000000000e+00 1.460957923125008051e+01
-2.500000000000000000e+00 1.457726104834282488e+01
-2.500000000000000000e+00 1.457726102075660179e+01
-2.500000000000000000e+00 1.435891856207025263e+01
-2.500000000000000000e+00 1.435891855251198201e+01
-2.500000000000000000e+00 1.434904412108503990e+01
-2.500000000000000000e+00 1.434904410669922470e+01
-2.500000000000000000e+00 1.421844884101886919e+01
-2.500000000000000000e+00 1.421844856992218986e+01
-2.500000000000000000e+00 1.414502083908064023e+01
-2.500000000000000000e+00 1.414502082951076289e+01
-2.500000000000000000e+00 1.402107536296695578e+01
-2.500000000000000000e+00 1.402107480225621750e+01
-2.500000000000000000e+00 1.352913914859782984e+01
-2.500000000000000000e+00 1.352913912641983352e+01
-2.500000000000000000e+00 1.337590768676932740e+01
-2.500000000000000000e+00 1.337590766917274898e+01
-2.500000000000000000e+00 1.318357149148253171e+01
-2.500000000000000000e+00 1.318357143707068069e+01
-2.500000000000000000e+00 1.316784773052089541e+01
-2.500000000000000000e+00 1.316784771274402566e+01
-2.500000000000000000e+00 1.316680859810984039e+01
-2.500000000000000000e+00 1.316680859752950106e+01
-2.500000000000000000e+00 1.305343719643391687e+01
-2.500000000000000000e+00 1.305343710565603210e+01
-2.500000000000000000e+00 1.295051053041297351e+01
-2.500000000000000000e+00 1.295051052695376193e+01
-2.500000000000000000e+00 1.273446363248910806e+01
-2.500000000000000000e+00 1.273446361478739242e+01
-2.500000000000000000e+00 1.268858185088572021e+01
-2.500000000000000000e+00 1.268858178339809761e+01
-2.500000000000000000e+00 1.266329765486851855e+01
-2.500000000000000000e+00 1.266329751189859998e+01
-2.500000000000000000e+00 1.176664046143709008e+01
-2.500000000000000000e+00 1.176664025583678530e+01
-2.500000000000000000e+00 1.080289279509323741e+01
-2.500000000000000000e+00 1.080289276452749192e+01
-2.500000000000000000e+00 1.018582031820180234e+01
-2.500000000000000000e+00 1.018582029548561607e+01
-2.500000000000000000e+00 9.724578647757393668e+00
-2.500000000000000000e+00 9.724578637955890059e+00
-2.500000000000000000e+00 9.284341432225581059e+00
-2.500000000000000000e+00 9.284341419830669295e+00
-2.500000000000000000e+00 8.682354804149207794e+00
-2.500000000000000000e+00 8.682354788579361937e+00
-2.500000000000000000e+00 8.644853387644312548e+00
-2.500000000000000000e+00 8.644853387508712572e+00
-2.500000000000000000e+00 8.072531687561884439e+00
-2.500000000000000000e+00 8.072531673963455390e+00
-2.500000000000000000e+00 8.016252484018307811e+00
-2.500000000000000000e+00 8.016252465000979655e+00
-2.500000000000000000e+00 6.121013015378557576e+00
-2.500000000000000000e+00 6.121013014076355674e+00
-2.000000000000000000e+00 1.608661849694908597e+01
-2.000000000000000000e+00 1.605016155907895836e+01
-2.000000000000000000e+00 1.605016147401988036e+01
-2.000000000000000000e+00 1.599144827418712467e+01
-2.000000000000000000e+00 1.597864536420676096e+01
-2.000000000000000000e+00 1.597864532557827211e+01
-2.000000000000000000e+00 1.595228229015260624e+01
-2.000000000000000000e+00 1.595228227322206394e+01
-2.000000000000000000e+00 1.577457226130047907e+01
-2.000000000000000000e+00 1.566256359923535335e+01
-2.000000000000000000e+00 1.566253253764994113e+01
-2.000000000000000000e+00 1.561101206669573038e+01
-2.000000000000000000e+00 1.554029905593226069e+01
-2.000000000000000000e+00 1.554029894877915119e+01
-2.000000000000000000e+00 1.537304329426881111e+01
-2.000000000000000000e+00 1.537304327318747710e+01
-2.000000000000000000e+00 1.515036085671156130e+01
-2.000000000000000000e+00 1.509780667873004312e+01
-2.000000000000000000e+00 1.497796612179104336e+01
-2.000000000000000000e+00 1.496352329090366950e+01
-2.000000000000000000e+00 1.496352298296202044e+01
-2.000000000000000000e+00 1.481579261447789975e+01
-2.000000000000000000e+00 1.465661544455910459e+01
-2.000000000000000000e+00 1.465661541006044466e+01
-2.000000000000000000e+00 1.449380598256597175e+01
-2.000000000000000000e+00 1.423310664058295316e+01
-2.000000000000000000e+00 1.423310659945285828e+01
-2.000000000000000000e+00 1.422308369846377474e+01
-2.000000000000000000e+00 1.409658460475072239e+01
-2.000000000000000000e+00 1.408718114599945359e+01
-2.000000000000000000e+00 1.408246840944706868e+01
-2.000000000000000000e+00 1.383965037764093609e+01
-2.000000000000000000e+00 1.383965033533152855e+01
-2.000000000000000000e+00 1.381578498820779011e+01
-2.000000000000000000e+00 1.372964245374148184e+01
-2.000000000000000000e+00 1.372964245313016107e+01
-2.000000000000000000e+00 1.363349910212716942e+01
-2.000000000000000000e+00 1.345667241649281465e+01
-2.000000000000000000e+00 1.345667233088017944e+01
-2.000000000000000000e+00 1.341969544140507331e+01
-2.000000000000000000e+00 1.330124881356139532e+01
-2.000000000000000000e+00 1.329975948277303388e+01
-2.000000000000000000e+00 1.310134096259695902e+01
-2.000000000000000000e+00 1.309874892673069446e+01
-2.000000000000000000e+00 1.302305643793273937e+01
-2.000000000000000000e+00 1.302305631177163825e+01
-2.000000000000000000e+00 1.289481772062063314e+01
-2.000000000000000000e+00 1.250887897278752448e+01
-2.000000000000000000e+00 1.250694191045059256e+01
-2.000000000000000000e+00 1.250694189671107281e+01
-2.000000000000000000e+00 1.242434403402006460e+01
-2.000000000000000000e+00 1.242434399408057111e+01
-2.000000000000000000e+00 1.238379242274404746e+01
-2.000000000000000000e+00 1.224889405940972686e+01
-2.000000000000000000e+00 1.224889405296681488e+01
-2.000000000000000000e+00 1.217624037090371303e+01
-2.000000000000000000e+00 1.217624036344677840e+01
-2.000000000000000000e+00 1.212648145242854802e+01
-2.000000000000000000e+00 1.203743878654945121e+01
-2.000000000000000000e+00 1.196781937891959480e+01
-2.000000000000000000e+00 1.196781937216568181e+01
-2.000000000000000000e+00 1.193303618287370682e+01
-2.000000000000000000e+00 1.193303615198226453e+01
-2.000000000000000000e+00 1.192809544551106526e+01
-2.000000000000000000e+00 1.190423468126919992e+01
-2.000000000000000000e+00 1.180706997867742380e+01
-2.000000000000000000e+00 1.171128734256168968e+01
-2.000000000000000000e+00 1.171128734123495541e+01
-2.000000000000000000e+00 1.170812465111826839e+01
-2.000000000000000000e+00 1.170812463176593532e+01
-2.000000000000000000e+00 1.169776690242010631e+01
-2.000000000000000000e+00 1.154953061007837256e+01
-2.000000000000000000e+00 1.154953059870040732e+01
-2.000000000000000000e+00 1.145949552954549233e+01
-2.000000000000000000e+00 1.136171629861938825e+01
-2.000000000000000000e+00 1.129322457215908315e+01
-2.000000000000000000e+00 1.129322457046572481e+01
-2.000000000000000000e+00 1.109001672887631074e+01
-2.000000000000000000e+00 1.075642641356695606e+01
-2.000000000000000000e+00 1.055568323804456021e+01
-2.000000000000000000e+00 1.035200758845845570e+01
-2.000000000000000000e+00 1.029485172262718606e+01
-2.000000000000000000e+00 1.029485170679157946e+01
-2.000000000000000000e+00 1.011174600486173247e+01
-2.000000000000000000e+00 1.000350460553882748e+01
-2.000000000000000000e+00 9.762019174430985657e+00
-2.000000000000000000e+00 9.495911010284222797e+00
-2.000000000000000000e+00 9.495911003239575265e+00
-2.000000000000000000e+00 9.386799120160420173e+00
-2.000000000000000000e+00 9.237577832758159246e+00
-2.000000000000000000e+00 8.995219363545951197e+00
-2.000000000000000000e+00 8.995219363220050113e+00
-2.000000000000000000e+00 7.430960875381686037e+00
-2.000000000000000000e+00 6.934178452874196985e+00
-2.000000000000000000e+00 6.934178443627381228e+00
-2.000000000000000000e+00 6.850562338814796703e+00
-2.000000000000000000e+00 5.233672267511405352e+00
-2.000000000000000000e+00 5.233672259393848059e+00
-2.000000000000000000e+00 4.674163769751834785e+00
-2.000000000000000000e+00 4.478947067789500025e+00
-1.500000000000000000e+00 1.480105388992764759e+01
-1.500000000000000000e+00 1.480105378641212432e+01
-1.500000000000000000e+00 1.471533371962912717e+01
-1.500000000000000000e+00 1.471533354544077810e+01
-1.500000000000000000e+00 1.470383722253223624e+01
-1.500000000000000000e+00 1.470383697098389497e+01
-1.500000000000000000e+00 1.462404014928909923e+01
-1.500000000000000000e+00 1.462404013234341527e+01
-1.500000000000000000e+00 1.456669590006513459e+01
-1.500000000000000000e+00 1.456669558615767279e+01
-1.500000000000000000e+00 1.445285255049887851e+01
-1.500000000000000000e+00 1.445285248918099086e+01
-1.500000000000000000e+00 1.428736277570567026e+01
-1.500000000000000000e+00 1.428736244789536691e+01
-1.500000000000000000e+00 1.422967418634942760e+01
-1.500000000000000000e+00 1.422967392865530556e+01
-1.500000000000000000e+00 1.416071724071600890e+01
-1.500000000000000000e+00 1.416071673364183425e+01
-1.500000000000000000e+00 1.395349649361526900e+01
-1.500000000000000000e+00 1.395349642708684179e+01
-1.500000000000000000e+00 1.390607617833384957e+01
-1.500000000000000000e+00 1.390607602980406377e+01
-1.500000000000000000e+00 1.385336435696973112e+01
-1.500000000000000000e+00 1.385336426956818556e+01
-1.500000000000000000e+00 1.374026957561303064e+01
-1.500000000000000000e+00 1.374026928398674130e+01
-1.500000000000000000e+00 1.364053305161536400e+01
-1.500000000000000000e+00 1.364053297053088976e+01
-1.500000000000000000e+00 1.362065343291266650e+01
-1.500000000000000000e+00 1.362065290024873043e+01
-1.500000000000000000e+00 1.358199483959097087e+01
-1.500000000000000000e+00 1.358199478210347522e+01
-1.500000000000000000e+00 1.351715201233217911e+01
-1.500000000000000000e+00 1.351715193060878129e+01
-1.500000000000000000e+00 1.344774104450901930e+01
-1.500000000000000000e+00 1.344774103605462123e+01
-1.500000000000000000e+00 1.340980018223685200e+01
-1.500000000000000000e+00 1.340980017898099597e+01
-1.500000000000000000e+00 1.340166655591878353e+01
-1.500000000000000000e+00 1.340166638783898811e+01
-1.500000000000000000e+00 1.319298855548706406e+01
-1.500000000000000000e+00 1.319298853690016493e+01
-1.500000000000000000e+00 1.298932884782340480e+01
-1.500000000000000000e+00 1.298932859210919588e+01
-1.500000000000000000e+00 1.292133979523741338e+01
-1.500000000000000000e+00 1.292133915434030556e+01
-1.500000000000000000e+00 1.279382748083375176e+01
-1.500000000000000000e+00 1.279382731417238972e+01
-1.500000000000000000e+00 1.269055214215277338e+01
-1.500000000000000000e+00 1.269055209767304326e+01
-1.500000000000000000e+00 1.258597613858509412e+01
-1.500000000000000000e+00 1.258597611917036119e+01
-1.500000000000000000e+00 1.218647631701655065e+01
-1.500000000000000000e+00 1.218647624951848485e+01
-1.500000000000000000e+00 1.215464996425573574e+01
-1.500000000000000000e+00 1.215464996045926505e+01
-1.500000000000000000e+00 1.202267105115798884e+01
-1.500000000000000000e+00 1.202267104912477791e+01
-1.500000000000000000e+00 1.180944528786962877e+01
-1.500000000000000000e+00 1.180944525462570205e+01
-1.500000000000000000e+00 1.116775022325708555e+01
-1.500000000000000000e+00 1.116775020201545310e+01
-1.500000000000000000e+00 1.091759600162706789e+01
-1.500000000000000000e+00 1.091759599100004507e+01
-1.500000000000000000e+00 1.073314968960493232e+01
-1.500000000000000000e+00 1.073314965163002377e+01
-1.500000000000000000e+00 1.069444069545514964e+01
-1.500000000000000000e+00 1.069444050709461180e+01
-1.500000000000000000e+00 1.063641361437652932e+01
-1.500000000000000000e+00 1.063641357431153622e+01
-1.500000000000000000e+00 1.044714515912767183e+01
-1.500000000000000000e+00 1.044714511542017377e+01
-1.500000000000000000e+00 1.040299724044515095e+01
-1.500000000000000000e+00 1.040299717680970915e+01
-1.500000000000000000e+00 9.720236371996726632e+00
-1.500000000000000000e+00 9.720235964193342681e+00
-1.500000000000000000e+00 9.343475116205631537e+00
-1.500000000000000000e+00 9.343475077373383897e+00
-1.500000000000000000e+00 9.306066101306543104e+00
-1.500000000000000000e+00 9.306066021813192535e+00
-1.500000000000000000e+00 9.278928889256663481e+00
-1.500000000000000000e+00 9.278928876657555946e+00
-1.500000000000000000e+00 9.215217810918661101e+00
-1.500000000000000000e+00 9.215217556543505495e+00
-1.500000000000000000e+00 8.812562243825114550e+00
-1.500000000000000000e+00 8.812562233136940648e+00
-1.500000000000000000e+00 8.623521624770555505e+00
-1.500000000000000000e+00 8.623521545083690398e+00
-1.500000000000000000e+00 8.419136657819782599e+00
-1.500000000000000000e+00 8.419136633383859092e+00
-1.500000000000000000e+00 8.236564331199113909e+00
-1.500000000000000000e+00 8.236564311969651442e+00
-1.500000000000000000e+00 8.113912998109659824e+00
-1.500000000000000000e+00 8.113912993272593965e+00
-1.500000000000000000e+00 7.746396175869840306e+00
-1.500000000000000000e+00 7.746396071234291192e+00
-1.500000000000000000e+00 7.135541974749685323e+00
-1.500000000000000000e+00 7.135541830808345587e+00
-1.500000000000000000e+00 3.475466717751001688e+00
-1.500000000000000000e+00 3.475466716289240310e+00
-1.000000000000000000e+00 1.432524518338938080e+01
-1.000000000000000000e+00 1.432524500335971140e+01
-1.000000000000000000e+00 1.431957297586894562e+01
-1.000000000000000000e+00 1.430246072607384988e+01
-1.000000000000000000e+00 1.427595556409206168e+01
-1.000000000000000000e+00 1.427173124705047158e+01
-1.000000000000000000e+00 1.427173117206310415e+01
-1.000000000000000000e+00 1.414099925245405842e+01
-1.000000000000000000e+00 1.414099919280550921e+01
-1.000000000000000000e+00 1.406205868733997022e+01
-1.000000000000000000e+00 1.369567951135938344e+01
-1.000000000000000000e+00 1.369567947176858169e+01
-1.000000000000000000e+00 1.352063562283125364e+01
-1.000000000000000000e+00 1.344509236141292696e+01
-1.000000000000000000e+00 1.341148927905533306e+01
-1.000000000000000000e+00 1.323849004472032753e+01
-1.000000000000000000e+00 1.322772606598893574e+01
-1.000000000000000000e+00 1.322772599185055142e+01
-1.000000000000000000e+00 1.318867902260301861e+01
-1.000000000000000000e+00 1.312295625809079347e+01
-1.000000000000000000e+00 1.312295594571097723e+01
-1.000000000000000000e+00 1.311393693927818482e+01
-1.000000000000000000e+00 1.302775932005568826e+01
-1.000000000000000000e+00 1.302775921925703528e+01
-1.000000000000000000e+00 1.301699145907620014e+01
-1.000000000000000000e+00 1.293120702368707597e+01
-1.000000000000000000e+00 1.293120660326649762e+01
-1.000000000000000000e+00 1.289813521828375542e+01
-1.000000000000000000e+00 1.289813509167809435e+01
-1.000000000000000000e+00 1.281190652323769363e+01
-1.000000000000000000e+00 1.277985373238645650e+01
-1.000000000000000000e+00 1.267470257150029411e+01
-1.000000000000000000e+00 1.257493089801078057e+01
-1.000000000000000000e+00 1.255068767838844757e+01
-1.000000000000000000e+00 1.255006488145621013e+01
-1.000000000000000000e+00 1.255006487425240458e+01
-1.000000000000000000e+00 1.249090081762970605e+01
-1.000000000000000000e+00 1.249090078096391032e+01
-1.000000000000000000e+00 1.248549976110723669e+01
-1.000000000000000000e+00 1.248278227112824723e+01
-1.000000000000000000e+00 1.245577780300967952e+01
-1.000000000000000000e+00 1.245577712818029958e+01
-1.000000000000000000e+00 1.243154216455745775e+01
-1.000000000000000000e+00 1.234837764135989957e+01
-1.000000000000000000e+00 1.225119871297862417e+01
-1.000000000000000000e+00 1.221270924158463345e+01
-1.000000000000000000e+00 1.218085675947324376e+01
-1.000000000000000000e+00 1.218085662224569354e+01
-1.000000000000000000e+00 1.213687766257504563e+01
-1.000000000000000000e+00 1.210319223588643744e+01
-1.000000000000000000e+00 1.210319173119914460e+01
-1.000000000000000000e+00 1.201465107311936009e+01
-1.000000000000000000e+00 1.201465101825775861e+01
-1.000000000000000000e+00 1.201041392122735907e+01
-1.000000000000000000e+00 1.195589734741047572e+01
-1.000000000000000000e+00 1.195589629145256083e+01
-1.000000000000000000e+00 1.186769645375694360e+01
-1.000000000000000000e+00 1.156233826402031895e+01
-1.000000000000000000e+00 1.136197915948515380e+01
-1.000000000000000000e+00 1.136197909905429348e+01
-1.000000000000000000e+00 1.134510009990873414e+01
-1.000000000000000000e+00 1.122069759186230975e+01
-1.000000000000000000e+00 1.118021594263584717e+01
-1.000000000000000000e+00 1.118021586300341497e+01
-1.000000000000000000e+00 1.116538414651385480e+01
-1.000000000000000000e+00 1.111703415736471712e+01
-1.000000000000000000e+00 1.106711130673247467e+01
-1.000000000000000000e+00 1.106711130094592122e+01
-1.000000000000000000e+00 1.099965771118191959e+01
-1.000000000000000000e+00 1.099965760324572628e+01
-1.000000000000000000e+00 1.086919854925946360e+01
-1.000000000000000000e+00 1.086919848322565940e+01
-1.000000000000000000e+00 1.078567690626842968e+01
-1.000000000000000000e+00 1.074393554196259792e+01
-1.000000000000000000e+00 1.063376403040370555e+01
-1.000000000000000000e+00 1.059931663626827714e+01
-1.000000000000000000e+00 1.051227738969246239e+01
-1.000000000000000000e+00 1.051227727696583969e+01
-1.000000000000000000e+00 1.010859364635828861e+01
-1.000000000000000000e+00 1.010859337498531119e+01
-1.000000000000000000e+00 1.003222773360201181e+01
-1.000000000000000000e+00 9.726765325828624853e+00
-1.000000000000000000e+00 9.124313684355946918e+00
-1.000000000000000000e+00 8.776268506055483698e+00
-1.000000000000000000e+00 8.751302218374933162e+00
-1.000000000000000000e+00 8.751302210079222377e+00
-1.000000000000000000e+00 8.041618311883103942e+00
-1.000000000000000000e+00 7.927514654173918984e+00
-1.000000000000000000e+00 7.705434141118035818e+00
-1.000000000000000000e+00 7.658841305849759529e+00
-1.000000000000000000e+00 7.658841296463821280e+00
-1.000000000000000000e+00 7.466103346457975576e+00
-1.000000000000000000e+00 7.000835764767569636e+00
-1.000000000000000000e+00 7.000835633613063713e+00
-1.000000000000000000e+00 6.706872912323708746e+00
-1.000000000000000000e+00 6.065512563490700337e+00
-1.000000000000000000e+00 5.962659684262559878e+00
-1.000000000000000000e+00 5.962659583717424994e+00
-1.000000000000000000e+00 5.736593015598489664e+00
-1.000000000000000000e+00 3.526592437988236295e+00
-5.000000000000000000e-01 1.432574284529898812e+01
-5.000000000000000000e-01 1.432574279832742725e+01
-5.000000000000000000e-01 1.431245265174375270e+01
-5.000000000000000000e-01 1.431245263750984797e+01
-5.000000000000000000e-01 1.426076918396199034e+01
-5.000000000000000000e-01 1.426076908969004364e+01
-5.000000000000000000e-01 1.424752854988362394e+01
-5.000000000000000000e-01 1.424752840588931591e+01
-5.000000000000000000e-01 1.421752084787664749e+01
-5.000000000000000000e-01 1.421752079078671827e+01
-5.000000000000000000e-01 1.405397952140970474e+01
-5.000000000000000000e-01 1.405397941290047292e+01
-5.000000000000000000e-01 1.388367334636570760e+01
-5.000000000000000000e-01 1.388367322085613687e+01
-5.000000000000000000e-01 1.381656533839532841e+01
-5.000000000000000000e-01 1.381656522925637631e+01
-5.000000000000000000e-01 1.377843023311420900e+01
-5.000000000000000000e-01 1.377843015758566203e+01
-5.000000000000000000e-01 1.372143432121768392e+01
-5.000000000000000000e-01 1.372143420662247237e+01
-5.000000000000000000e-01 1.362493911838596716e+01
-5.000000000000000000e-01 1.362493910278702991e+01
-5.000000000000000000e-01 1.327764223144277800e+01
-5.000000000000000000e-01 1.327764190337209094e+01
-5.000000000000000000e-01 1.317644813734742471e+01
-5.000000000000000000e-01 1.317644794409740072e+01
-5.000000000000000000e-01 1.291596578285929553e+01
-5.000000000000000000e-01 1.291596561062344684e+01
-5.000000000000000000e-01 1.290684628994545946e+01
-5.000000000000000000e-01 1.290684625029793686e+01
-5.000000000000000000e-01 1.284625993174127245e+01
-5.000000000000000000e-01 1.284625991801073219e+01
-5.000000000000000000e-01 1.240856882379141091e+01
-5.000000000000000000e-01 1.240856878795713669e+01
-5.000000000000000000e-01 1.218019928940741359e+01
-5.000000000000000000e-01 1.218019923695853812e+01
-5.000000000000000000e-01 1.216717429748260315e+01
-5.000000000000000000e-01 1.216717422371440094e+01
-5.000000000000000000e-01 1.210812331735469094e+01
-5.000000000000000000e-01 1.210812324829963593e+01
-5.000000000000000000e-01 1.210405050599566046e+01
-5.000000000000000000e-01 1.210405029606338800e+01
-5.000000000000000000e-01 1.206257288792963678e+01
-5.000000000000000000e-01 1.206257287692653613e+01
-5.000000000000000000e-01 1.179095278469414332e+01
-5.000000000000000000e-01 1.179095255117786678e+01
-5.000000000000000000e-01 1.167570568656215180e+01
-5.000000000000000000e-01 1.167570563451174870e+01
-5.000000000000000000e-01 1.154552509125963589e+01
-5.000000000000000000e-01 1.154552503459722956e+01
-5.000000000000000000e-01 1.132410562705718604e+01
-5.000000000000000000e-01 1.132410559821290263e+01
-5.000000000000000000e-01 1.113073931743821987e+01
-5.000000000000000000e-01 1.113073910882324746e+01
-5.000000000000000000e-01 1.097315164989597669e+01
-5.000000000000000000e-01 1.097315161459520461e+01
-5.000000000000000000e-01 1.088109721518362072e+01
-5.000000000000000000e-01 1.088109645501568679e+01
-5.000000000000000000e-01 1.070453945210711666e+01
-5.000000000000000000e-01 1.070453938363220558e+01
-5.000000000000000000e-01 1.052576695791512584e+01
-5.000000000000000000e-01 1.052576689592942749e+01
-5.000000000000000000e-01 1.043300891494699378e+01
-5.000000000000000000e-01 1.043300867305662294e+01
-5.000000000000000000e-01 9.964562717015990501e+00
-5.000000000000000000e-01 9.964562684323654551e+00
-5.000000000000000000e-01 9.814807202497933147e+00
-5.000000000000000000e-01 9.814807110506601262e+00
-5.000000000000000000e-01 9.791865732703724845e+00
-5.000000000000000000e-01 9.791865520118106403e+00
-5.000000000000000000e-01 9.770603916582416559e+00
-5.000000000000000000e-01 9.770603834222425732e+00
-5.000000000000000000e-01 9.531766166000098295e+00
-5.000000000000000000e-01 9.531765980782896719e+00
-5.000000000000000000e-01 9.530044368071251881e+00
-5.000000000000000000e-01 9.530044212916633839e+00
-5.000000000000000000e-01 9.491962541099667305e+00
-5.000000000000000000e-01 9.491962514925750938e+00
-5.000000000000000000e-01 9.336370892911730834e+00
-5.000000000000000000e-01 9.336370861831106538e+00
-5.000000000000000000e-01 9.033541846597385572e+00
-5.000000000000000000e-01 9.033541517522667874e+00
-5.000000000000000000e-01 8.971346389209731598e+00
-5.000000000000000000e-01 8.971346051708241731e+00
-5.000000000000000000e-01 8.408816432471816427e+00
-5.000000000000000000e-01 8.408816297257269312e+00
-5.000000000000000000e-01 7.717668357702875070e+00
-5.000000000000000000e-01 7.717668325734007517e+00
-5.000000000000000000e-01 7.568299885982808561e+00
-5.000000000000000000e-01 7.568299885294413443e+00
-5.000000000000000000e-01 7.427916079536748484e+00
-5.000000000000000000e-01 7.427916046012932760e+00
-5.000000000000000000e-01 7.038911098556170032e+00
-5.000000000000000000e-01 7.038910926245376842e+00
-5.000000000000000000e-01 6.982360622163346520e+00
-5.000000000000000000e-01 6.982360551093789169e+00
-5.000000000000000000e-01 4.628794619068366423e+00
-5.000000000000000000e-01 4.628794610597624093e+00
-5.000000000000000000e-01 2.054204846761370717e+00
-5.000000000000000000e-01 2.054204827955983248e+00
0.000000000000000000e+00 1.346589325232105772e+01
0.000000000000000000e+00 1.334665309689188284e+01
0.000000000000000000e+00 1.334665288042801023e+01
0.000000000000000000e+00 1.328600234279140402e+01
0.000000000000000000e+00 1.327233381999820594e+01
0.000000000000000000e+00 1.321248383657160907e+01
0.000000000000000000e+00 1.321248383450623898e+01
0.000000000000000000e+00 1.320236903640422454e+01
0.000000000000000000e+00 1.319397979829435030e+01
0.000000000000000000e+00 1.319397976979002607e+01
0.000000000000000000e+00 1.315430252819227519e+01
0.000000000000000000e+00 1.315430251821985586e+01
0.000000000000000000e+00 1.312064254938805341e+01
0.000000000000000000e+00 1.312064254528729101e+01
0.000000000000000000e+00 1.311556858965046146e+01
0.000000000000000000e+00 1.311180830555382926e+01
0.000000000000000000e+00 1.310595030932556249e+01
0.000000000000000000e+00 1.310595021889558076e+01
0.000000000000000000e+00 1.310207141011115262e+01
0.000000000000000000e+00 1.309614172889566319e+01
0.000000000000000000e+00 1.309614166768335863e+01
0.000000000000000000e+00 1.300284327104538917e+01
0.000000000000000000e+00 1.300284302327965413e+01
0.000000000000000000e+00 1.293323594905240448e+01
0.000000000000000000e+00 1.291453177024135535e+01
0.000000000000000000e+00 1.284952937177244259e+01
0.000000000000000000e+00 1.284952913082790182e+01
0.000000000000000000e+00 1.284045638886269636e+01
0.000000000000000000e+00 1.280729838177434488e+01
0.000000000000000000e+00 1.278479299372082600e+01
0.000000000000000000e+00 1.265570679038527580e+01
0.000000000000000000e+00 1.259560620158826794e+01
0.000000000000000000e+00 1.259560611458944024e+01
0.000000000000000000e+00 1.248483198200423772e+01
0.000000000000000000e+00 1.232772712636363188e+01
0.000000000000000000e+00 1.232772641786582390e+01
0.000000000000000000e+00 1.212974464180724254e+01
0.000000000000000000e+00 1.206723643300333926e+01
0.000000000000000000e+00 1.203752398187031858e+01
0.000000000000000000e+00 1.203752365420245063e+01
0.000000000000000000e+00 1.201396431910498208e+01
0.000000000000000000e+00 1.194457679429653041e+01
0.000000000000000000e+00 1.194457675668710550e+01
0.000000000000000000e+00 1.190050257053942673e+01
0.000000000000000000e+00 1.179260907281302551e+01
0.000000000000000000e+00 1.178331847279600630e+01
0.000000000000000000e+00 1.178331846979886244e+01
0.000000000000000000e+00 1.178312681781034499e+01
0.000000000000000000e+00 1.178312672119279192e+01
0.000000000000000000e+00 1.169299130493083538e+01
0.000000000000000000e+00 1.165155672038378576e+01
0.000000000000000000e+00 1.159987467510648962e+01
0.000000000000000000e+00 1.159987431085089682e+01
0.000000000000000000e+00 1.137392562733682233e+01
0.000000000000000000e+00 1.134982222052905776e+01
0.000000000000000000e+00 1.134982161951434421e+01
0.000000000000000000e+00 1.130228774336608311e+01
0.000000000000000000e+00 1.104221062035454004e+01
0.000000000000000000e+00 1.104221061581973018e+01
0.000000000000000000e+00 1.103988279635157710e+01
0.000000000000000000e+00 1.103041841551702795e+01
0.000000000000000000e+00 1.089951160193293767e+01
0.000000000000000000e+00 1.089951158143253629e+01
0.000000000000000000e+00 1.083977492578927482e+01
0.000000000000000000e+00 1.082803290985174982e+01
0.000000000000000000e+00 1.082803286224818429e+01
0.000000000000000000e+00 1.081445514362110494e+01
0.000000000000000000e+00 1.081445513546011483e+01
0.000000000000000000e+00 1.077175497268865278e+01
0.000000000000000000e+00 1.074084276174407471e+01
0.000000000000000000e+00 1.073496930779907466e+01
0.000000000000000000e+00 1.056168394779633246e+01
0.000000000000000000e+00 1.056168377679368398e+01
0.000000000000000000e+00 1.010157033783358216e+01
0.000000000000000000e+00 1.010157019963734015e+01
0.000000000000000000e+00 1.004558257705526891e+01
0.000000000000000000e+00 9.867493005488922719e+00
0.000000000000000000e+00 9.701452277998983575e+00
0.000000000000000000e+00 9.588521336620242863e+00
0.000000000000000000e+00 8.653665238165842766e+00
0.000000000000000000e+00 8.573750732451012269e+00
0.000000000000000000e+00 8.573750661088674008e+00
0.000000000000000000e+00 8.347421741553803898e+00
0.000000000000000000e+00 8.347421664425967336e+00
0.000000000000000000e+00 8.089893364068180048e+00
0.000000000000000000e+00 8.018453457801264506e+00
0.000000000000000000e+00 7.405974018158886452e+00
0.000000000000000000e+00 6.801187928383751746e+00
0.000000000000000000e+00 6.741219531056348302e+00
0.000000000000000000e+00 6.577597988491646674e+00
0.000000000000000000e+00 6.574421762519393475e+00
0.000000000000000000e+00 6.574421754680284558e+00
0.000000000000000000e+00 6.469750799297433019e+00
0.000000000000000000e+00 6.469750788913746220e+00
0.000000000000000000e+00 6.314557521705946641e+00
0.000000000000000000e+00 5.628355755426150964e+00
0.000000000000000000e+00 5.504485853766864167e+00
0.000000000000000000e+00 5.504485810137762947e+00
0.000000000000000000e+00 3.581477182045193164e+00
0.000000000000000000e+00 9.397891185629350108e-01
5.000000000000000000e-01 1.483654399218709052e+01
5.000000000000000000e-01 1.483654388554823100e+01
5.000000000000000000e-01 1.461562175292593757e+01
5.000000000000000000e-01 1.461562165259840818e+01
5.000000000000000000e-01 1.460232996981139131e+01
5.000000000000000000e-01 1.460232980887084864e+01
5.000000000000000000e-01 1.446941534433067567e+01
5.000000000000000000e-01 1.446941513253889866e+01
5.000000000000000000e-01 1.436063449551009263e+01
5.000000000000000000e-01 1.436063393711454594e+01
5.000000000000000000e-01 1.430410613335704717e+01
5.000000000000000000e-01 1.430410598677203105e+01
5.000000000000000000e-01 1.419112330185786952e+01
5.000000000000000000e-01 1.419112329765534675e+01
5.000000000000000000e-01 1.405859183845593741e+01
5.000000000000000000e-01 1.405859173652369876e+01
5.000000000000000000e-01 1.401165153246528305e+01
5.000000000000000000e-01 1.401165152787254087e+01
5.000000000000000000e-01 1.396871290614761207e+01
5.000000000000000000e-01 1.396871273378250500e+01
5.000000000000000000e-01 1.394676889795476171e+01
5.000000000000000000e-01 1.394676872603938023e+01
5.000000000000000000e-01 1.385936667342333273e+01
5.000000000000000000e-01 1.385936648689590456e+01
5.000000000000000000e-01 1.375115006819827812e+01
5.000000000000000000e-01 1.375114995618459623e+01
5.000000000000000000e-01 1.368860472405080309e+01
5.000000000000000000e-01 1.368860426678351949e+01
5.000000000000000000e-01 1.357068537598077995e+01
5.000000000000000000e-01 1.357068501998580068e+01
5.000000000000000000e-01 1.356105129970445056e+01
5.000000000000000000e-01 1.356105111618287218e+01
5.000000000000000000e-01 1.342378903800208789e+01
5.000000000000000000e-01 1.342378891163621546e+01
5.000000000000000000e-01 1.315683653152602695e+01
5.000000000000000000e-01 1.315683630019949035e+01
5.000000000000000000e-01 1.293845684423123643e+01
5.000000000000000000e-01 1.293845669311055424e+01
5.000000000000000000e-01 1.268353636469131906e+01
5.000000000000000000e-01 1.268353631465247844e+01
5.000000000000000000e-01 1.259840433681962502e+01
5.000000000000000000e-01 1.259840405247582673e+01
5.000000000000000000e-01 1.241405902042128062e+01
5.000000000000000000e-01 1.241405857872047669e+01
5.000000000000000000e-01 1.220970560913173486e+01
5.000000000000000000e-01 1.220970547689092101e+01
5.000000000000000000e-01 1.218938334578654015e+01
5.000000000000000000e-01 1.218938320065812242e+01
5.000000000000000000e-01 1.215991890323907398e+01
5.000000000000000000e-01 1.215991877284105271e+01
5.000000000000000000e-01 1.208656678187335487e+01
5.000000000000000000e-01 1.208656626367608133e+01
5.000000000000000000e-01 1.142864884102089640e+01
5.000000000000000000e-01 1.142864868104867426e+01
5.000000000000000000e-01 1.137634086653837961e+01
5.000000000000000000e-01 1.137633993334670990e+01
5.000000000000000000e-01 1.132349247243669943e+01
5.000000000000000000e-01 1.132349241432418019e+01
5.000000000000000000e-01 1.109619525067912349e+01
5.000000000000000000e-01 1.109619520867049758e+01
5.000000000000000000e-01 1.084373598310137332e+01
5.000000000000000000e-01 1.084373587786451765e+01
5.000000000000000000e-01 1.059104378787745837e+01
5.000000000000000000e-01 1.059104376910447876e+01
5.000000000000000000e-01 1.054978429893935754e+01
5.000000000000000000e-01 1.054978402180243968e+01
5.000000000000000000e-01 1.052256967770536455e+01
5.000000000000000000e-01 1.052256950837545979e+01
5.000000000000000000e-01 1.019101297683334906e+01
5.000000000000000000e-01 1.019101288834319696e+01
5.000000000000000000e-01 1.007478274670345186e+01
5.000000000000000000e-01 1.007478263660520490e+01
5.000000000000000000e-01 9.900516875365756420e+00
5.000000000000000000e-01 9.900516874130422806e+00
5.000000000000000000e-01 9.858053611646989012e+00
5.000000000000000000e-01 9.858053602616523747e+00
5.000000000000000000e-01 9.793030127569856802e+00
5.000000000000000000e-01 9.793030098672751649e+00
5.000000000000000000e-01 9.696607866191797598e+00
5.000000000000000000e-01 9.696607791612695593e+00
5.000000000000000000e-01 9.683321428694901201e+00
5.000000000000000000e-01 9.683321399849928568e+00
5.000000000000000000e-01 9.490411257174825366e+00
5.000000000000000000e-01 9.490410982176092247e+00
5.000000000000000000e-01 9.219501130764763630e+00
5.000000000000000000e-01 9.219500940179017334e+00
5.000000000000000000e-01 9.068102420568854072e+00
5.000000000000000000e-01 9.068102255042390425e+00
5.000000000000000000e-01 8.982032825027586043e+00
5.000000000000000000e-01 8.982032455243928126e+00
5.000000000000000000e-01 8.883630308285598076e+00
5.000000000000000000e-01 8.883630264470850690e+00
5.000000000000000000e-01 7.965807304684616064e+00
5.000000000000000000e-01 7.965806886126852504e+00
5.000000000000000000e-01 6.715345140584787487e+00
5.000000000000000000e-01 6.715345028718909148e+00
5.000000000000000000e-01 5.287077313628276265e+00
5.000000000000000000e-01 5.287077275465805748e+00
5.000000000000000000e-01 4.185438310301461406e+00
5.000000000000000000e-01 4.185438283213053445e+00
1.000000000000000000e+00 1.471131928203194406e+01
1.000000000000000000e+00 1.469236849399569778e+01
1.000000000000000000e+00 1.469236839153530916e+01
1.000000000000000000e+00 1.457980708639491674e+01
1.000000000000000000e+00 1.451514220044195191e+01
1.000000000000000000e+00 1.451514176463825656e+01
1.000000000000000000e+00 1.451495705527945468e+01
1.000000000000000000e+00 1.451495684434480182e+01
1.000000000000000000e+00 1.447522299050516992e+01
1.000000000000000000e+00 1.443243263696794898e+01
1.000000000000000000e+00 1.437255417784756162e+01
1.000000000000000000e+00 1.434344591176683004e+01
1.000000000000000000e+00 1.427017425638953085e+01
1.000000000000000000e+00 1.427017403737524326e+01
1.000000000000000000e+00 1.421898332143592469e+01
1.000000000000000000e+00 1.421626471367649813e+01
1.000000000000000000e+00 1.417599443458985320e+01
1.000000000000000000e+00 1.417599430467568489e+01
1.000000000000000000e+00 1.399963850363288920e+01
1.000000000000000000e+00 1.399963826392503741e+01
1.000000000000000000e+00 1.399289409172527598e+01
1.000000000000000000e+00 1.397448271165352018e+01
1.000000000000000000e+00 1.390257988771293540e+01
1.000000000000000000e+00 1.390257981382836050e+01
1.000000000000000000e+00 1.384324490422530829e+01
1.000000000000000000e+00 1.384324481176824406e+01
1.000000000000000000e+00 1.383381902417390741e+01
1.000000000000000000e+00 1.383065906954935187e+01
1.000000000000000000e+00 1.371988845396329104e+01
1.000000000000000000e+00 1.370773895670006937e+01
1.000000000000000000e+00 1.366785872500369337e+01
1.000000000000000000e+00 1.366785854493273966e+01
1.000000000000000000e+00 1.365362314828364099e+01
1.000000000000000000e+00 1.365362250673612898e+01
1.000000000000000000e+00 1.359081956240532563e+01
1.000000000000000000e+00 1.359081936287420334e+01
1.000000000000000000e+00 1.347204120128967020e+01
1.000000000000000000e+00 1.337925265507577777e+01
1.000000000000000000e+00 1.335370562871730193e+01
1.000000000000000000e+00 1.335370540806292894e+01
1.000000000000000000e+00 1.331348713474408285e+01
1.000000000000000000e+00 1.326926609856760031e+01
1.000000000000000000e+00 1.318989531402472970e+01
1.000000000000000000e+00 1.318989517339062623e+01
1.000000000000000000e+00 1.309581865635622400e+01
1.000000000000000000e+00 1.296277997844364016e+01
1.000000000000000000e+00 1.275079364672478377e+01
1.000000000000000000e+00 1.272658074545302753e+01
1.000000000000000000e+00 1.272658048500160000e+01
1.000000000000000000e+00 1.270832538827628611e+01
1.000000000000000000e+00 1.270832516423783076e+01
1.000000000000000000e+00 1.269388455815339078e+01
1.000000000000000000e+00 1.267520942860596911e+01
1.000000000000000000e+00 1.267520934838421454e+01
1.000000000000000000e+00 1.259285152097343286e+01
1.000000000000000000e+00 1.255363542677248745e+01
1.000000000000000000e+00 1.255363535422529608e+01
1.000000000000000000e+00 1.252917847106106386e+01
1.000000000000000000e+00 1.252917843928332076e+01
1.000000000000000000e+00 1.246581093740483581e+01
1.000000000000000000e+00 1.236253741456637556e+01
1.000000000000000000e+00 1.235552346232393006e+01
1.000000000000000000e+00 1.235552344618331055e+01
1.000000000000000000e+00 1.217861327370107460e+01
1.000000000000000000e+00 1.217861250143607244e+01
1.000000000000000000e+00 1.210944569458814790e+01
1.000000000000000000e+00 1.197632563335309008e+01
1.000000000000000000e+00 1.191530138614150225e+01
1.000000000000000000e+00 1.179982414096693688e+01
1.000000000000000000e+00 1.179982404653875960e+01
1.000000000000000000e+00 1.163475664197908621e+01
1.000000000000000000e+00 1.158952131707576250e+01
1.000000000000000000e+00 1.158952105060236448e+01
1.000000000000000000e+00 1.148547477449889698e+01
1.000000000000000000e+00 1.090603093847252048e+01
1.000000000000000000e+00 1.088541956488549722e+01
1.000000000000000000e+00 1.081748389946075761e+01
1.000000000000000000e+00 1.081748379386021774e+01
1.000000000000000000e+00 1.073570666834006104e+01
1.000000000000000000e+00 1.073570659165482510e+01
1.000000000000000000e+00 1.052852959196646587e+01
1.000000000000000000e+00 1.032538508289259660e+01
1.000000000000000000e+00 1.007823037299123037e+01
1.000000000000000000e+00 1.007823034175272348e+01
1.000000000000000000e+00 9.934932126434690147e+00
1.000000000000000000e+00 9.402392585941756309e+00
1.000000000000000000e+00 9.002875528799645366e+00
1.000000000000000000e+00 8.955487507461960206e+00
1.000000000000000000e+00 8.870311348645479654e+00
1.000000000000000000e+00 8.870311321762846646e+00
1.000000000000000000e+00 8.798940080540745612e+00
1.000000000000000000e+00 8.162557663298045441e+00
1.000000000000000000e+00 7.969863022196017610e+00
1.000000000000000000e+00 7.833111855217724795e+00
1.000000000000000000e+00 7.833111848821738832e+00
1.000000000000000000e+00 6.451573998343618221e+00
1.000000000000000000e+00 5.971805648771799646e+00
1.000000000000000000e+00 5.584587711157815271e+00
1.000000000000000000e+00 5.267531582420425629e+00
1.000000000000000000e+00 5.267531573332756345e+00
1.500000000000000000e+00 1.595864117507564828e+01
1.500000000000000000e+00 1.595864115235758796e+01
1.500000000000000000e+00 1.591902728593940708e+01
1.500000000000000000e+00 1.591902720405552429e+01
1.500000000000000000e+00 1.587298590785487384e+01
1.500000000000000000e+00 1.587298584529542644e+01
1.500000000000000000e+00 1.573375083339390024e+01
1.500000000000000000e+00 1.573375076687055873e+01
1.500000000000000000e+00 1.569281662107611020e+01
1.500000000000000000e+00 1.569281652529324944e+01
1.500000000000000000e+00 1.551074817362926872e+01
1.500000000000000000e+00 1.551074809379001174e+01
1.500000000000000000e+00 1.550971697963097462e+01
1.500000000000000000e+00 1.550971690591619812e+01
1.500000000000000000e+00 1.550220298326792090e+01
1.500000000000000000e+00 1.550220292569706793e+01
1.500000000000000000e+00 1.544776278773184153e+01
1.500000000000000000e+00 1.544776276501497847e+01
1.500000000000000000e+00 1.533378988454120773e+01
1.500000000000000000e+00 1.533378972035542809e+01
1.500000000000000000e+00 1.519224373789320204e+01
1.500000000000000000e+00 1.519224363232598662e+01
1.500000000000000000e+00 1.511836558122903362e+01
1.500000000000000000e+00 1.511836524377629942e+01
1.500000000000000000e+00 1.495961719469807782e+01
1.500000000000000000e+00 1.495961705596741176e+01
1.500000000000000000e+00 1.491354501448775061e+01
1.500000000000000000e+00 1.491354498852353849e+01
1.500000000000000000e+00 1.486160407848317000e+01
1.500000000000000000e+00 1.486160406710623327e+01
1.500000000000000000e+00 1.463446493276931371e+01
1.500000000000000000e+00 1.463446492974756019e+01
1.500000000000000000e+00 1.459324275805754212e+01
1.500000000000000000e+00 1.459324275612439337e+01
1.500000000000000000e+00 1.451912894286137856e+01
1.500000000000000000e+00 1.451912890426769387e+01
1.500000000000000000e+00 1.445763970163485546e+01
1.500000000000000000e+00 1.445763969699284601e+01
1.500000000000000000e+00 1.421683630094931239e+01
1.500000000000000000e+00 1.421683629796409321e+01
1.500000000000000000e+00 1.421393029919424755e+01
1.500000000000000000e+00 1.421393019236892385e+01
1.500000000000000000e+00 1.406562309826998103e+01
1.500000000000000000e+00 1.406562305378767341e+01
1.500000000000000000e+00 1.388615913466570895e+01
1.500000000000000000e+00 1.388615903648645933e+01
1.500000000000000000e+00 1.359934575774447651e+01
1.500000000000000000e+00 1.359934573663667301e+01
1.500000000000000000e+00 1.353794860218050466e+01
1.500000000000000000e+00 1.353794857509590166e+01
1.500000000000000000e+00 1.350820936605691713e+01
1.500000000000000000e+00 1.350820933421379699e+01
1.500000000000000000e+00 1.346875678472480864e+01
1.500000000000000000e+00 1.346875677122444515e+01
1.500000000000000000e+00 1.324654229030708308e+01
1.500000000000000000e+00 1.324654227849114108e+01
1.500000000000000000e+00 1.282830087268203023e+01
1.500000000000000000e+00 1.282830073864787224e+01
1.500000000000000000e+00 1.272470650435632855e+01
1.500000000000000000e+00 1.272470626102728630e+01
1.500000000000000000e+00 1.271302543006109431e+01
1.500000000000000000e+00 1.271302498230634370e+01
1.500000000000000000e+00 1.240082806596954157e+01
1.500000000000000000e+00 1.240082775522862946e+01
1.500000000000000000e+00 1.160397345289403859e+01
1.500000000000000000e+00 1.160397344970798450e+01
1.500000000000000000e+00 1.159216810599590453e+01
1.500000000000000000e+00 1.159216807678063965e+01
1.500000000000000000e+00 1.154867537971214198e+01
1.500000000000000000e+00 1.154867537267027799e+01
1.500000000000000000e+00 1.153915626444890741e+01
1.500000000000000000e+00 1.153915617096822643e+01
1.500000000000000000e+00 1.124839618252882012e+01
1.500000000000000000e+00 1.124839616306523915e+01
1.500000000000000000e+00 1.105843406118673222e+01
1.500000000000000000e+00 1.105843393590562940e+01
1.500000000000000000e+00 1.094821309030287715e+01
1.500000000000000000e+00 1.094821279770939171e+01
1.500000000000000000e+00 1.032995536282406057e+01
1.500000000000000000e+00 1.032995522743966177e+01
1.500000000000000000e+00 9.958295329890068714e+00
1.500000000000000000e+00 9.958295314637018336e+00
1.500000000000000000e+00 9.904691180986977983e+00
1.500000000000000000e+00 9.904691112646039741e+00
1.500000000000000000e+00 9.863293480617169706e+00
1.500000000000000000e+00 9.863293351724108149e+00
1.500000000000000000e+00 9.520821347999554263e+00
1.500000000000000000e+00 9.520821343804570347e+00
1.500000000000000000e+00 9.321255068125246623e+00
1.500000000000000000e+00 9.321254992535841666e+00
1.500000000000000000e+00 9.119269122983777009e+00
1.500000000000000000e+00 9.119269065924232365e+00
1.500000000000000000e+00 8.798343409440866125e+00
1.500000000000000000e+00 8.798343385039679276e+00
1.500000000000000000e+00 8.779432599397042125e+00
1.500000000000000000e+00 8.779432598306772917e+00
1.500000000000000000e+00 8.375380566398025195e+00
1.500000000000000000e+00 8.375380503471362204e+00
1.500000000000000000e+00 4.153346654613826239e+00
1.500000000000000000e+00 4.153346653230024721e+00
2.000000000000000000e+00 1.784947540104426977e+01
2.000000000000000000e+00 1.784947536341809027e+01
2.000000000000000000e+00 1.783029088612419244e+01
2.000000000000000000e+00 1.773694481266205614e+01
2.000000000000000000e+00 1.773694475662601278e+01
2.000000000000000000e+00 1.766169460671533287e+01
2.000000000000000000e+00 1.766169457553089117e+01
2.000000000000000000e+00 1.763505796939523051e+01
2.000000000000000000e+00 1.760360158647113948e+01
2.000000000000000000e+00 1.752271226963949147e+01
2.000000000000000000e+00 1.735998658174665010e+01
2.000000000000000000e+00 1.735998656637159598e+01
2.000000000000000000e+00 1.727609845762104257e+01
2.000000000000000000e+00 1.714980655614550997e+01
2.000000000000000000e+00 1.714980612002699445e+01
2.000000000000000000e+00 1.713590932595991134e+01
2.000000000000000000e+00 1.684382777768376371e+01
2.000000000000000000e+00 1.676478032478998514e+01
2.000000000000000000e+00 1.675172373000008719e+01
2.000000000000000000e+00 1.675115144992851768e+01
2.000000000000000000e+00 1.669277003183056962e+01
2.000000000000000000e+00 1.669276996871476726e+01
2.000000000000000000e+00 1.646965547278684383e+01
2.000000000000000000e+00 1.622910812265796565e+01
2.000000000000000000e+00 1.622910806311046272e+01
2.000000000000000000e+00 1.621012591041922946e+01
2.000000000000000000e+00 1.619925397552798074e+01
2.000000000000000000e+00 1.619925381177255019e+01
2.000000000000000000e+00 1.603155602616452668e+01
2.000000000000000000e+00 1.596834239106495801e+01
2.000000000000000000e+00 1.595019556803360317e+01
2.000000000000000000e+00 1.594156430549920955e+01
2.000000000000000000e+00 1.594156416963769018e+01
2.000000000000000000e+00 1.570238362204798932e+01
2.000000000000000000e+00 1.570238360153510193e+01
2.000000000000000000e+00 1.555704425055575335e+01
2.000000000000000000e+00 1.541735419845846344e+01
2.000000000000000000e+00 1.531269429481045741e+01
2.000000000000000000e+00 1.531269429084111167e+01
2.000000000000000000e+00 1.530797238874245636e+01
2.000000000000000000e+00 1.530797235417430180e+01
2.000000000000000000e+00 1.530474924342956555e+01
2.000000000000000000e+00 1.513051507008667151e+01
2.000000000000000000e+00 1.513051504362060484e+01
2.000000000000000000e+00 1.506216546391317301e+01
2.000000000000000000e+00 1.492436817518427539e+01
2.000000000000000000e+00 1.476556467102749792e+01
2.000000000000000000e+00 1.472083285163143707e+01
2.000000000000000000e+00 1.462811312459891688e+01
2.000000000000000000e+00 1.462811310107839802e+01
2.000000000000000000e+00 1.446083834918632149e+01
2.000000000000000000e+00 1.436544306033089846e+01
2.000000000000000000e+00 1.410486766366913614e+01
2.000000000000000000e+00 1.401904170425324914e+01
2.000000000000000000e+00 1.401904169717695403e+01
2.000000000000000000e+00 1.393578348967602132e+01
2.000000000000000000e+00 1.393578348742221351e+01
2.000000000000000000e+00 1.382714609133341988e+01
2.000000000000000000e+00 1.370245643849623463e+01
2.000000000000000000e+00 1.352455989691107874e+01
2.000000000000000000e+00 1.351594188363650240e+01
2.000000000000000000e+00 1.343934784592338261e+01
2.000000000000000000e+00 1.343934784287475104e+01
2.000000000000000000e+00 1.340686109746737387e+01
2.000000000000000000e+00 1.324110580194438391e+01
2.000000000000000000e+00 1.315788153223747869e+01
2.000000000000000000e+00 1.315788152717587423e+01
2.000000000000000000e+00 1.309600137492556371e+01
2.000000000000000000e+00 1.309600137330355807e+01
2.000000000000000000e+00 1.303443928294317367e+01
2.000000000000000000e+00 1.303443927958781146e+01
2.000000000000000000e+00 1.299233914789477673e+01
2.000000000000000000e+00 1.286346809779136002e+01
2.000000000000000000e+00 1.272236931627250733e+01
2.000000000000000000e+00 1.272236927772247306e+01
2.000000000000000000e+00 1.270570167558114782e+01
2.000000000000000000e+00 1.246645180276166620e+01
2.000000000000000000e+00 1.237221675569391799e+01
2.000000000000000000e+00 1.237221662088217045e+01
2.000000000000000000e+00 1.223901704992637818e+01
2.000000000000000000e+00 1.223166450284703544e+01
2.000000000000000000e+00 1.223166444703591971e+01
2.000000000000000000e+00 1.220439175425106981e+01
2.000000000000000000e+00 1.209134350708007766e+01
2.000000000000000000e+00 1.209134350383326151e+01
2.000000000000000000e+00 1.195032384585953800e+01
2.000000000000000000e+00 1.186802456103991155e+01
2.000000000000000000e+00 1.152099881337087339e+01
2.000000000000000000e+00 1.124228882592360357e+01
2.000000000000000000e+00 1.124228870789665535e+01
2.000000000000000000e+00 1.089512675692975385e+01
2.000000000000000000e+00 9.410572702249448085e+00
2.000000000000000000e+00 8.509906817078659813e+00
2.000000000000000000e+00 8.509906807570851939e+00
2.000000000000000000e+00 8.498197531212486666e+00
2.000000000000000000e+00 8.239911481641293278e+00
2.000000000000000000e+00 7.863586827662132350e+00
2.000000000000000000e+00 7.763092204499490556e+00
2.000000000000000000e+00 7.763092187215220541e+00
2.000000000000000000e+00 7.214380719104429573e+00
2.500000000000000000e+00 2.061723899371206770e+01
2.500000000000000000e+00 2.061723899371206770e+01
2.500000000000000000e+00 2.042178576057202477e+01
2.500000000000000000e+00 2.042178510356662358e+01
2.500000000000000000e+00 2.019155268558641581e+01
2.500000000000000000e+00 2.019155138085880097e+01
2.500000000000000000e+00 2.005598093765273049e+01
2.500000000000000000e+00 2.005598059585965487e+01
2.500000000000000000e+00 2.002937566643881340e+01
2.500000000000000000e+00 2.002937533361933475e+01
2.500000000000000000e+00 1.987116576962466041e+01
2.500000000000000000e+00 1.987116567491858632e+01
2.500000000000000000e+00 1.979243789270823584e+01
2.500000000000000000e+00 1.979243701734844052e+01
2.500000000000000000e+00 1.962779469982265823e+01
2.500000000000000000e+00 1.962779462557493559e+01
2.500000000000000000e+00 1.925397342420768965e+01
2.500000000000000000e+00 1.925397316875846698e+01
2.500000000000000000e+00 1.894637773190719443e+01
2.500000000000000000e+00 1.894637765678340102e+01
2.500000000000000000e+00 1.873862408923729461e+01
2.500000000000000000e+00 1.873862360098854296e+01
2.500000000000000000e+00 1.866855404568613253e+01
2.500000000000000000e+00 1.866855370427993321e+01
2.500000000000000000e+00 1.863972155382035112e+01
2.500000000000000000e+00 1.863972147089454978e+01
2.500000000000000000e+00 1.857730054186195190e+01
2.500000000000000000e+00 1.857730041201572746e+01
2.500000000000000000e+00 1.831639327310806564e+01
2.500000000000000000e+00 1.831639319308618852e+01
2.500000000000000000e+00 1.826446562397208240e+01
2.500000000000000000e+00 1.826446530108868771e+01
2.500000000000000000e+00 1.765574135254404808e+01
2.500000000000000000e+00 1.765574129054535746e+01
2.500000000000000000e+00 1.758994639061656429e+01
2.500000000000000000e+00 1.758994624548959962e+01
2.500000000000000000e+00 1.709456106970188927e+01
2.500000000000000000e+00 1.709456101074782453e+01
2.500000000000000000e+00 1.707343631038989074e+01
2.500000000000000000e+00 1.707343624689598016e+01
2.500000000000000000e+00 1.692870914791823367e+01
2.500000000000000000e+00 1.692870907799633429e+01
2.500000000000000000e+00 1.687287935079895362e+01
2.500000000000000000e+00 1.687287925633446051e+01
2.500000000000000000e+00 1.678168925837435665e+01
2.500000000000000000e+00 1.678168920232397099e+01
2.500000000000000000e+00 1.670517768520917912e+01
2.500000000000000000e+00 1.670517764127531635e+01
2.500000000000000000e+00 1.667865534645836689e+01
2.500000000000000000e+00 1.667865530756386860e+01
2.500000000000000000e+00 1.655912899950466155e+01
2.500000000000000000e+00 1.655912883039258787e+01
2.500000000000000000e+00 1.652175680534591251e+01
2.500000000000000000e+00 1.652175655932065013e+01
2.500000000000000000e+00 1.634178354894863716e+01
2.500000000000000000e+00 1.634178346285950667e+01
2.500000000000000000e+00 1.627351096781140782e+01
2.500000000000000000e+00 1.627351095484241839e+01
2.500000000000000000e+00 1.626912677941840002e+01
2.500000000000000000e+00 1.626912664254846774e+01
2.500000000000000000e+00 1.614530845382239121e+01
2.500000000000000000e+00 1.614530834658248182e+01
2.500000000000000000e+00 1.583611966140790450e+01
2.500000000000000000e+00 1.583611959776306577e+01
2.500000000000000000e+00 1.547929076332234999e+01
2.500000000000000000e+00 1.547929074691120732e+01
2.500000000000000000e+00 1.524808821779528678e+01
2.500000000000000000e+00 1.524808807546667921e+01
2.500000000000000000e+00 1.514366756323843077e+01
2.500000000000000000e+00 1.514366747105685107e+01
2.500000000000000000e+00 1.510500331179981082e+01
2.500000000000000000e+00 1.510500293770842006e+01
2.500000000000000000e+00 1.502803891844791373e+01
2.500000000000000000e+00 1.502803891322235685e+01
2.500000000000000000e+00 1.500610298467671022e+01
2.500000000000000000e+00 1.500610286417537331e+01
2.500000000000000000e+00 1.476387437177682393e+01
2.500000000000000000e+00 1.476387411555456097e+01
2.500000000000000000e+00 1.470505553838840385e+01
2.500000000000000000e+00 1.470505534166046502e+01
2.500000000000000000e+00 1.353285737639271247e+01
2.500000000000000000e+00 1.353285728299855961e+01
2.500000000000000000e+00 1.275458261359236900e+01
2.500000000000000000e+00 1.275458259291775676e+01
2.500000000000000000e+00 1.269845647332674332e+01
2.500000000000000000e+00 1.269845634311571203e+01
2.500000000000000000e+00 1.216496156112593319e+01
2.500000000000000000e+00 1.216496152315129997e+01
2.500000000000000000e+00 1.210608225611466615e+01
2.500000000000000000e+00 1.210608223779111015e+01
2.500000000000000000e+00 1.199857940749755336e+01
2.500000000000000000e+00 1.199857936126944047e+01
2.500000000000000000e+00 1.155014230798908414e+01
2.500000000000000000e+00 1.155014230775861961e+01
2.500000000000000000e+00 1.089114986372218574e+01
2.500000000000000000e+00 1.089114967550260005e+01
2.500000000000000000e+00 9.889619781800796261e+00
2.500000000000000000e+00 9.889619656126587444e+00
2.500000000000000000e+00 8.245823686422969701e+00
2.500000000000000000e+00 8.245823660906859587e+00
3.000000000000000000e+00 2.676276136119003013e+01
3.000000000000000000e+00 2.612655883317481198e+01
3.000000000000000000e+00 2.612655883317481198e+01
3.000000000000000000e+00 2.588734698495706965e+01
3.000000000000000000e+00 2.530593150516617129e+01
3.000000000000000000e+00 2.530593150516617129e+01
3.000000000000000000e+00 2.515207550909109813e+01
3.000000000000000000e+00 2.489570869473454451e+01
3.000000000000000000e+00 2.481510878493232752e+01
3.000000000000000000e+00 2.481508220650603391e+01
3.000000000000000000e+00 2.480303545949250932e+01
3.000000000000000000e+00 2.480302232967140341e+01
3.000000000000000000e+00 2.463533316953760632e+01
3.000000000000000000e+00 2.446163105806760285e+01
3.000000000000000000e+00 2.437342507477315223e+01
3.000000000000000000e+00 2.398092007720259033e+01
3.000000000000000000e+00 2.360617938203379751e+01
3.000000000000000000e+00 2.360617938203379751e+01
3.000000000000000000e+00 2.343816724290725162e+01
3.000000000000000000e+00 2.320951089596428574e+01
3.000000000000000000e+00 2.316765869040074222e+01
3.000000000000000000e+00 2.306380102933507104e+01
3.000000000000000000e+00 2.306379641668256397e+01
3.000000000000000000e+00 2.265682948440190714e+01
3.000000000000000000e+00 2.229029593299999235e+01
3.000000000000000000e+00 2.229029380475175515e+01
3.000000000000000000e+00 2.190889232663350583e+01
3.000000000000000000e+00 2.144494336020398961e+01
3.000000000000000000e+00 2.111567957817816321e+01
3.000000000000000000e+00 2.088278817981474944e+01
3.000000000000000000e+00 2.059961077763381354e+01
3.000000000000000000e+00 2.059008791905739244e+01
3.000000000000000000e+00 2.054833387734437267e+01
3.000000000000000000e+00 2.054833350452527085e+01
3.000000000000000000e+00 2.044521541661525532e+01
3.000000000000000000e+00 2.011648679340908430e+01
3.000000000000000000e+00 2.011648655133439689e+01
3.000000000000000000e+00 2.010294453095386302e+01
3.000000000000000000e+00 1.997653855505677356e+01
3.000000000000000000e+00 1.997653834459625344e+01
3.000000000000000000e+00 1.995195674581351142e+01
3.000000000000000000e+00 1.995195643778839312e+01
3.000000000000000000e+00 1.993577778538219292e+01
3.000000000000000000e+00 1.986170116824715492e+01
3.000000000000000000e+00 1.980705158623627327e+01
3.000000000000000000e+00 1.980705114211319540e+01
3.000000000000000000e+00 1.980446782071252088e+01
3.000000000000000000e+00 1.958036676329540171e+01
3.000000000000000000e+00 1.940626746086932997e+01
3.000000000000000000e+00 1.918238035307359013e+01
3.000000000000000000e+00 1.907755886639467491e+01
3.000000000000000000e+00 1.907755873791335333e+01
3.000000000000000000e+00 1.902948301981317769e+01
3.000000000000000000e+00 1.897029613203084608e+01
3.000000000000000000e+00 1.892226311932310168e+01
3.000000000000000000e+00 1.889620289168770739e+01
3.000000000000000000e+00 1.889620249872669078e+01
3.000000000000000000e+00 1.881688898565599999e+01
3.000000000000000000e+00 1.881688865565807944e+01
3.000000000000000000e+00 1.881037490248846566e+01
3.000000000000000000e+00 1.872109624326159150e+01
3.000000000000000000e+00 1.872109621327624751e+01
3.000000000000000000e+00 1.872109618329090708e+01
3.000000000000000000e+00 1.872109618329090708e+01
3.000000000000000000e+00 1.870890133680680378e+01
3.000000000000000000e+00 1.771970570678549350e+01
3.000000000000000000e+00 1.757242411829773232e+01
3.000000000000000000e+00 1.753235797658468087e+01
3.000000000000000000e+00 1.753235794918359503e+01
3.000000000000000000e+00 1.724859719409200309e+01
3.000000000000000000e+00 1.692776801261151576e+01
3.000000000000000000e+00 1.687714720697179871e+01
3.000000000000000000e+00 1.687714719274152131e+01
3.000000000000000000e+00 1.621254488754280132e+01
3.000000000000000000e+00 1.586863994596863137e+01
3.000000000000000000e+00 1.578848653400947732e+01
3.000000000000000000e+00 1.578848644138606439e+01
3.000000000000000000e+00 1.569083261480069780e+01
3.000000000000000000e+00 1.551944578867719216e+01
3.000000000000000000e+00 1.551944567763417204e+01
3.000000000000000000e+00 1.541540384811316322e+01
3.000000000000000000e+00 1.520771447369122598e+01
3.000000000000000000e+00 1.473750151771070804e+01
3.000000000000000000e+00 1.415317375701119573e+01
3.000000000000000000e+00 1.397198521714985553e+01
3.000000000000000000e+00 1.392967899222753658e+01
3.000000000000000000e+00 1.392967883965253328e+01
3.000000000000000000e+00 1.386301508542656435e+01
3.000000000000000000e+00 1.386301500951835131e+01
3.000000000000000000e+00 1.375548352731600765e+01
3.000000000000000000e+00 1.369971580055657157e+01
3.000000000000000000e+00 1.258223159112171530e+01
3.000000000000000000e+00 1.242907630800781682e+01
3.000000000000000000e+00 1.242907623169066333e+01
3.000000000000000000e+00 1.228904584813420797e+01
3.000000000000000000e+00 1.161238664808913867e+01
3.000000000000000000e+00 1.150903598971643760e+01
3.000000000000000000e+00 1.150903594873129521e+01
3.000000000000000000e+00 1.134916330013596841e+01
3.000000000000000000e+00 6.988538936526227374e+00
3.500000000000000000e+00 2.834914524923796364e+01
3.500000000000000000e+00 2.834914524411354009e+01
3.500000000000000000e+00 2.683753822477139295e+01
3.500000000000000000e+00 2.683753821659804828e+01
3.500000000000000000e+00 2.431714122279670676e+01
3.500000000000000000e+00 2.431714121478557189e+01
3.500000000000000000e+00 2.350400488957602363e+01
3.500000000000000000e+00 2.350400488402600629e+01
3.500000000000000000e+00 2.341813655593750809e+01
3.500000000000000000e+00 2.341813630096321930e+01
3.500000000000000000e+00 2.293396643971712123e+01
3.500000000000000000e+00 2.293396640771676687e+01
3.500000000000000000e+00 2.251582051683159591e+01
3.500000000000000000e+00 2.251582050862538154e+01
3.500000000000000000e+00 2.234749183084774415e+01
3.500000000000000000e+00 2.234749182431951908e+01
3.500000000000000000e+00 2.234234040093041429e+01
3.500000000000000000e+00 2.234234035859866907e+01
3.500000000000000000e+00 2.223079981831940088e+01
3.500000000000000000e+00 2.223079977321761902e+01
3.500000000000000000e+00 2.221090146907498308e+01
3.500000000000000000e+00 2.221090131449819438e+01
3.500000000000000000e+00 2.207674084473905296e+01
3.500000000000000000e+00 2.207674083887289385e+01
3.500000000000000000e+00 2.198559268859098736e+01
3.500000000000000000e+00 2.198559265708447441e+01
3.500000000000000000e+00 2.068920875770460555e+01
3.500000000000000000e+00 2.068920866614474363e+01
3.500000000000000000e+00 2.001965074471042172e+01
3.500000000000000000e+00 2.001965071841502208e+01
3.500000000000000000e+00 1.913966970754676566e+01
3.500000000000000000e+00 1.913966961389241916e+01
3.500000000000000000e+00 1.877661310447282617e+01
3.500000000000000000e+00 1.877661299797665961e+01
3.500000000000000000e+00 1.784635055598420195e+01
3.500000000000000000e+00 1.784635053613522970e+01
3.500000000000000000e+00 1.771145646719882194e+01
3.500000000000000000e+00 1.771145645242775046e+01
3.500000000000000000e+00 1.754161001773686124e+01
3.500000000000000000e+00 1.754161001421958233e+01
3.500000000000000000e+00 1.753611867396289981e+01
3.500000000000000000e+00 1.753611867125425405e+01
3.500000000000000000e+00 1.660420433527178119e+01
3.500000000000000000e+00 1.660420432497837950e+01
3.500000000000000000e+00 1.616210671077487149e+01
3.500000000000000000e+00 1.616210661040705077e+01
3.500000000000000000e+00 1.592941552242639958e+01
3.500000000000000000e+00 1.592941551396148370e+01
3.500000000000000000e+00 1.588133922653400631e+01
3.500000000000000000e+00 1.588133920980656200e+01
3.500000000000000000e+00 1.571418826362472565e+01
3.500000000000000000e+00 1.571418826077164610e+01
3.500000000000000000e+00 1.567203583842468717e+01
3.500000000000000000e+00 1.567203582110573734e+01
3.500000000000000000e+00 1.437492287134276481e+01
3.500000000000000000e+00 1.437492285791223878e+01
3.500000000000000000e+00 1.109625926860869782e+01
3.500000000000000000e+00 1.109625926348405223e+01
3.500000000000000000e+00 1.035171418696177881e+01
3.500000000000000000e+00 1.035171418045425007e+01
4.000000000000000000e+00 2.711494484247907977e+01
4.000000000000000000e+00 2.575134770574517518e+01
4.000000000000000000e+00 2.573716883121236165e+01
4.000000000000000000e+00 2.571119672965309633e+01
4.000000000000000000e+00 2.571119672904541176e+01
4.000000000000000000e+00 2.377525175040130989e+01
4.000000000000000000e+00 2.186898107612339359e+01
4.000000000000000000e+00 2.113888804457529247e+01
4.000000000000000000e+00 2.113888804157165069e+01
4.000000000000000000e+00 2.103890318629914091e+01
4.000000000000000000e+00 2.103276159859954930e+01
4.000000000000000000e+00 2.100612766559828515e+01
4.000000000000000000e+00 2.091893814327871226e+01
4.000000000000000000e+00 2.091893813391150303e+01
4.000000000000000000e+00 1.956917788419457338e+01
4.000000000000000000e+00 1.945879645325270602e+01
4.000000000000000000e+00 1.936177103616391904e+01
4.000000000000000000e+00 1.936177102677501338e+01
4.000000000000000000e+00 1.912466900067550313e+01
4.000000000000000000e+00 1.903998257347963730e+01
4.000000000000000000e+00 1.903998257046099596e+01
4.000000000000000000e+00 1.888238295344044460e+01
4.000000000000000000e+00 1.522930054125651722e+01
4.000000000000000000e+00 1.464416698398434491e+01
4.000000000000000000e+00 1.458209940696412055e+01
4.000000000000000000e+00 1.454273926986097365e+01
4.000000000000000000e+00 1.454273926919359106e+01
4.000000000000000000e+00 1.308662887697869515e+01
4.500000000000000000e+00 2.452365033388105431e+01
4.500000000000000000e+00 2.452365033102796588e+01
4.500000000000000000e+00 2.269622858043310742e+01
4.500000000000000000e+00 2.269622857691582851e+01
4.500000000000000000e+00 1.816109775577883312e+01
4.500000000000000000e+00 1.816109774991352310e+01
4.500000000000000000e+00 1.789034677033302145e+01
4.500000000000000000e+00 1.789034676380354227e+01
5.000000000000000000e+00 2.151674241819536704e+01
