-5.000000000000000000e+00 2.753490299046861622e+01
-4.500000000000000000e+00 2.999415566362121055e+01
-4.500000000000000000e+00 2.999415516168272333e+01
-4.500000000000000000e+00 2.840015810453326495e+01
-4.500000000000000000e+00 2.840015742907352347e+01
-4.500000000000000000e+00 2.401121445285432543e+01
-4.500000000000000000e+00 2.401121296437449359e+01
-4.500000000000000000e+00 2.376683900122834459e+01
-4.500000000000000000e+00 2.376683768626983095e+01
-4.000000000000000000e+00 3.338076222929426962e+01
-4.000000000000000000e+00 3.106863209754446231e+01
-4.000000000000000000e+00 3.103283754009174089e+01
-4.000000000000000000e+00 3.097314628271222503e+01
-4.000000000000000000e+00 3.097314611126431316e+01
-4.000000000000000000e+00 3.057544111092227368e+01
-4.000000000000000000e+00 2.794847140855726053e+01
-4.000000000000000000e+00 2.764065949380659859e+01
-4.000000000000000000e+00 2.727760182478048279e+01
-4.000000000000000000e+00 2.727760034818523849e+01
-4.000000000000000000e+00 2.579640520667491543e+01
-4.000000000000000000e+00 2.579640470703025557e+01
-4.000000000000000000e+00 2.572994006549886237e+01
-4.000000000000000000e+00 2.520679367071483057e+01
-4.000000000000000000e+00 2.514379009482044580e+01
-4.000000000000000000e+00 2.510166307141103204e+01
-4.000000000000000000e+00 2.510166150556680975e+01
-4.000000000000000000e+00 2.491943784808236728e+01
-4.000000000000000000e+00 2.403820977371784551e+01
-4.000000000000000000e+00 2.382027967623705678e+01
-4.000000000000000000e+00 2.382027908629807200e+01
-4.000000000000000000e+00 2.331997546705301971e+01
-4.000000000000000000e+00 2.298032999306720114e+01
-4.000000000000000000e+00 2.040635972737930715e+01
-4.000000000000000000e+00 2.037747151573305615e+01
-4.000000000000000000e+00 2.033858392776616597e+01
-4.000000000000000000e+00 2.033858375736345536e+01
-4.000000000000000000e+00 1.505136197099924722e+01
-3.500000000000000000e+00 3.510256729220758132e+01
-3.500000000000000000e+00 3.510256724076170798e+01
-3.500000000000000000e+00 3.442866643309455554e+01
-3.500000000000000000e+00 3.442866625249247647e+01
-3.500000000000000000e+00 3.151539451747368403e+01
-3.500000000000000000e+00 3.151539349218406016e+01
-3.500000000000000000e+00 3.033941708688315586e+01
-3.500000000000000000e+00 3.033941624646974944e+01
-3.500000000000000000e+00 2.868596646814033946e+01
-3.500000000000000000e+00 2.868596531682536366e+01
-3.500000000000000000e+00 2.818760568036011449e+01
-3.500000000000000000e+00 2.818760525612587742e+01
-3.500000000000000000e+00 2.808069043949429400e+01
-3.500000000000000000e+00 2.808069006572704396e+01
-3.500000000000000000e+00 2.734106913042808884e+01
-3.500000000000000000e+00 2.734106865159886368e+01
-3.500000000000000000e+00 2.733572156461432101e+01
-3.500000000000000000e+00 2.733572024965477709e+01
-3.500000000000000000e+00 2.709134628650878085e+01
-3.500000000000000000e+00 2.709134479803077511e+01
-3.500000000000000000e+00 2.708766398791830810e+01
-3.500000000000000000e+00 2.708766333313183594e+01
-3.500000000000000000e+00 2.685723793942509374e+01
-3.500000000000000000e+00 2.685723704400376732e+01
-3.500000000000000000e+00 2.662724344357989636e+01
-3.500000000000000000e+00 2.662724301747371669e+01
-3.500000000000000000e+00 2.600184086009721796e+01
-3.500000000000000000e+00 2.600184067206227922e+01
-3.500000000000000000e+00 2.593330943696015467e+01
-3.500000000000000000e+00 2.593330899267760969e+01
-3.500000000000000000e+00 2.532369474541383880e+01
-3.500000000000000000e+00 2.532369354845287646e+01
-3.500000000000000000e+00 2.355352651377715389e+01
-3.500000000000000000e+00 2.355352650738440445e+01
-3.500000000000000000e+00 2.301706619934550346e+01
-3.500000000000000000e+00 2.301706524917258534e+01
-3.500000000000000000e+00 2.270482038544084347e+01
-3.500000000000000000e+00 2.270482016010277704e+01
-3.500000000000000000e+00 2.270240182180817001e+01
-3.500000000000000000e+00 2.270240114634843565e+01
-3.500000000000000000e+00 2.262277115313596809e+01
-3.500000000000000000e+00 2.262277089420025433e+01
-3.500000000000000000e+00 2.227952715795271388e+01
-3.500000000000000000e+00 2.227952672235370812e+01
-3.500000000000000000e+00 2.110919148662792821e+01
-3.500000000000000000e+00 2.110919140097174207e+01
-3.500000000000000000e+00 2.110840408919889910e+01
-3.500000000000000000e+00 2.110840358726046873e+01
-3.500000000000000000e+00 2.109502099137272779e+01
-3.500000000000000000e+00 2.109502035312994650e+01
-3.500000000000000000e+00 2.028595048951753554e+01
-3.500000000000000000e+00 2.028594948014367816e+01
-3.500000000000000000e+00 1.762022546023488090e+01
-3.500000000000000000e+00 1.762022464031709745e+01
-3.500000000000000000e+00 1.674521521121982559e+01
-3.500000000000000000e+00 1.674521373468758512e+01
-3.500000000000000000e+00 1.647496543811281455e+01
-3.500000000000000000e+00 1.647496403901072881e+01
-3.500000000000000000e+00 1.438977305924412953e+01
-3.500000000000000000e+00 1.438977216271281634e+01
-3.000000000000000000e+00 3.213163038368900715e+01
-3.000000000000000000e+00 3.209240967053573002e+01
-3.000000000000000000e+00 3.207336147556503647e+01
-3.000000000000000000e+00 3.085069653822694491e+01
-3.000000000000000000e+00 3.083964670204036196e+01
-3.000000000000000000e+00 3.069179525564108957e+01
-3.000000000000000000e+00 3.060123567859536209e+01
-3.000000000000000000e+00 3.032334161250974347e+01
-3.000000000000000000e+00 3.032334161250974347e+01
-3.000000000000000000e+00 3.030386047693792051e+01
-3.000000000000000000e+00 3.029745019857700328e+01
-3.000000000000000000e+00 2.998453019353535964e+01
-3.000000000000000000e+00 2.973191857996424048e+01
-3.000000000000000000e+00 2.973191857996424048e+01
-3.000000000000000000e+00 2.972829538759482304e+01
-3.000000000000000000e+00 2.955901815348190453e+01
-3.000000000000000000e+00 2.929021547051937802e+01
-3.000000000000000000e+00 2.922582281766300483e+01
-3.000000000000000000e+00 2.922363702444302547e+01
-3.000000000000000000e+00 2.893786725963588324e+01
-3.000000000000000000e+00 2.823573676019074696e+01
-3.000000000000000000e+00 2.823451799099661841e+01
-3.000000000000000000e+00 2.815269667297823730e+01
-3.000000000000000000e+00 2.800740344698504103e+01
-3.000000000000000000e+00 2.780247723862219544e+01
-3.000000000000000000e+00 2.767588871119284732e+01
-3.000000000000000000e+00 2.766687235141766266e+01
-3.000000000000000000e+00 2.766664222830078046e+01
-3.000000000000000000e+00 2.757460057302885303e+01
-3.000000000000000000e+00 2.737924781802053076e+01
-3.000000000000000000e+00 2.737890263334330498e+01
-3.000000000000000000e+00 2.691203160185238019e+01
-3.000000000000000000e+00 2.645865081818785569e+01
-3.000000000000000000e+00 2.643172207058140799e+01
-3.000000000000000000e+00 2.643165514737576416e+01
-3.000000000000000000e+00 2.626126059995908690e+01
-3.000000000000000000e+00 2.591151746463237160e+01
-3.000000000000000000e+00 2.542354629983594094e+01
-3.000000000000000000e+00 2.538153526890998890e+01
-3.000000000000000000e+00 2.538151185381896369e+01
-3.000000000000000000e+00 2.519836331553814901e+01
-3.000000000000000000e+00 2.519836331553814901e+01
-3.000000000000000000e+00 2.505927633956748934e+01
-3.000000000000000000e+00 2.461384869754131088e+01
-3.000000000000000000e+00 2.448901992224715585e+01
-3.000000000000000000e+00 2.448895278401430531e+01
-3.000000000000000000e+00 2.414964431036477421e+01
-3.000000000000000000e+00 2.404068885157151314e+01
-3.000000000000000000e+00 2.356766429952308428e+01
-3.000000000000000000e+00 2.356766048231396127e+01
-3.000000000000000000e+00 2.356765666511940793e+01
-3.000000000000000000e+00 2.356765284793942428e+01
-3.000000000000000000e+00 2.356713384715690651e+01
-3.000000000000000000e+00 2.337292890968465997e+01
-3.000000000000000000e+00 2.337292890968465997e+01
-3.000000000000000000e+00 2.333417860583723424e+01
-3.000000000000000000e+00 2.333163098756777742e+01
-3.000000000000000000e+00 2.330450548888175888e+01
-3.000000000000000000e+00 2.327528854044815176e+01
-3.000000000000000000e+00 2.324949134673502726e+01
-3.000000000000000000e+00 2.324948579287648442e+01
-3.000000000000000000e+00 2.299969273156849425e+01
-3.000000000000000000e+00 2.294281604321728807e+01
-3.000000000000000000e+00 2.292430254483753416e+01
-3.000000000000000000e+00 2.292430053880539731e+01
-3.000000000000000000e+00 2.288771984827349470e+01
-3.000000000000000000e+00 2.275424454247139039e+01
-3.000000000000000000e+00 2.254874073436631932e+01
-3.000000000000000000e+00 2.254873935641586868e+01
-3.000000000000000000e+00 2.248777014449049361e+01
-3.000000000000000000e+00 2.232606441771370953e+01
-3.000000000000000000e+00 2.213305267555210776e+01
-3.000000000000000000e+00 2.213305176626156623e+01
-3.000000000000000000e+00 2.210811609225998353e+01
-3.000000000000000000e+00 2.194236782599852020e+01
-3.000000000000000000e+00 2.194236557170606616e+01
-3.000000000000000000e+00 2.194103642436478907e+01
-3.000000000000000000e+00 2.188503196479169333e+01
-3.000000000000000000e+00 1.937945570826282804e+01
-3.000000000000000000e+00 1.932296319746489033e+01
-3.000000000000000000e+00 1.921922546423579448e+01
-3.000000000000000000e+00 1.921922521751046276e+01
-3.000000000000000000e+00 1.878472328366797228e+01
-3.000000000000000000e+00 1.873679016974655553e+01
-3.000000000000000000e+00 1.873678803757383804e+01
-3.000000000000000000e+00 1.868792571001624481e+01
-3.000000000000000000e+00 1.764713594036832944e+01
-3.000000000000000000e+00 1.751152931638313248e+01
-3.000000000000000000e+00 1.751152849340475370e+01
-3.000000000000000000e+00 1.748791549210492846e+01
-3.000000000000000000e+00 1.747003724634959099e+01
-3.000000000000000000e+00 1.726491768938057803e+01
-3.000000000000000000e+00 1.704005940836822575e+01
-3.000000000000000000e+00 1.704005467425302456e+01
-3.000000000000000000e+00 1.658633178787492213e+01
-3.000000000000000000e+00 1.637189718542603245e+01
-3.000000000000000000e+00 1.637189569434161740e+01
-3.000000000000000000e+00 1.609274275127081211e+01
-3.000000000000000000e+00 1.343910853471264844e+01
-3.000000000000000000e+00 9.334093285232125226e+00
-2.500000000000000000e+00 2.509858255836114083e+01
-2.500000000000000000e+00 2.509856491374142706e+01
-2.500000000000000000e+00 2.505905582304906076e+01
-2.500000000000000000e+00 2.505905582304906076e+01
-2.500000000000000000e+00 2.495574289149980629e+01
-2.500000000000000000e+00 2.495572759548365482e+01
-2.500000000000000000e+00 2.490763473034713016e+01
-2.500000000000000000e+00 2.490759099824995104e+01
-2.500000000000000000e+00 2.483194113088305954e+01
-2.500000000000000000e+00 2.483192761599979548e+01
-2.500000000000000000e+00 2.481064025933434891e+01
-2.500000000000000000e+00 2.481061379940790346e+01
-2.500000000000000000e+00 2.464536466458515207e+01
-2.500000000000000000e+00 2.464530859285818210e+01
-2.500000000000000000e+00 2.458978814527647216e+01
-2.500000000000000000e+00 2.458974571261180131e+01
-2.500000000000000000e+00 2.423406628891456904e+01
-2.500000000000000000e+00 2.423405142311557015e+01
-2.500000000000000000e+00 2.421954419191005670e+01
-2.500000000000000000e+00 2.421952954043208806e+01
-2.500000000000000000e+00 2.420346943258196148e+01
-2.500000000000000000e+00 2.420344780589462985e+01
-2.500000000000000000e+00 2.417185140545335642e+01
-2.500000000000000000e+00 2.417183045185509727e+01
-2.500000000000000000e+00 2.358616854230823279e+01
-2.500000000000000000e+00 2.358616854230823279e+01
-2.500000000000000000e+00 2.340746204804016273e+01
-2.500000000000000000e+00 2.340745229160945584e+01
-2.500000000000000000e+00 2.330765568088027351e+01
-2.500000000000000000e+00 2.330764685118305835e+01
-2.500000000000000000e+00 2.324605939464057514e+01
-2.500000000000000000e+00 2.324605662722140309e+01
-2.500000000000000000e+00 2.322082606581172826e+01
-2.500000000000000000e+00 2.322081797044834772e+01
-2.500000000000000000e+00 2.301414680353615694e+01
-2.500000000000000000e+00 2.301414460892940284e+01
-2.500000000000000000e+00 2.301048413279241345e+01
-2.500000000000000000e+00 2.301047975963050618e+01
-2.500000000000000000e+00 2.267905153444436195e+01
-2.500000000000000000e+00 2.267904368578534502e+01
-2.500000000000000000e+00 2.259246551608353570e+01
-2.500000000000000000e+00 2.259246119747689363e+01
-2.500000000000000000e+00 2.208019966384161847e+01
-2.500000000000000000e+00 2.208019621392704579e+01
-2.500000000000000000e+00 2.194441079985181631e+01
-2.500000000000000000e+00 2.194440477612284113e+01
-2.500000000000000000e+00 2.172967444451642294e+01
-2.500000000000000000e+00 2.172967262213705553e+01
-2.500000000000000000e+00 2.151833766839679285e+01
-2.500000000000000000e+00 2.151833570143874041e+01
-2.500000000000000000e+00 2.137618242875635133e+01
-2.500000000000000000e+00 2.137617944271587689e+01
-2.500000000000000000e+00 2.133335769580422436e+01
-2.500000000000000000e+00 2.133335728710890322e+01
-2.500000000000000000e+00 2.124556523238867811e+01
-2.500000000000000000e+00 2.124556336066571305e+01
-2.500000000000000000e+00 2.095925232758647994e+01
-2.500000000000000000e+00 2.095925064072764243e+01
-2.500000000000000000e+00 2.085896283893583103e+01
-2.500000000000000000e+00 2.085896131304450662e+01
-2.500000000000000000e+00 2.007438483012571950e+01
-2.500000000000000000e+00 2.007438413384257103e+01
-2.500000000000000000e+00 2.002102667056368901e+01
-2.500000000000000000e+00 2.002102656054622898e+01
-2.500000000000000000e+00 1.923136475464148631e+01
-2.500000000000000000e+00 1.923136340605349304e+01
-2.500000000000000000e+00 1.919528636753818418e+01
-2.500000000000000000e+00 1.919528530762663721e+01
-2.500000000000000000e+00 1.897045414552264830e+01
-2.500000000000000000e+00 1.897045010542183974e+01
-2.500000000000000000e+00 1.886163689926067732e+01
-2.500000000000000000e+00 1.886163572592112203e+01
-2.500000000000000000e+00 1.881728826391066534e+01
-2.500000000000000000e+00 1.881728740557364432e+01
-2.500000000000000000e+00 1.871728915392181491e+01
-2.500000000000000000e+00 1.871728419528120924e+01
-2.500000000000000000e+00 1.858708831156742391e+01
-2.500000000000000000e+00 1.858708582022640599e+01
-2.500000000000000000e+00 1.843343685872722304e+01
-2.500000000000000000e+00 1.843343451982015324e+01
-2.500000000000000000e+00 1.787081829020806722e+01
-2.500000000000000000e+00 1.787081575331223249e+01
-2.500000000000000000e+00 1.785973423371421376e+01
-2.500000000000000000e+00 1.785973226965072413e+01
-2.500000000000000000e+00 1.783170563542575238e+01
-2.500000000000000000e+00 1.783170410760311952e+01
-2.500000000000000000e+00 1.779895526951029794e+01
-2.500000000000000000e+00 1.779895449443932876e+01
-2.500000000000000000e+00 1.619462599824342419e+01
-2.500000000000000000e+00 1.619462437783953490e+01
-2.500000000000000000e+00 1.564576868945670896e+01
-2.500000000000000000e+00 1.564576462717104732e+01
-2.500000000000000000e+00 1.480300530988242969e+01
-2.500000000000000000e+00 1.480300495223515611e+01
-2.500000000000000000e+00 1.430727260485923580e+01
-2.500000000000000000e+00 1.430727229768833908e+01
-2.500000000000000000e+00 1.319840073678952486e+01
-2.500000000000000000e+00 1.319839627425631967e+01
-2.500000000000000000e+00 1.316310357329195391e+01
-2.500000000000000000e+00 1.316310046388584176e+01
-2.000000000000000000e+00 2.180993064666678194e+01
-2.000000000000000000e+00 2.171978966138379974e+01
-2.000000000000000000e+00 2.168080149560713821e+01
-2.000000000000000000e+00 2.168080149560713821e+01
-2.000000000000000000e+00 2.166332403096313186e+01
-2.000000000000000000e+00 2.160933134098018016e+01
-2.000000000000000000e+00 2.160933026381242072e+01
-2.000000000000000000e+00 2.150155265403758520e+01
-2.000000000000000000e+00 2.148236619926078461e+01
-2.000000000000000000e+00 2.145448305333480477e+01
-2.000000000000000000e+00 2.145448213069195020e+01
-2.000000000000000000e+00 2.144172527705231701e+01
-2.000000000000000000e+00 2.134390226238409127e+01
-2.000000000000000000e+00 2.131317417283295867e+01
-2.000000000000000000e+00 2.131317377230385901e+01
-2.000000000000000000e+00 2.128802542247816376e+01
-2.000000000000000000e+00 2.128802307898905966e+01
-2.000000000000000000e+00 2.118586141647735133e+01
-2.000000000000000000e+00 2.118308850456063652e+01
-2.000000000000000000e+00 2.106643524980054849e+01
-2.000000000000000000e+00 2.106643305914360553e+01
-2.000000000000000000e+00 2.102545735507851177e+01
-2.000000000000000000e+00 2.102545675430579664e+01
-2.000000000000000000e+00 2.093344552701809036e+01
-2.000000000000000000e+00 2.077292963461997743e+01
-2.000000000000000000e+00 2.077292730111660646e+01
-2.000000000000000000e+00 2.072646163631008775e+01
-2.000000000000000000e+00 2.068516443044453013e+01
-2.000000000000000000e+00 2.052866460027399498e+01
-2.000000000000000000e+00 2.043748279941812740e+01
-2.000000000000000000e+00 2.043747996297203073e+01
-2.000000000000000000e+00 2.040787786502369983e+01
-2.000000000000000000e+00 2.039774005903051091e+01
-2.000000000000000000e+00 2.015213956858607602e+01
-2.000000000000000000e+00 2.012991486461021395e+01
-2.000000000000000000e+00 2.006471613270563381e+01
-2.000000000000000000e+00 1.998419636462021387e+01
-2.000000000000000000e+00 1.998419466799449395e+01
-2.000000000000000000e+00 1.991560958552586058e+01
-2.000000000000000000e+00 1.991560928849555623e+01
-2.000000000000000000e+00 1.979979471634460708e+01
-2.000000000000000000e+00 1.978664076136221794e+01
-2.000000000000000000e+00 1.978664006512223850e+01
-2.000000000000000000e+00 1.967914064895733262e+01
-2.000000000000000000e+00 1.967914002368059556e+01
-2.000000000000000000e+00 1.966879327721190762e+01
-2.000000000000000000e+00 1.966879319985687147e+01
-2.000000000000000000e+00 1.965374029610135409e+01
-2.000000000000000000e+00 1.965373900071348601e+01
-2.000000000000000000e+00 1.953290016415764896e+01
-2.000000000000000000e+00 1.945319215053425665e+01
-2.000000000000000000e+00 1.945319096583647323e+01
-2.000000000000000000e+00 1.934871675931156076e+01
-2.000000000000000000e+00 1.914431964684890275e+01
-2.000000000000000000e+00 1.909563646571111661e+01
-2.000000000000000000e+00 1.909563533189435702e+01
-2.000000000000000000e+00 1.899257757289289827e+01
-2.000000000000000000e+00 1.876801688477417329e+01
-2.000000000000000000e+00 1.850285812598593438e+01
-2.000000000000000000e+00 1.850285769207377484e+01
-2.000000000000000000e+00 1.847119473084998020e+01
-2.000000000000000000e+00 1.846887673563403354e+01
-2.000000000000000000e+00 1.816040283605857297e+01
-2.000000000000000000e+00 1.810508364167492346e+01
-2.000000000000000000e+00 1.810508360928513483e+01
-2.000000000000000000e+00 1.748967625515122037e+01
-2.000000000000000000e+00 1.738732310474307496e+01
-2.000000000000000000e+00 1.738254417056784007e+01
-2.000000000000000000e+00 1.672671254357752346e+01
-2.000000000000000000e+00 1.659860742499051511e+01
-2.000000000000000000e+00 1.634677297016908781e+01
-2.000000000000000000e+00 1.634677295621428783e+01
-2.000000000000000000e+00 1.633284800502392287e+01
-2.000000000000000000e+00 1.632558800493148610e+01
-2.000000000000000000e+00 1.629914147616824138e+01
-2.000000000000000000e+00 1.628060567213542953e+01
-2.000000000000000000e+00 1.628060410216467702e+01
-2.000000000000000000e+00 1.604313668405314175e+01
-2.000000000000000000e+00 1.604313555512506895e+01
-2.000000000000000000e+00 1.600253416446104637e+01
-2.000000000000000000e+00 1.600253398840843033e+01
-2.000000000000000000e+00 1.556188949728857196e+01
-2.000000000000000000e+00 1.556188665305332997e+01
-2.000000000000000000e+00 1.550915262268305206e+01
-2.000000000000000000e+00 1.549683640947085550e+01
-2.000000000000000000e+00 1.533195941263273987e+01
-2.000000000000000000e+00 1.533195857398430029e+01
-2.000000000000000000e+00 1.528529081554655988e+01
-2.000000000000000000e+00 1.523693216125365169e+01
-2.000000000000000000e+00 1.441398408520445606e+01
-2.000000000000000000e+00 1.415137944999921871e+01
-2.000000000000000000e+00 1.409193283491346627e+01
-2.000000000000000000e+00 1.407570552571512046e+01
-2.000000000000000000e+00 1.407570236744396119e+01
-2.000000000000000000e+00 1.351964991549387030e+01
-2.000000000000000000e+00 1.247650853117307612e+01
-2.000000000000000000e+00 9.988229969748445569e+00
-2.000000000000000000e+00 9.384458901038771117e+00
-2.000000000000000000e+00 8.593503049060315035e+00
-2.000000000000000000e+00 8.593502688690177749e+00
-1.500000000000000000e+00 2.042220058139468364e+01
-1.500000000000000000e+00 2.042219975979725533e+01
-1.500000000000000000e+00 2.039824127515167973e+01
-1.500000000000000000e+00 2.039823838742736228e+01
-1.500000000000000000e+00 2.028809181333260270e+01
-1.500000000000000000e+00 2.028808850831583754e+01
-1.500000000000000000e+00 2.009630074581228243e+01
-1.500000000000000000e+00 2.009629979686403800e+01
-1.500000000000000000e+00 2.006228371374849573e+01
-1.500000000000000000e+00 2.006228256723522207e+01
-1.500000000000000000e+00 1.986612611002940909e+01
-1.500000000000000000e+00 1.986612507349999390e+01
-1.500000000000000000e+00 1.986476927094226141e+01
-1.500000000000000000e+00 1.986476832992043029e+01
-1.500000000000000000e+00 1.970079342099547759e+01
-1.500000000000000000e+00 1.970079302164333868e+01
-1.500000000000000000e+00 1.949190395694603239e+01
-1.500000000000000000e+00 1.949190356806413860e+01
-1.500000000000000000e+00 1.932879371283552672e+01
-1.500000000000000000e+00 1.932879305212720311e+01
-1.500000000000000000e+00 1.890075091868513368e+01
-1.500000000000000000e+00 1.890075073925225624e+01
-1.500000000000000000e+00 1.871268789512095410e+01
-1.500000000000000000e+00 1.871268697335892739e+01
-1.500000000000000000e+00 1.861874792905200593e+01
-1.500000000000000000e+00 1.861874752302877312e+01
-1.500000000000000000e+00 1.837065824299040884e+01
-1.500000000000000000e+00 1.837065615200756596e+01
-1.500000000000000000e+00 1.834310726266147995e+01
-1.500000000000000000e+00 1.834310676953124997e+01
-1.500000000000000000e+00 1.828886864516026378e+01
-1.500000000000000000e+00 1.828886802236571540e+01
-1.500000000000000000e+00 1.825167083672004509e+01
-1.500000000000000000e+00 1.825167034917651776e+01
-1.500000000000000000e+00 1.809374645892649269e+01
-1.500000000000000000e+00 1.809374605861837892e+01
-1.500000000000000000e+00 1.805106091814812075e+01
-1.500000000000000000e+00 1.805105657602766200e+01
-1.500000000000000000e+00 1.794571103232624054e+01
-1.500000000000000000e+00 1.794571059043704508e+01
-1.500000000000000000e+00 1.756414684024982975e+01
-1.500000000000000000e+00 1.756414634052832469e+01
-1.500000000000000000e+00 1.756370738922057129e+01
-1.500000000000000000e+00 1.756370618287666474e+01
-1.500000000000000000e+00 1.755552238756172301e+01
-1.500000000000000000e+00 1.755552131257195114e+01
-1.500000000000000000e+00 1.748669664118419220e+01
-1.500000000000000000e+00 1.748669603036314868e+01
-1.500000000000000000e+00 1.712811067925679964e+01
-1.500000000000000000e+00 1.712811033785002479e+01
-1.500000000000000000e+00 1.705310372074130498e+01
-1.500000000000000000e+00 1.705310215403172336e+01
-1.500000000000000000e+00 1.699020594903773684e+01
-1.500000000000000000e+00 1.699020315534876602e+01
-1.500000000000000000e+00 1.697316187282375211e+01
-1.500000000000000000e+00 1.697315869296836865e+01
-1.500000000000000000e+00 1.673349656611662084e+01
-1.500000000000000000e+00 1.673349628672440659e+01
-1.500000000000000000e+00 1.653872040184832670e+01
-1.500000000000000000e+00 1.653871904923104452e+01
-1.500000000000000000e+00 1.651483130743953609e+01
-1.500000000000000000e+00 1.651483097066408234e+01
-1.500000000000000000e+00 1.638514635116813167e+01
-1.500000000000000000e+00 1.638514560003231324e+01
-1.500000000000000000e+00 1.633916824590958328e+01
-1.500000000000000000e+00 1.633916683884432430e+01
-1.500000000000000000e+00 1.628659931515338144e+01
-1.500000000000000000e+00 1.628659928887367769e+01
-1.500000000000000000e+00 1.617696250333474950e+01
-1.500000000000000000e+00 1.617696172851353253e+01
-1.500000000000000000e+00 1.611464728709885463e+01
-1.500000000000000000e+00 1.611464696181696610e+01
-1.500000000000000000e+00 1.596649917746373859e+01
-1.500000000000000000e+00 1.596649880919916420e+01
-1.500000000000000000e+00 1.537630905336146903e+01
-1.500000000000000000e+00 1.537630784145039442e+01
-1.500000000000000000e+00 1.509606076915134487e+01
-1.500000000000000000e+00 1.509606053343045140e+01
-1.500000000000000000e+00 1.476211039122535063e+01
-1.500000000000000000e+00 1.476210950031966895e+01
-1.500000000000000000e+00 1.416297047791745456e+01
-1.500000000000000000e+00 1.416296654575618241e+01
-1.500000000000000000e+00 1.413817955583101948e+01
-1.500000000000000000e+00 1.413817540323547206e+01
-1.500000000000000000e+00 1.396521213222022695e+01
-1.500000000000000000e+00 1.396521163833792478e+01
-1.500000000000000000e+00 1.389701611157979322e+01
-1.500000000000000000e+00 1.389701151641398802e+01
-1.500000000000000000e+00 1.389073743405955241e+01
-1.500000000000000000e+00 1.389073652388904812e+01
-1.500000000000000000e+00 1.377693478005670258e+01
-1.500000000000000000e+00 1.377693449292166861e+01
-1.500000000000000000e+00 1.329855551950752002e+01
-1.500000000000000000e+00 1.329855299506337296e+01
-1.500000000000000000e+00 1.140759591986193655e+01
-1.500000000000000000e+00 1.140759573905098279e+01
-1.500000000000000000e+00 1.011521450527587085e+01
-1.500000000000000000e+00 1.011521419517353593e+01
-1.500000000000000000e+00 5.733159720589121378e+00
-1.500000000000000000e+00 5.733159701540906816e+00
-1.000000000000000000e+00 1.923964657453728577e+01
-1.000000000000000000e+00 1.917969909179197074e+01
-1.000000000000000000e+00 1.917969880719590137e+01
-1.000000000000000000e+00 1.906974649113399423e+01
-1.000000000000000000e+00 1.906974644864016355e+01
-1.000000000000000000e+00 1.901515784324424274e+01
-1.000000000000000000e+00 1.901515719946318583e+01
-1.000000000000000000e+00 1.891255609886657751e+01
-1.000000000000000000e+00 1.881878748303928717e+01
-1.000000000000000000e+00 1.881878632585220146e+01
-1.000000000000000000e+00 1.870308086989351537e+01
-1.000000000000000000e+00 1.865930827972651684e+01
-1.000000000000000000e+00 1.864564225827724897e+01
-1.000000000000000000e+00 1.864392012650941055e+01
-1.000000000000000000e+00 1.856316640424641662e+01
-1.000000000000000000e+00 1.850404567728292449e+01
-1.000000000000000000e+00 1.849922995335896303e+01
-1.000000000000000000e+00 1.849922959307503234e+01
-1.000000000000000000e+00 1.844471211013618017e+01
-1.000000000000000000e+00 1.843579798474354803e+01
-1.000000000000000000e+00 1.825788192751552330e+01
-1.000000000000000000e+00 1.825787709718872520e+01
-1.000000000000000000e+00 1.821673109271938884e+01
-1.000000000000000000e+00 1.821672875681415249e+01
-1.000000000000000000e+00 1.817545397026299980e+01
-1.000000000000000000e+00 1.817545390076063683e+01
-1.000000000000000000e+00 1.813637119272894438e+01
-1.000000000000000000e+00 1.807333565239335726e+01
-1.000000000000000000e+00 1.789878054217009407e+01
-1.000000000000000000e+00 1.789878000195640340e+01
-1.000000000000000000e+00 1.769937758255527527e+01
-1.000000000000000000e+00 1.769937483009014656e+01
-1.000000000000000000e+00 1.765839196876342143e+01
-1.000000000000000000e+00 1.762370610408003202e+01
-1.000000000000000000e+00 1.752797178137555179e+01
-1.000000000000000000e+00 1.751005717021742925e+01
-1.000000000000000000e+00 1.751005591970159259e+01
-1.000000000000000000e+00 1.744226290331358697e+01
-1.000000000000000000e+00 1.744001046861149717e+01
-1.000000000000000000e+00 1.744000831166271936e+01
-1.000000000000000000e+00 1.742830761264846018e+01
-1.000000000000000000e+00 1.741647057842736146e+01
-1.000000000000000000e+00 1.740047382564546652e+01
-1.000000000000000000e+00 1.740047316922260023e+01
-1.000000000000000000e+00 1.737860306046982828e+01
-1.000000000000000000e+00 1.729628285459732950e+01
-1.000000000000000000e+00 1.728289284150289618e+01
-1.000000000000000000e+00 1.710198340933128947e+01
-1.000000000000000000e+00 1.710197941217208850e+01
-1.000000000000000000e+00 1.698134641648334409e+01
-1.000000000000000000e+00 1.694970199808201983e+01
-1.000000000000000000e+00 1.694969865734070780e+01
-1.000000000000000000e+00 1.688196078570767966e+01
-1.000000000000000000e+00 1.680629274786771887e+01
-1.000000000000000000e+00 1.671872771553123727e+01
-1.000000000000000000e+00 1.663438001281723189e+01
-1.000000000000000000e+00 1.663437863976915665e+01
-1.000000000000000000e+00 1.662750476472070815e+01
-1.000000000000000000e+00 1.657394831632045396e+01
-1.000000000000000000e+00 1.651382477614333766e+01
-1.000000000000000000e+00 1.651382469368336459e+01
-1.000000000000000000e+00 1.644702167834105566e+01
-1.000000000000000000e+00 1.644702133896312546e+01
-1.000000000000000000e+00 1.574994208918364258e+01
-1.000000000000000000e+00 1.566195568645131253e+01
-1.000000000000000000e+00 1.561463734562983596e+01
-1.000000000000000000e+00 1.561463539821689750e+01
-1.000000000000000000e+00 1.559861987910730008e+01
-1.000000000000000000e+00 1.554269720939629629e+01
-1.000000000000000000e+00 1.554269587176310097e+01
-1.000000000000000000e+00 1.542475880508812836e+01
-1.000000000000000000e+00 1.542475484235144911e+01
-1.000000000000000000e+00 1.537968604705731579e+01
-1.000000000000000000e+00 1.531625485354573435e+01
-1.000000000000000000e+00 1.490604584027313884e+01
-1.000000000000000000e+00 1.490604191263355105e+01
-1.000000000000000000e+00 1.460179424274123683e+01
-1.000000000000000000e+00 1.439575553494627336e+01
-1.000000000000000000e+00 1.429135897664500376e+01
-1.000000000000000000e+00 1.419212589982792139e+01
-1.000000000000000000e+00 1.419212566425057886e+01
-1.000000000000000000e+00 1.369381386287606617e+01
-1.000000000000000000e+00 1.311116711489592568e+01
-1.000000000000000000e+00 1.290320297801218530e+01
-1.000000000000000000e+00 1.279995078771234240e+01
-1.000000000000000000e+00 1.279995072112088295e+01
-1.000000000000000000e+00 1.247493093991046287e+01
-1.000000000000000000e+00 1.221258119175274715e+01
-1.000000000000000000e+00 1.214923554310753850e+01
-1.000000000000000000e+00 1.214923256865346168e+01
-1.000000000000000000e+00 1.147878421481987843e+01
-1.000000000000000000e+00 1.127106463657861646e+01
-1.000000000000000000e+00 1.009988553554649293e+01
-1.000000000000000000e+00 9.994458051249974773e+00
-1.000000000000000000e+00 9.994457588478736554e+00
-1.000000000000000000e+00 9.722121395896021312e+00
-1.000000000000000000e+00 9.666286857580319136e+00
-1.000000000000000000e+00 9.004473715407511847e+00
-1.000000000000000000e+00 9.004473668854734214e+00
-1.000000000000000000e+00 8.474552826533370720e+00
-5.000000000000000000e-01 1.864127640456997526e+01
-5.000000000000000000e-01 1.864127604466572308e+01
-5.000000000000000000e-01 1.861721752664408669e+01
-5.000000000000000000e-01 1.861721679692001530e+01
-5.000000000000000000e-01 1.850303568417865563e+01
-5.000000000000000000e-01 1.850303517785792806e+01
-5.000000000000000000e-01 1.842286270752162736e+01
-5.000000000000000000e-01 1.842286161712705095e+01
-5.000000000000000000e-01 1.826228813429469966e+01
-5.000000000000000000e-01 1.826228593588464832e+01
-5.000000000000000000e-01 1.812164584301751802e+01
-5.000000000000000000e-01 1.812164203952844943e+01
-5.000000000000000000e-01 1.795519967543904016e+01
-5.000000000000000000e-01 1.795519849048082861e+01
-5.000000000000000000e-01 1.790729032354266792e+01
-5.000000000000000000e-01 1.790728720073826352e+01
-5.000000000000000000e-01 1.777577134016887683e+01
-5.000000000000000000e-01 1.777577092073641296e+01
-5.000000000000000000e-01 1.760039977520319709e+01
-5.000000000000000000e-01 1.760039756564885849e+01
-5.000000000000000000e-01 1.754184360315074542e+01
-5.000000000000000000e-01 1.754184314211350326e+01
-5.000000000000000000e-01 1.741266744594532057e+01
-5.000000000000000000e-01 1.741266634388775358e+01
-5.000000000000000000e-01 1.737538610851206045e+01
-5.000000000000000000e-01 1.737538493748875723e+01
-5.000000000000000000e-01 1.725597482344048217e+01
-5.000000000000000000e-01 1.725597410984524771e+01
-5.000000000000000000e-01 1.710690751163442869e+01
-5.000000000000000000e-01 1.710690703414292813e+01
-5.000000000000000000e-01 1.699689019793118305e+01
-5.000000000000000000e-01 1.699689009634154147e+01
-5.000000000000000000e-01 1.689802621530236237e+01
-5.000000000000000000e-01 1.689802515457529708e+01
-5.000000000000000000e-01 1.685649291283324303e+01
-5.000000000000000000e-01 1.685648925143048871e+01
-5.000000000000000000e-01 1.672063203941051768e+01
-5.000000000000000000e-01 1.672062960569856216e+01
-5.000000000000000000e-01 1.653800537613100374e+01
-5.000000000000000000e-01 1.653800139214648723e+01
-5.000000000000000000e-01 1.636788979396510513e+01
-5.000000000000000000e-01 1.636788687503452522e+01
-5.000000000000000000e-01 1.625989900271529365e+01
-5.000000000000000000e-01 1.625989610623594217e+01
-5.000000000000000000e-01 1.603840532585865830e+01
-5.000000000000000000e-01 1.603840469639683519e+01
-5.000000000000000000e-01 1.600669570131028152e+01
-5.000000000000000000e-01 1.600669481340391087e+01
-5.000000000000000000e-01 1.583295928199302338e+01
-5.000000000000000000e-01 1.583295751724917011e+01
-5.000000000000000000e-01 1.553461799043049574e+01
-5.000000000000000000e-01 1.553461734743739164e+01
-5.000000000000000000e-01 1.540945499814959163e+01
-5.000000000000000000e-01 1.540945340761122928e+01
-5.000000000000000000e-01 1.536400328147389338e+01
-5.000000000000000000e-01 1.536400179608099137e+01
-5.000000000000000000e-01 1.535195984746460773e+01
-5.000000000000000000e-01 1.535195891962872672e+01
-5.000000000000000000e-01 1.517651313155124448e+01
-5.000000000000000000e-01 1.517651298259985992e+01
-5.000000000000000000e-01 1.513017856724770382e+01
-5.000000000000000000e-01 1.513017853086910591e+01
-5.000000000000000000e-01 1.503501665317399016e+01
-5.000000000000000000e-01 1.503501591421838057e+01
-5.000000000000000000e-01 1.493857761072779056e+01
-5.000000000000000000e-01 1.493857730422931063e+01
-5.000000000000000000e-01 1.475555227293872562e+01
-5.000000000000000000e-01 1.475555196199455921e+01
-5.000000000000000000e-01 1.439125671717701316e+01
-5.000000000000000000e-01 1.439125500727536711e+01
-5.000000000000000000e-01 1.423711031465529508e+01
-5.000000000000000000e-01 1.423710698735905922e+01
-5.000000000000000000e-01 1.421079596189146699e+01
-5.000000000000000000e-01 1.421079279354114711e+01
-5.000000000000000000e-01 1.417745051272209444e+01
-5.000000000000000000e-01 1.417745029652074784e+01
-5.000000000000000000e-01 1.405559565463327942e+01
-5.000000000000000000e-01 1.405559484669662318e+01
-5.000000000000000000e-01 1.378635769041094683e+01
-5.000000000000000000e-01 1.378635529459339359e+01
-5.000000000000000000e-01 1.374900054487820000e+01
-5.000000000000000000e-01 1.374899912486132791e+01
-5.000000000000000000e-01 1.352162680907537684e+01
-5.000000000000000000e-01 1.352162508767117899e+01
-5.000000000000000000e-01 1.329676869532153205e+01
-5.000000000000000000e-01 1.329676751961428671e+01
-5.000000000000000000e-01 1.305037944158515195e+01
-5.000000000000000000e-01 1.305037831259944170e+01
-5.000000000000000000e-01 1.298072117807310200e+01
-5.000000000000000000e-01 1.298071612507531292e+01
-5.000000000000000000e-01 1.274931335359378970e+01
-5.000000000000000000e-01 1.274930871582812486e+01
-5.000000000000000000e-01 9.907166441102871701e+00
-5.000000000000000000e-01 9.907164885435745916e+00
-5.000000000000000000e-01 9.306218365428195582e+00
-5.000000000000000000e-01 9.306216718252164455e+00
-5.000000000000000000e-01 8.020109083600825528e+00
-5.000000000000000000e-01 8.020108252483550970e+00
-5.000000000000000000e-01 5.408265214819113709e+00
-5.000000000000000000e-01 5.408264972033100193e+00
0.000000000000000000e+00 1.750494752325809245e+01
0.000000000000000000e+00 1.749791299285987378e+01
0.000000000000000000e+00 1.749791211924043921e+01
0.000000000000000000e+00 1.748122302735202638e+01
0.000000000000000000e+00 1.736229364226087668e+01
0.000000000000000000e+00 1.736229349586052706e+01
0.000000000000000000e+00 1.716544869860605615e+01
0.000000000000000000e+00 1.716544750885125481e+01
0.000000000000000000e+00 1.709556145447311692e+01
0.000000000000000000e+00 1.699597244128042206e+01
0.000000000000000000e+00 1.697447321592567349e+01
0.000000000000000000e+00 1.697447317409929823e+01
0.000000000000000000e+00 1.693887922901884480e+01
0.000000000000000000e+00 1.690908249280646558e+01
0.000000000000000000e+00 1.684431279908073620e+01
0.000000000000000000e+00 1.684310666478674179e+01
0.000000000000000000e+00 1.684310565615885835e+01
0.000000000000000000e+00 1.683790176472904676e+01
0.000000000000000000e+00 1.683790163246371563e+01
0.000000000000000000e+00 1.668164479224524044e+01
0.000000000000000000e+00 1.662296003560955882e+01
0.000000000000000000e+00 1.658044085972635884e+01
0.000000000000000000e+00 1.658043980204408996e+01
0.000000000000000000e+00 1.657822277633279384e+01
0.000000000000000000e+00 1.654295160950305288e+01
0.000000000000000000e+00 1.654295140575004552e+01
0.000000000000000000e+00 1.648121597600356480e+01
0.000000000000000000e+00 1.643829456101169839e+01
0.000000000000000000e+00 1.643829295532873047e+01
0.000000000000000000e+00 1.639049147457807720e+01
0.000000000000000000e+00 1.639049004297899970e+01
0.000000000000000000e+00 1.632718178458829783e+01
0.000000000000000000e+00 1.627686490493690386e+01
0.000000000000000000e+00 1.625237598959743224e+01
0.000000000000000000e+00 1.622664808014404514e+01
0.000000000000000000e+00 1.622664750593265026e+01
0.000000000000000000e+00 1.612195491216730048e+01
0.000000000000000000e+00 1.608939028902042168e+01
0.000000000000000000e+00 1.608938822850167938e+01
0.000000000000000000e+00 1.605670136961121841e+01
0.000000000000000000e+00 1.596375257027810335e+01
0.000000000000000000e+00 1.570013850232664687e+01
0.000000000000000000e+00 1.565247076317174724e+01
0.000000000000000000e+00 1.565246992963853501e+01
0.000000000000000000e+00 1.556674864357675681e+01
0.000000000000000000e+00 1.556674513813250904e+01
0.000000000000000000e+00 1.548821620805494348e+01
0.000000000000000000e+00 1.547659585036015706e+01
0.000000000000000000e+00 1.547659498758709518e+01
0.000000000000000000e+00 1.545569550422858818e+01
0.000000000000000000e+00 1.517127454757691396e+01
0.000000000000000000e+00 1.517127258600764250e+01
0.000000000000000000e+00 1.515464999240013810e+01
0.000000000000000000e+00 1.514282923285210991e+01
0.000000000000000000e+00 1.501160939591608035e+01
0.000000000000000000e+00 1.496593313768373434e+01
0.000000000000000000e+00 1.496593301000053344e+01
0.000000000000000000e+00 1.492810301034313447e+01
0.000000000000000000e+00 1.483498700429588624e+01
0.000000000000000000e+00 1.483498609896841991e+01
0.000000000000000000e+00 1.478533911190738515e+01
0.000000000000000000e+00 1.475874054912162237e+01
0.000000000000000000e+00 1.450119300910591136e+01
0.000000000000000000e+00 1.447961681417624646e+01
0.000000000000000000e+00 1.447961374535846168e+01
0.000000000000000000e+00 1.442366776415745022e+01
0.000000000000000000e+00 1.442366557860225385e+01
0.000000000000000000e+00 1.441861018267347383e+01
0.000000000000000000e+00 1.428092890030029594e+01
0.000000000000000000e+00 1.422880190882098361e+01
0.000000000000000000e+00 1.422209293428798915e+01
0.000000000000000000e+00 1.402971309462713556e+01
0.000000000000000000e+00 1.402971116875759350e+01
0.000000000000000000e+00 1.351120062281697187e+01
0.000000000000000000e+00 1.333239818371368024e+01
0.000000000000000000e+00 1.327303577115418953e+01
0.000000000000000000e+00 1.323901716316352228e+01
0.000000000000000000e+00 1.323901706011248969e+01
0.000000000000000000e+00 1.308736582548988281e+01
0.000000000000000000e+00 1.273176899621004665e+01
0.000000000000000000e+00 1.235643403823478437e+01
0.000000000000000000e+00 1.235643398419445127e+01
0.000000000000000000e+00 1.219348989359454194e+01
0.000000000000000000e+00 1.184806840108048398e+01
0.000000000000000000e+00 1.165222962112217076e+01
0.000000000000000000e+00 1.165222883974780466e+01
0.000000000000000000e+00 1.056265320204326486e+01
0.000000000000000000e+00 1.054191941780186781e+01
0.000000000000000000e+00 1.054191611660674077e+01
0.000000000000000000e+00 1.042441900174777913e+01
0.000000000000000000e+00 1.002926689564663931e+01
0.000000000000000000e+00 1.002926327665429618e+01
0.000000000000000000e+00 9.432580147421067096e+00
0.000000000000000000e+00 9.304007047629122340e+00
0.000000000000000000e+00 8.799235707606410273e+00
0.000000000000000000e+00 7.812805456645867785e+00
0.000000000000000000e+00 7.685670538485181780e+00
0.000000000000000000e+00 7.685669956735100783e+00
0.000000000000000000e+00 7.148201988448312783e+00
0.000000000000000000e+00 6.591395809635176850e-02
5.000000000000000000e-01 1.756889452974332855e+01
5.000000000000000000e-01 1.756889423606236278e+01
5.000000000000000000e-01 1.755598908900050148e+01
5.000000000000000000e-01 1.755598850917010978e+01
5.000000000000000000e-01 1.754869125126377583e+01
5.000000000000000000e-01 1.754869055495621311e+01
5.000000000000000000e-01 1.731527202755230022e+01
5.000000000000000000e-01 1.731527125566045555e+01
5.000000000000000000e-01 1.731325154361683971e+01
5.000000000000000000e-01 1.731324965079765121e+01
5.000000000000000000e-01 1.728877148190808910e+01
5.000000000000000000e-01 1.728877085906679767e+01
5.000000000000000000e-01 1.724015727673352316e+01
5.000000000000000000e-01 1.724015523773860536e+01
5.000000000000000000e-01 1.722855275821682497e+01
5.000000000000000000e-01 1.722855244140352227e+01
5.000000000000000000e-01 1.710356708356080446e+01
5.000000000000000000e-01 1.710356567965900965e+01
5.000000000000000000e-01 1.705777899674281883e+01
5.000000000000000000e-01 1.705777804208311466e+01
5.000000000000000000e-01 1.705466757576174075e+01
5.000000000000000000e-01 1.705466652776545189e+01
5.000000000000000000e-01 1.676807494188095404e+01
5.000000000000000000e-01 1.676807410398770770e+01
5.000000000000000000e-01 1.671099391662897560e+01
5.000000000000000000e-01 1.671099349883139595e+01
5.000000000000000000e-01 1.657164116431771461e+01
5.000000000000000000e-01 1.657164114684410805e+01
5.000000000000000000e-01 1.650955192948370964e+01
5.000000000000000000e-01 1.650954947937235673e+01
5.000000000000000000e-01 1.649437806465149237e+01
5.000000000000000000e-01 1.649437679334613804e+01
5.000000000000000000e-01 1.645586009654509141e+01
5.000000000000000000e-01 1.645585960786009494e+01
5.000000000000000000e-01 1.629494045871654606e+01
5.000000000000000000e-01 1.629493969552197541e+01
5.000000000000000000e-01 1.612663159131158608e+01
5.000000000000000000e-01 1.612662864191976198e+01
5.000000000000000000e-01 1.589334993384031414e+01
5.000000000000000000e-01 1.589334956140263166e+01
5.000000000000000000e-01 1.575919173043560484e+01
5.000000000000000000e-01 1.575918653974888173e+01
5.000000000000000000e-01 1.571721501165579937e+01
5.000000000000000000e-01 1.571721244938694895e+01
5.000000000000000000e-01 1.569296092111730623e+01
5.000000000000000000e-01 1.569296025199218114e+01
5.000000000000000000e-01 1.552802472433600833e+01
5.000000000000000000e-01 1.552801915636371888e+01
5.000000000000000000e-01 1.541988312361985258e+01
5.000000000000000000e-01 1.541988178261986775e+01
5.000000000000000000e-01 1.519416327359680530e+01
5.000000000000000000e-01 1.519416169586136611e+01
5.000000000000000000e-01 1.516353403943227818e+01
5.000000000000000000e-01 1.516353397361042710e+01
5.000000000000000000e-01 1.503516901297669150e+01
5.000000000000000000e-01 1.503516761228125809e+01
5.000000000000000000e-01 1.499036209537933217e+01
5.000000000000000000e-01 1.499035863529347345e+01
5.000000000000000000e-01 1.468710187957893609e+01
5.000000000000000000e-01 1.468709835265263486e+01
5.000000000000000000e-01 1.459319916870347278e+01
5.000000000000000000e-01 1.459319663397735489e+01
5.000000000000000000e-01 1.429370730959887403e+01
5.000000000000000000e-01 1.429370702662557058e+01
5.000000000000000000e-01 1.394874038766151436e+01
5.000000000000000000e-01 1.394873677514026689e+01
5.000000000000000000e-01 1.372838218973024205e+01
5.000000000000000000e-01 1.372838172306569504e+01
5.000000000000000000e-01 1.361679007918629303e+01
5.000000000000000000e-01 1.361678996159653110e+01
5.000000000000000000e-01 1.358376633356945717e+01
5.000000000000000000e-01 1.358376621205049517e+01
5.000000000000000000e-01 1.345765438376867529e+01
5.000000000000000000e-01 1.345764992071684141e+01
5.000000000000000000e-01 1.302383304440751033e+01
5.000000000000000000e-01 1.302383294440626393e+01
5.000000000000000000e-01 1.297732251975862106e+01
5.000000000000000000e-01 1.297732244879035335e+01
5.000000000000000000e-01 1.285609804378049148e+01
5.000000000000000000e-01 1.285609719827745501e+01
5.000000000000000000e-01 1.282138987285732412e+01
5.000000000000000000e-01 1.282138979923541200e+01
5.000000000000000000e-01 1.265690472839067837e+01
5.000000000000000000e-01 1.265690415830826865e+01
5.000000000000000000e-01 1.230753183406387663e+01
5.000000000000000000e-01 1.230753092646434688e+01
5.000000000000000000e-01 1.205711589526448968e+01
5.000000000000000000e-01 1.205711589120861049e+01
5.000000000000000000e-01 1.168202443392060808e+01
5.000000000000000000e-01 1.168202211778931954e+01
5.000000000000000000e-01 1.136109286708744648e+01
5.000000000000000000e-01 1.136109134266125942e+01
5.000000000000000000e-01 9.450947304089575951e+00
5.000000000000000000e-01 9.450946735794081732e+00
5.000000000000000000e-01 9.305039692077967217e+00
5.000000000000000000e-01 9.305038029798023302e+00
5.000000000000000000e-01 5.659983405244884302e+00
5.000000000000000000e-01 5.659983279706274573e+00
5.000000000000000000e-01 5.534875659288514882e+00
5.000000000000000000e-01 5.534875538600251943e+00
1.000000000000000000e+00 1.822391246377578256e+01
1.000000000000000000e+00 1.817586895072270536e+01
1.000000000000000000e+00 1.817415350607976521e+01
1.000000000000000000e+00 1.817415281195962251e+01
1.000000000000000000e+00 1.808962045547478326e+01
1.000000000000000000e+00 1.808961846217715674e+01
1.000000000000000000e+00 1.806474657250738503e+01
1.000000000000000000e+00 1.800722763166765361e+01
1.000000000000000000e+00 1.797697510622637651e+01
1.000000000000000000e+00 1.790190413587760787e+01
1.000000000000000000e+00 1.787660550106610557e+01
1.000000000000000000e+00 1.786842228143695976e+01
1.000000000000000000e+00 1.786842151451971006e+01
1.000000000000000000e+00 1.778840983452615276e+01
1.000000000000000000e+00 1.768878526829236364e+01
1.000000000000000000e+00 1.768878071850950207e+01
1.000000000000000000e+00 1.766224657813422283e+01
1.000000000000000000e+00 1.756022157525427829e+01
1.000000000000000000e+00 1.756021849475769514e+01
1.000000000000000000e+00 1.751731244391717723e+01
1.000000000000000000e+00 1.751731158017643963e+01
1.000000000000000000e+00 1.745824336229885532e+01
1.000000000000000000e+00 1.743813492323767278e+01
1.000000000000000000e+00 1.743813315269981956e+01
1.000000000000000000e+00 1.734554388371002531e+01
1.000000000000000000e+00 1.730838260120914995e+01
1.000000000000000000e+00 1.718713665363904042e+01
1.000000000000000000e+00 1.718713478460904653e+01
1.000000000000000000e+00 1.708350075869580920e+01
1.000000000000000000e+00 1.697275893150646908e+01
1.000000000000000000e+00 1.695197674006714905e+01
1.000000000000000000e+00 1.679869570077093854e+01
1.000000000000000000e+00 1.676583400094286347e+01
1.000000000000000000e+00 1.676582850530645885e+01
1.000000000000000000e+00 1.646999597780309799e+01
1.000000000000000000e+00 1.646999475290473214e+01
1.000000000000000000e+00 1.641418432606386446e+01
1.000000000000000000e+00 1.640777328015907344e+01
1.000000000000000000e+00 1.640777280848430664e+01
1.000000000000000000e+00 1.623166766319820198e+01
1.000000000000000000e+00 1.614547637596238872e+01
1.000000000000000000e+00 1.602192701865646285e+01
1.000000000000000000e+00 1.602192659511695894e+01
1.000000000000000000e+00 1.597308041539540824e+01
1.000000000000000000e+00 1.574779005062616832e+01
1.000000000000000000e+00 1.568509533312954396e+01
1.000000000000000000e+00 1.568509497742660486e+01
1.000000000000000000e+00 1.563059866364373818e+01
1.000000000000000000e+00 1.532690050447447838e+01
1.000000000000000000e+00 1.532690005757338980e+01
1.000000000000000000e+00 1.530611776411427272e+01
1.000000000000000000e+00 1.527146444921901747e+01
1.000000000000000000e+00 1.527146417782656407e+01
1.000000000000000000e+00 1.524836152515440979e+01
1.000000000000000000e+00 1.524836125809902931e+01
1.000000000000000000e+00 1.524778432075029500e+01
1.000000000000000000e+00 1.513198459256581074e+01
1.000000000000000000e+00 1.510213025959884625e+01
1.000000000000000000e+00 1.510213016232470373e+01
1.000000000000000000e+00 1.508142384681586812e+01
1.000000000000000000e+00 1.507643812286702456e+01
1.000000000000000000e+00 1.507536573741951713e+01
1.000000000000000000e+00 1.464609156635750509e+01
1.000000000000000000e+00 1.449546376340777876e+01
1.000000000000000000e+00 1.438158730991631629e+01
1.000000000000000000e+00 1.438158132537136780e+01
1.000000000000000000e+00 1.424010817728702349e+01
1.000000000000000000e+00 1.420586706620026796e+01
1.000000000000000000e+00 1.414880334814332308e+01
1.000000000000000000e+00 1.414880334318531219e+01
1.000000000000000000e+00 1.393967164460540609e+01
1.000000000000000000e+00 1.393153060777385477e+01
1.000000000000000000e+00 1.391204780121604401e+01
1.000000000000000000e+00 1.391204425721881677e+01
1.000000000000000000e+00 1.386711606354475279e+01
1.000000000000000000e+00 1.354144812285744592e+01
1.000000000000000000e+00 1.354144421322998859e+01
1.000000000000000000e+00 1.347607252779571851e+01
1.000000000000000000e+00 1.347606822720354103e+01
1.000000000000000000e+00 1.322518633278020950e+01
1.000000000000000000e+00 1.307021741086034972e+01
1.000000000000000000e+00 1.289077538092988107e+01
1.000000000000000000e+00 1.276764615200923814e+01
1.000000000000000000e+00 1.236268422137657019e+01
1.000000000000000000e+00 1.236268300794829678e+01
1.000000000000000000e+00 1.220649901930587333e+01
1.000000000000000000e+00 1.195746554436256837e+01
1.000000000000000000e+00 1.189054994736176774e+01
1.000000000000000000e+00 1.189054913128919289e+01
1.000000000000000000e+00 1.165569771526463327e+01
1.000000000000000000e+00 1.042793330639615590e+01
1.000000000000000000e+00 1.041771694589153441e+01
1.000000000000000000e+00 1.020685830956787932e+01
1.000000000000000000e+00 1.020685734328187344e+01
1.000000000000000000e+00 9.971333453708071559e+00
1.000000000000000000e+00 9.971332488840927155e+00
1.000000000000000000e+00 9.078600473046961383e+00
1.000000000000000000e+00 8.795739273086905285e+00
1.000000000000000000e+00 8.773381653588888440e+00
1.000000000000000000e+00 5.359313670304598709e+00
1.500000000000000000e+00 1.831385711758068879e+01
1.500000000000000000e+00 1.831385687812315410e+01
1.500000000000000000e+00 1.830287890490503955e+01
1.500000000000000000e+00 1.830287888516811279e+01
1.500000000000000000e+00 1.816583374384570959e+01
1.500000000000000000e+00 1.816583372663647467e+01
1.500000000000000000e+00 1.781139963222464928e+01
1.500000000000000000e+00 1.781139795401104919e+01
1.500000000000000000e+00 1.775475102093589186e+01
1.500000000000000000e+00 1.775475013106903788e+01
1.500000000000000000e+00 1.761219159509795773e+01
1.500000000000000000e+00 1.761219109056688836e+01
1.500000000000000000e+00 1.754021403044634653e+01
1.500000000000000000e+00 1.754021194995277710e+01
1.500000000000000000e+00 1.747112954861819745e+01
1.500000000000000000e+00 1.747112912764798054e+01
1.500000000000000000e+00 1.740536003735774528e+01
1.500000000000000000e+00 1.740535983624851113e+01
1.500000000000000000e+00 1.723399735656505527e+01
1.500000000000000000e+00 1.723399602139644315e+01
1.500000000000000000e+00 1.703653487294281987e+01
1.500000000000000000e+00 1.703653208029338018e+01
1.500000000000000000e+00 1.684613406535576630e+01
1.500000000000000000e+00 1.684613314564115427e+01
1.500000000000000000e+00 1.684501311975671101e+01
1.500000000000000000e+00 1.684501299573428668e+01
1.500000000000000000e+00 1.667395090122922241e+01
1.500000000000000000e+00 1.667394903144359120e+01
1.500000000000000000e+00 1.655979131677686311e+01
1.500000000000000000e+00 1.655978833981798815e+01
1.500000000000000000e+00 1.654851851576600907e+01
1.500000000000000000e+00 1.654851786353157195e+01
1.500000000000000000e+00 1.652198918328450361e+01
1.500000000000000000e+00 1.652198805263595816e+01
1.500000000000000000e+00 1.647604762373980947e+01
1.500000000000000000e+00 1.647604352020223217e+01
1.500000000000000000e+00 1.634390966117318200e+01
1.500000000000000000e+00 1.634390947193059773e+01
1.500000000000000000e+00 1.632073078374170549e+01
1.500000000000000000e+00 1.632072992175092452e+01
1.500000000000000000e+00 1.629741953461532944e+01
1.500000000000000000e+00 1.629741891032396595e+01
1.500000000000000000e+00 1.602377944606012861e+01
1.500000000000000000e+00 1.602377857720476584e+01
1.500000000000000000e+00 1.602028481335161914e+01
1.500000000000000000e+00 1.602028468851178644e+01
1.500000000000000000e+00 1.590723802913357865e+01
1.500000000000000000e+00 1.590723581001452835e+01
1.500000000000000000e+00 1.586187746974230173e+01
1.500000000000000000e+00 1.586187567384299157e+01
1.500000000000000000e+00 1.572223182616769499e+01
1.500000000000000000e+00 1.572223058566825138e+01
1.500000000000000000e+00 1.556057918282163577e+01
1.500000000000000000e+00 1.556057912560446255e+01
1.500000000000000000e+00 1.536606284292427738e+01
1.500000000000000000e+00 1.536606191970489910e+01
1.500000000000000000e+00 1.534648411253474087e+01
1.500000000000000000e+00 1.534648341044998787e+01
1.500000000000000000e+00 1.513765165955906511e+01
1.500000000000000000e+00 1.513765063165224767e+01
1.500000000000000000e+00 1.509279506486492295e+01
1.500000000000000000e+00 1.509279410275528832e+01
1.500000000000000000e+00 1.500567814118693377e+01
1.500000000000000000e+00 1.500567618332623887e+01
1.500000000000000000e+00 1.494406047142562599e+01
1.500000000000000000e+00 1.494406031904976651e+01
1.500000000000000000e+00 1.486110595369635590e+01
1.500000000000000000e+00 1.486110482415065803e+01
1.500000000000000000e+00 1.474190720031245583e+01
1.500000000000000000e+00 1.474190431694082370e+01
1.500000000000000000e+00 1.460237322717882513e+01
1.500000000000000000e+00 1.460237121387373271e+01
1.500000000000000000e+00 1.427723249910833836e+01
1.500000000000000000e+00 1.427723163234918857e+01
1.500000000000000000e+00 1.408274550998189234e+01
1.500000000000000000e+00 1.408273634592518242e+01
1.500000000000000000e+00 1.398867117505070823e+01
1.500000000000000000e+00 1.398867092422821656e+01
1.500000000000000000e+00 1.395558611528935877e+01
1.500000000000000000e+00 1.395558552856362766e+01
1.500000000000000000e+00 1.381755388650746319e+01
1.500000000000000000e+00 1.381754918634305440e+01
1.500000000000000000e+00 1.365094659628354989e+01
1.500000000000000000e+00 1.365094206321821524e+01
1.500000000000000000e+00 1.358491711324722218e+01
1.500000000000000000e+00 1.358491540402941311e+01
1.500000000000000000e+00 1.312050340091644429e+01
1.500000000000000000e+00 1.312049899732011049e+01
1.500000000000000000e+00 1.262045341848924807e+01
1.500000000000000000e+00 1.262045263804773576e+01
1.500000000000000000e+00 1.169838957109720212e+01
1.500000000000000000e+00 1.169838822119238486e+01
1.500000000000000000e+00 1.169738758387243038e+01
1.500000000000000000e+00 1.169738640649535988e+01
1.500000000000000000e+00 1.035305235246265987e+01
1.500000000000000000e+00 1.035305206655019816e+01
1.500000000000000000e+00 8.720293718879092992e+00
1.500000000000000000e+00 8.720293666888665030e+00
1.500000000000000000e+00 4.618363745168589496e+00
1.500000000000000000e+00 4.618363696145573627e+00
2.000000000000000000e+00 1.918325622165281175e+01
2.000000000000000000e+00 1.891071321993705823e+01
2.000000000000000000e+00 1.890130228850667393e+01
2.000000000000000000e+00 1.890130153447317340e+01
2.000000000000000000e+00 1.877773083573022816e+01
2.000000000000000000e+00 1.877773029627685375e+01
2.000000000000000000e+00 1.859083003773502796e+01
2.000000000000000000e+00 1.853092718236135283e+01
2.000000000000000000e+00 1.849452418078113070e+01
2.000000000000000000e+00 1.848646493532914903e+01
2.000000000000000000e+00 1.844299423672971372e+01
2.000000000000000000e+00 1.836753602240130689e+01
2.000000000000000000e+00 1.836705382677113363e+01
2.000000000000000000e+00 1.836705332168960680e+01
2.000000000000000000e+00 1.835559513368452400e+01
2.000000000000000000e+00 1.835559455113639871e+01
2.000000000000000000e+00 1.832481016759751213e+01
2.000000000000000000e+00 1.832480958253531966e+01
2.000000000000000000e+00 1.819053179951699306e+01
2.000000000000000000e+00 1.804726798959451628e+01
2.000000000000000000e+00 1.804726415303433384e+01
2.000000000000000000e+00 1.798993858883488883e+01
2.000000000000000000e+00 1.798025351549699025e+01
2.000000000000000000e+00 1.798025327249267846e+01
2.000000000000000000e+00 1.797536595411302685e+01
2.000000000000000000e+00 1.790759603349710360e+01
2.000000000000000000e+00 1.790759550179271642e+01
2.000000000000000000e+00 1.787413254609994695e+01
2.000000000000000000e+00 1.787223911694091782e+01
2.000000000000000000e+00 1.787045354296509814e+01
2.000000000000000000e+00 1.771750257943984153e+01
2.000000000000000000e+00 1.771750157922106084e+01
2.000000000000000000e+00 1.763288635398855320e+01
2.000000000000000000e+00 1.754720393957826019e+01
2.000000000000000000e+00 1.754720181668044177e+01
2.000000000000000000e+00 1.751514631113742482e+01
2.000000000000000000e+00 1.726391518916326717e+01
2.000000000000000000e+00 1.726391386232911529e+01
2.000000000000000000e+00 1.712196720192189048e+01
2.000000000000000000e+00 1.707597778137301248e+01
2.000000000000000000e+00 1.704925922320498444e+01
2.000000000000000000e+00 1.697654606130715749e+01
2.000000000000000000e+00 1.697654231532477809e+01
2.000000000000000000e+00 1.682259536470927941e+01
2.000000000000000000e+00 1.674806291819475135e+01
2.000000000000000000e+00 1.669237734323765565e+01
2.000000000000000000e+00 1.669237473679311279e+01
2.000000000000000000e+00 1.666215557680485304e+01
2.000000000000000000e+00 1.666215239756874311e+01
2.000000000000000000e+00 1.638169482925911069e+01
2.000000000000000000e+00 1.636222270759378006e+01
2.000000000000000000e+00 1.634224740757094452e+01
2.000000000000000000e+00 1.634224505986177789e+01
2.000000000000000000e+00 1.624546342060067872e+01
2.000000000000000000e+00 1.624546120371275038e+01
2.000000000000000000e+00 1.620780204357915011e+01
2.000000000000000000e+00 1.620780117162534495e+01
2.000000000000000000e+00 1.614447660904847837e+01
2.000000000000000000e+00 1.614197890437736760e+01
2.000000000000000000e+00 1.610521807327495836e+01
2.000000000000000000e+00 1.610521684573588175e+01
2.000000000000000000e+00 1.604354817669612387e+01
2.000000000000000000e+00 1.593669042155538662e+01
2.000000000000000000e+00 1.578115369467532503e+01
2.000000000000000000e+00 1.578115189537497720e+01
2.000000000000000000e+00 1.568235098770502134e+01
2.000000000000000000e+00 1.565194135026549027e+01
2.000000000000000000e+00 1.565193718481219953e+01
2.000000000000000000e+00 1.564836656117651081e+01
2.000000000000000000e+00 1.564529634406328640e+01
2.000000000000000000e+00 1.556916646444795838e+01
2.000000000000000000e+00 1.534927386482910627e+01
2.000000000000000000e+00 1.523685965391249830e+01
2.000000000000000000e+00 1.507122406934866454e+01
2.000000000000000000e+00 1.507122356816081066e+01
2.000000000000000000e+00 1.469302634222336934e+01
2.000000000000000000e+00 1.432536290884637964e+01
2.000000000000000000e+00 1.426244810091819737e+01
2.000000000000000000e+00 1.394124381380058786e+01
2.000000000000000000e+00 1.394124353380563086e+01
2.000000000000000000e+00 1.324971211450505493e+01
2.000000000000000000e+00 1.321401320358377163e+01
2.000000000000000000e+00 1.312081546311975444e+01
2.000000000000000000e+00 1.312081512846190279e+01
2.000000000000000000e+00 1.290022189441616440e+01
2.000000000000000000e+00 1.290022130816431556e+01
2.000000000000000000e+00 1.228382614396998918e+01
2.000000000000000000e+00 1.184084804696275839e+01
2.000000000000000000e+00 1.151032417217785842e+01
2.000000000000000000e+00 1.094463240743045951e+01
2.000000000000000000e+00 1.094463167336645704e+01
2.000000000000000000e+00 1.056954664014693712e+01
2.000000000000000000e+00 1.056954583898646227e+01
2.000000000000000000e+00 1.044503402661256430e+01
2.000000000000000000e+00 9.901708186504352582e+00
2.000000000000000000e+00 9.700618340912521731e+00
2.000000000000000000e+00 9.700618295095548405e+00
2.000000000000000000e+00 8.976623364816624928e+00
2.000000000000000000e+00 8.368697715062067388e+00
2.000000000000000000e+00 7.386922333128929985e+00
2.500000000000000000e+00 2.136012217871567387e+01
2.500000000000000000e+00 2.136012091937160307e+01
2.500000000000000000e+00 2.115522141150066915e+01
2.500000000000000000e+00 2.115522106949281778e+01
2.500000000000000000e+00 2.107750624867574629e+01
2.500000000000000000e+00 2.107750593224053048e+01
2.500000000000000000e+00 2.106676484186527532e+01
2.500000000000000000e+00 2.106676452881082895e+01
2.500000000000000000e+00 2.104408828480809746e+01
2.500000000000000000e+00 2.104408614256269416e+01
2.500000000000000000e+00 2.055143774873182849e+01
2.500000000000000000e+00 2.055143774873182849e+01
2.500000000000000000e+00 2.052405495681033543e+01
2.500000000000000000e+00 2.052405350130530692e+01
2.500000000000000000e+00 2.035473732488641474e+01
2.500000000000000000e+00 2.035473671048785960e+01
2.500000000000000000e+00 2.026074198459563291e+01
2.500000000000000000e+00 2.026074086603787805e+01
2.500000000000000000e+00 2.013715347290367319e+01
2.500000000000000000e+00 2.013715297864449383e+01
2.500000000000000000e+00 2.006651802826591080e+01
2.500000000000000000e+00 2.006651641633671446e+01
2.500000000000000000e+00 1.998642110097163638e+01
2.500000000000000000e+00 1.998641971939278861e+01
2.500000000000000000e+00 1.992991260684953758e+01
2.500000000000000000e+00 1.992991160248567795e+01
2.500000000000000000e+00 1.986313069462197589e+01
2.500000000000000000e+00 1.986313013093317181e+01
2.500000000000000000e+00 1.960411966462334732e+01
2.500000000000000000e+00 1.960411850445516890e+01
2.500000000000000000e+00 1.903470527280586211e+01
2.500000000000000000e+00 1.903470416498072737e+01
2.500000000000000000e+00 1.894305164183501233e+01
2.500000000000000000e+00 1.894305156696067272e+01
2.500000000000000000e+00 1.893989446288223277e+01
2.500000000000000000e+00 1.893989442556307168e+01
2.500000000000000000e+00 1.889587867989909853e+01
2.500000000000000000e+00 1.889587857276263705e+01
2.500000000000000000e+00 1.861000843896536949e+01
2.500000000000000000e+00 1.861000728516040326e+01
2.500000000000000000e+00 1.844809477309598122e+01
2.500000000000000000e+00 1.844809374612474784e+01
2.500000000000000000e+00 1.835557208168198429e+01
2.500000000000000000e+00 1.835557191524346266e+01
2.500000000000000000e+00 1.831997104214774197e+01
2.500000000000000000e+00 1.831997043983273699e+01
2.500000000000000000e+00 1.830873818717828527e+01
2.500000000000000000e+00 1.830873433572101305e+01
2.500000000000000000e+00 1.824928114884978569e+01
2.500000000000000000e+00 1.824927955876270858e+01
2.500000000000000000e+00 1.823421461051875170e+01
2.500000000000000000e+00 1.823421162531912287e+01
2.500000000000000000e+00 1.801313183869926959e+01
2.500000000000000000e+00 1.801313126258521891e+01
2.500000000000000000e+00 1.798755520058638169e+01
2.500000000000000000e+00 1.798755495580123664e+01
2.500000000000000000e+00 1.744583661835530108e+01
2.500000000000000000e+00 1.744583650945874709e+01
2.500000000000000000e+00 1.707158478253212408e+01
2.500000000000000000e+00 1.707158382036269018e+01
2.500000000000000000e+00 1.698817629968474208e+01
2.500000000000000000e+00 1.698817435442727231e+01
2.500000000000000000e+00 1.651074525243602409e+01
2.500000000000000000e+00 1.651074497951071152e+01
2.500000000000000000e+00 1.631706409546762870e+01
2.500000000000000000e+00 1.631706379473951074e+01
2.500000000000000000e+00 1.624888976536056262e+01
2.500000000000000000e+00 1.624888971474624455e+01
2.500000000000000000e+00 1.589834611566960909e+01
2.500000000000000000e+00 1.589834592138845615e+01
2.500000000000000000e+00 1.561760749450275121e+01
2.500000000000000000e+00 1.561760609050961435e+01
2.500000000000000000e+00 1.549623870683808669e+01
2.500000000000000000e+00 1.549623813097639236e+01
2.500000000000000000e+00 1.518867727414426128e+01
2.500000000000000000e+00 1.518867657199197119e+01
2.500000000000000000e+00 1.448125648638134777e+01
2.500000000000000000e+00 1.448125471612733151e+01
2.500000000000000000e+00 1.441071607792559561e+01
2.500000000000000000e+00 1.441071475721319572e+01
2.500000000000000000e+00 1.430537298147996772e+01
2.500000000000000000e+00 1.430537196930524146e+01
2.500000000000000000e+00 1.397247185990296536e+01
2.500000000000000000e+00 1.397246916727486088e+01
2.500000000000000000e+00 1.377340428554474627e+01
2.500000000000000000e+00 1.377340418442236469e+01
2.500000000000000000e+00 1.352357457942808772e+01
2.500000000000000000e+00 1.352357299180604677e+01
2.500000000000000000e+00 1.332477224686263284e+01
2.500000000000000000e+00 1.332476676781160663e+01
2.500000000000000000e+00 1.326482317080912665e+01
2.500000000000000000e+00 1.326482237580174761e+01
2.500000000000000000e+00 1.314270949227630148e+01
2.500000000000000000e+00 1.314270901243265754e+01
2.500000000000000000e+00 1.224068670831323402e+01
2.500000000000000000e+00 1.224068225259626708e+01
2.500000000000000000e+00 1.199315599461710491e+01
2.500000000000000000e+00 1.199315047022796143e+01
2.500000000000000000e+00 1.059125647412360038e+01
2.500000000000000000e+00 1.059125398148024999e+01
3.000000000000000000e+00 2.900574742566997344e+01
3.000000000000000000e+00 2.874724012034323550e+01
3.000000000000000000e+00 2.874588510658577789e+01
3.000000000000000000e+00 2.847527412128063418e+01
3.000000000000000000e+00 2.847527412128063418e+01
3.000000000000000000e+00 2.825047904192794945e+01
3.000000000000000000e+00 2.776700426369529495e+01
3.000000000000000000e+00 2.776649561668534716e+01
3.000000000000000000e+00 2.776344915583718276e+01
3.000000000000000000e+00 2.772882120983259924e+01
3.000000000000000000e+00 2.737752308492654763e+01
3.000000000000000000e+00 2.705333644111894031e+01
3.000000000000000000e+00 2.618668109032249802e+01
3.000000000000000000e+00 2.616589398515375819e+01
3.000000000000000000e+00 2.616579138422000028e+01
3.000000000000000000e+00 2.604118059989660594e+01
3.000000000000000000e+00 2.537854258471901048e+01
3.000000000000000000e+00 2.537849589501875158e+01
3.000000000000000000e+00 2.536994188084165813e+01
3.000000000000000000e+00 2.528935273333454603e+01
3.000000000000000000e+00 2.427316748729767681e+01
3.000000000000000000e+00 2.399273275791567173e+01
3.000000000000000000e+00 2.367916346436778596e+01
3.000000000000000000e+00 2.367915066204629682e+01
3.000000000000000000e+00 2.359198709223518264e+01
3.000000000000000000e+00 2.310731602152803177e+01
3.000000000000000000e+00 2.310731361262375927e+01
3.000000000000000000e+00 2.309017267630060033e+01
3.000000000000000000e+00 2.269037196029582759e+01
3.000000000000000000e+00 2.253081266101310831e+01
3.000000000000000000e+00 2.242855300499818227e+01
3.000000000000000000e+00 2.242855300499818227e+01
3.000000000000000000e+00 2.199401107192469595e+01
3.000000000000000000e+00 2.139441013440433181e+01
3.000000000000000000e+00 2.139440969997974662e+01
3.000000000000000000e+00 2.139440883113114111e+01
3.000000000000000000e+00 2.139440796228328878e+01
3.000000000000000000e+00 2.139401966286046886e+01
3.000000000000000000e+00 2.124723470625162491e+01
3.000000000000000000e+00 2.124723433128126970e+01
3.000000000000000000e+00 2.118202807044252722e+01
3.000000000000000000e+00 2.114457616230352954e+01
3.000000000000000000e+00 2.111901370545986367e+01
3.000000000000000000e+00 2.111901172638528124e+01
3.000000000000000000e+00 2.103732001011276864e+01
3.000000000000000000e+00 2.102257539892210758e+01
3.000000000000000000e+00 2.084412155152637780e+01
3.000000000000000000e+00 2.084412155152637780e+01
3.000000000000000000e+00 2.072076466568998399e+01
3.000000000000000000e+00 2.054391066782248032e+01
3.000000000000000000e+00 2.015015634755680551e+01
3.000000000000000000e+00 2.014631962788194386e+01
3.000000000000000000e+00 2.003840252456380000e+01
3.000000000000000000e+00 2.003840241261799093e+01
3.000000000000000000e+00 2.002858675165913027e+01
3.000000000000000000e+00 1.995650758144952874e+01
3.000000000000000000e+00 1.968612745857432600e+01
3.000000000000000000e+00 1.968612265742135747e+01
3.000000000000000000e+00 1.959307157825340084e+01
3.000000000000000000e+00 1.943847663756206146e+01
3.000000000000000000e+00 1.938729762515972155e+01
3.000000000000000000e+00 1.938729721652567051e+01
3.000000000000000000e+00 1.860687473450599683e+01
3.000000000000000000e+00 1.860687139091971432e+01
3.000000000000000000e+00 1.795236307706440471e+01
3.000000000000000000e+00 1.763426679463788105e+01
3.000000000000000000e+00 1.763426610691456276e+01
3.000000000000000000e+00 1.759325943251505109e+01
3.000000000000000000e+00 1.734598513118486451e+01
3.000000000000000000e+00 1.731821774145144133e+01
3.000000000000000000e+00 1.720002611802097192e+01
3.000000000000000000e+00 1.709059434104505470e+01
3.000000000000000000e+00 1.688148277196443914e+01
3.000000000000000000e+00 1.688148008981573511e+01
3.000000000000000000e+00 1.681453305242217766e+01
3.000000000000000000e+00 1.681453171130924673e+01
3.000000000000000000e+00 1.639557858046457639e+01
3.000000000000000000e+00 1.636876400644009166e+01
3.000000000000000000e+00 1.633840845018089993e+01
3.000000000000000000e+00 1.597951549401373406e+01
3.000000000000000000e+00 1.596083297644144494e+01
3.000000000000000000e+00 1.596083174507775482e+01
3.000000000000000000e+00 1.579923385406156378e+01
3.000000000000000000e+00 1.571270438666619285e+01
3.000000000000000000e+00 1.566523444907125828e+01
3.000000000000000000e+00 1.541472611444829077e+01
3.000000000000000000e+00 1.541472464847442403e+01
3.000000000000000000e+00 1.514491082075346995e+01
3.000000000000000000e+00 1.514490988520543979e+01
3.000000000000000000e+00 1.504178826523968127e+01
3.000000000000000000e+00 1.492955415740774328e+01
3.000000000000000000e+00 1.449311751709060481e+01
3.000000000000000000e+00 1.449311680526200163e+01
3.000000000000000000e+00 1.426650281210651627e+01
3.000000000000000000e+00 1.365548097798509275e+01
3.000000000000000000e+00 1.359409310541676952e+01
3.000000000000000000e+00 1.359408796484720838e+01
3.000000000000000000e+00 1.312736372508866367e+01
3.000000000000000000e+00 1.127361332340916356e+01
3.000000000000000000e+00 7.158363582816885895e+00
3.500000000000000000e+00 3.242947040785490032e+01
3.500000000000000000e+00 3.242946978073260311e+01
3.500000000000000000e+00 2.939552151261340640e+01
3.500000000000000000e+00 2.939552141654838735e+01
3.500000000000000000e+00 2.792079057229002004e+01
3.500000000000000000e+00 2.792078987818432623e+01
3.500000000000000000e+00 2.631956352127053123e+01
3.500000000000000000e+00 2.631956332552872979e+01
3.500000000000000000e+00 2.385366119113001915e+01
3.500000000000000000e+00 2.385366068919058691e+01
3.500000000000000000e+00 2.385303975863881476e+01
3.500000000000000000e+00 2.385303953151227674e+01
3.500000000000000000e+00 2.367931432096576216e+01
3.500000000000000000e+00 2.367931353820257101e+01
3.500000000000000000e+00 2.361504006033234759e+01
3.500000000000000000e+00 2.361503948643090567e+01
3.500000000000000000e+00 2.304467593828400851e+01
3.500000000000000000e+00 2.304467519589773516e+01
3.500000000000000000e+00 2.226100072741540004e+01
3.500000000000000000e+00 2.226100058515752522e+01
3.500000000000000000e+00 2.225966363204182485e+01
3.500000000000000000e+00 2.225966295658266603e+01
3.500000000000000000e+00 2.206236964529337286e+01
3.500000000000000000e+00 2.206236933596710159e+01
3.500000000000000000e+00 2.193160647261463225e+01
3.500000000000000000e+00 2.193160589607556332e+01
3.500000000000000000e+00 2.134958599072701446e+01
3.500000000000000000e+00 2.134958562353333278e+01
3.500000000000000000e+00 1.963986849251929812e+01
3.500000000000000000e+00 1.963986736888828588e+01
3.500000000000000000e+00 1.880283975434748100e+01
3.500000000000000000e+00 1.880283958032350355e+01
3.500000000000000000e+00 1.868033561296497069e+01
3.500000000000000000e+00 1.868033511550125425e+01
3.500000000000000000e+00 1.787721721972413746e+01
3.500000000000000000e+00 1.787721650959450415e+01
3.500000000000000000e+00 1.787071998036348575e+01
3.500000000000000000e+00 1.787071849188363259e+01
3.500000000000000000e+00 1.783877293069165404e+01
3.500000000000000000e+00 1.783877239200867493e+01
3.500000000000000000e+00 1.762634452873748714e+01
3.500000000000000000e+00 1.762634321377898772e+01
3.500000000000000000e+00 1.760807309156475142e+01
3.500000000000000000e+00 1.760807305648292953e+01
3.500000000000000000e+00 1.741572509077128572e+01
3.500000000000000000e+00 1.741572349368755468e+01
3.500000000000000000e+00 1.680203763361054214e+01
3.500000000000000000e+00 1.680203731704784786e+01
3.500000000000000000e+00 1.665581447346136201e+01
3.500000000000000000e+00 1.665581385458879637e+01
3.500000000000000000e+00 1.604855384526305428e+01
3.500000000000000000e+00 1.604855167987585318e+01
3.500000000000000000e+00 1.392698394073961410e+01
3.500000000000000000e+00 1.392698307197099616e+01
3.500000000000000000e+00 1.249090205780900575e+01
3.500000000000000000e+00 1.249090200715537691e+01
3.500000000000000000e+00 1.218956008429147886e+01
3.500000000000000000e+00 1.218955992721111770e+01
3.500000000000000000e+00 1.176461553065638377e+01
3.500000000000000000e+00 1.176461534209912507e+01
4.000000000000000000e+00 2.993763191016144631e+01
4.000000000000000000e+00 2.489234306760481985e+01
4.000000000000000000e+00 2.484422588790139130e+01
4.000000000000000000e+00 2.483265181022261103e+01
4.000000000000000000e+00 2.483265163877192094e+01
4.000000000000000000e+00 2.245536875873933624e+01
4.000000000000000000e+00 2.190059591929257010e+01
4.000000000000000000e+00 2.150016502125420814e+01
4.000000000000000000e+00 2.113710735228954718e+01
4.000000000000000000e+00 2.113710587569439170e+01
4.000000000000000000e+00 1.965591073418408286e+01
4.000000000000000000e+00 1.965591023453943720e+01
4.000000000000000000e+00 1.958944559300606514e+01
4.000000000000000000e+00 1.906629919821761732e+01
4.000000000000000000e+00 1.896116859892019590e+01
4.000000000000000000e+00 1.896116703307595230e+01
4.000000000000000000e+00 1.880981741902281357e+01
4.000000000000000000e+00 1.805868372350467510e+01
4.000000000000000000e+00 1.767978520374620288e+01
4.000000000000000000e+00 1.767978461380720390e+01
4.000000000000000000e+00 1.717948099401490225e+01
4.000000000000000000e+00 1.636819293204764492e+01
4.000000000000000000e+00 1.577688605465482041e+01
4.000000000000000000e+00 1.423697704344347770e+01
4.000000000000000000e+00 1.419808945527532273e+01
4.000000000000000000e+00 1.419808928487261213e+01
4.000000000000000000e+00 1.313382258510277367e+01
4.000000000000000000e+00 1.282262633926502637e+01
4.500000000000000000e+00 2.119522709212100153e+01
4.500000000000000000e+00 2.119522577716263712e+01
4.500000000000000000e+00 2.095085181401625363e+01
4.500000000000000000e+00 2.095085032553650350e+01
4.500000000000000000e+00 1.656190734931731257e+01
4.500000000000000000e+00 1.656190667385755688e+01
4.500000000000000000e+00 1.496790961670805231e+01
4.500000000000000000e+00 1.496790911476961838e+01
5.000000000000000000e+00 1.742716178792223403e+01
