-5.000000000000000000e+00 3.065998478576355879e+01
-4.500000000000000000e+00 3.826781266898984768e+01
-4.500000000000000000e+00 3.826781266877332399e+01
-4.500000000000000000e+00 3.649922107322718290e+01
-4.500000000000000000e+00 3.649922107322412757e+01
-4.500000000000000000e+00 2.579278595877727653e+01
-4.500000000000000000e+00 2.579278595877716285e+01
-4.500000000000000000e+00 2.487576568379379438e+01
-4.500000000000000000e+00 2.487576568379371977e+01
-4.000000000000000000e+00 4.591623956578415289e+01
-4.000000000000000000e+00 4.416062295185273001e+01
-4.000000000000000000e+00 4.415847082893735376e+01
-4.000000000000000000e+00 4.415847072421987463e+01
-4.000000000000000000e+00 4.415847072258687689e+01
-4.000000000000000000e+00 4.239658543052234307e+01
-4.000000000000000000e+00 3.346244477814337870e+01
-4.000000000000000000e+00 3.346244477813221607e+01
-4.000000000000000000e+00 3.346244477804719963e+01
-4.000000000000000000e+00 3.325502545568098611e+01
-4.000000000000000000e+00 3.250770290329045054e+01
-4.000000000000000000e+00 3.238491851103702857e+01
-4.000000000000000000e+00 3.238491851103042052e+01
-4.000000000000000000e+00 3.238491851096583929e+01
-4.000000000000000000e+00 3.162365594198897867e+01
-4.000000000000000000e+00 3.150385764853382398e+01
-4.000000000000000000e+00 3.150385764849880843e+01
-4.000000000000000000e+00 3.150385764849280079e+01
-4.000000000000000000e+00 3.077585974208791697e+01
-4.000000000000000000e+00 3.077585974208392017e+01
-4.000000000000000000e+00 3.077585974207915953e+01
-4.000000000000000000e+00 3.053638044444943134e+01
-4.000000000000000000e+00 2.096972997270519556e+01
-4.000000000000000000e+00 2.006186429814929539e+01
-4.000000000000000000e+00 2.006129603754790125e+01
-4.000000000000000000e+00 2.006129603754787638e+01
-4.000000000000000000e+00 2.006129603754787283e+01
-4.000000000000000000e+00 1.915026378291032216e+01
-3.500000000000000000e+00 5.190404496871370554e+01
-3.500000000000000000e+00 5.163947882909977238e+01
-3.500000000000000000e+00 5.020136226129621093e+01
-3.500000000000000000e+00 5.015932473689499460e+01
-3.500000000000000000e+00 4.113014560492219118e+01
-3.500000000000000000e+00 4.113013594717733667e+01
-3.500000000000000000e+00 3.995277407783297718e+01
-3.500000000000000000e+00 3.995277208681195447e+01
-3.500000000000000000e+00 3.944135654252019663e+01
-3.500000000000000000e+00 3.944135320714389081e+01
-3.500000000000000000e+00 3.923985047058032194e+01
-3.500000000000000000e+00 3.923985010635956883e+01
-3.500000000000000000e+00 3.923985001788059179e+01
-3.500000000000000000e+00 3.923984543544480630e+01
-3.500000000000000000e+00 3.877233604476518281e+01
-3.500000000000000000e+00 3.877233585256107773e+01
-3.500000000000000000e+00 3.852159558226055225e+01
-3.500000000000000000e+00 3.852159531088896216e+01
-3.500000000000000000e+00 3.832283019288025372e+01
-3.500000000000000000e+00 3.832282992197595917e+01
-3.500000000000000000e+00 3.832282984173527041e+01
-3.500000000000000000e+00 3.832282899187485015e+01
-3.500000000000000000e+00 3.802356676916212308e+01
-3.500000000000000000e+00 3.802356665068542441e+01
-3.500000000000000000e+00 3.711005935462929983e+01
-3.500000000000000000e+00 3.711005901227265014e+01
-3.500000000000000000e+00 3.667578154209149233e+01
-3.500000000000000000e+00 3.667578140955015442e+01
-3.500000000000000000e+00 3.611542682547521110e+01
-3.500000000000000000e+00 3.611542682545624672e+01
-3.500000000000000000e+00 2.853506382683779208e+01
-3.500000000000000000e+00 2.853506382674797948e+01
-3.500000000000000000e+00 2.763750558179024708e+01
-3.500000000000000000e+00 2.763750558177137151e+01
-3.500000000000000000e+00 2.761639474003752426e+01
-3.500000000000000000e+00 2.761639474003733952e+01
-3.500000000000000000e+00 2.761639474003730044e+01
-3.500000000000000000e+00 2.761639474003686345e+01
-3.500000000000000000e+00 2.760596730952125455e+01
-3.500000000000000000e+00 2.760596730950106092e+01
-3.500000000000000000e+00 2.675334746150328868e+01
-3.500000000000000000e+00 2.675334746150271670e+01
-3.500000000000000000e+00 2.671934542583154126e+01
-3.500000000000000000e+00 2.671934542582586047e+01
-3.500000000000000000e+00 2.588176038612052210e+01
-3.500000000000000000e+00 2.588176038612039065e+01
-3.500000000000000000e+00 2.585817497987680369e+01
-3.500000000000000000e+00 2.585817497987391533e+01
-3.500000000000000000e+00 2.584780314427210612e+01
-3.500000000000000000e+00 2.584780314427204218e+01
-3.500000000000000000e+00 2.584780314427189651e+01
-3.500000000000000000e+00 2.584780314427187164e+01
-3.500000000000000000e+00 2.584228000762104926e+01
-3.500000000000000000e+00 2.584228000762053767e+01
-3.500000000000000000e+00 2.492273361015134014e+01
-3.500000000000000000e+00 2.492273361014970234e+01
-3.500000000000000000e+00 1.523904401119293972e+01
-3.500000000000000000e+00 1.523904401119293439e+01
-3.500000000000000000e+00 1.432986747260020266e+01
-3.500000000000000000e+00 1.432986747260019911e+01
-3.000000000000000000e+00 nan
-3.000000000000000000e+00 nan
-3.000000000000000000e+00 nan
-3.000000000000000000e+00 nan
-3.000000000000000000e+00 nan
-3.000000000000000000e+00 nan
-3.000000000000000000e+00 nan
-3.000000000000000000e+00 nan
-3.000000000000000000e+00 nan
-3.000000000000000000e+00 nan
-3.000000000000000000e+00 nan
-3.000000000000000000e+00 nan
-3.000000000000000000e+00 inf
-3.000000000000000000e+00 inf
-3.000000000000000000e+00 inf
-3.000000000000000000e+00 inf
-3.000000000000000000e+00 inf
-3.000000000000000000e+00 3.604365338911715355e+01
-3.000000000000000000e+00 3.604365338911715355e+01
-3.000000000000000000e+00 3.604365338911715355e+01
-3.000000000000000000e+00 3.604365338911715355e+01
-3.000000000000000000e+00 3.604365338911715355e+01
-3.000000000000000000e+00 3.604365338911715355e+01
-3.000000000000000000e+00 3.604365338911715355e+01
-3.000000000000000000e+00 3.535050620855721348e+01
-3.000000000000000000e+00 3.535050620855721348e+01
-3.000000000000000000e+00 3.494504110044904621e+01
-3.000000000000000000e+00 3.494504110044904621e+01
-3.000000000000000000e+00 3.465735902799726631e+01
-3.000000000000000000e+00 3.425189391988909904e+01
-3.000000000000000000e+00 3.425189391988909904e+01
-3.000000000000000000e+00 3.409774324006184543e+01
-3.000000000000000000e+00 3.396421184743731914e+01
-3.000000000000000000e+00 3.384642881178093887e+01
-3.000000000000000000e+00 3.374106829612311031e+01
-3.000000000000000000e+00 3.364575811631878821e+01
-3.000000000000000000e+00 3.364575811631878821e+01
-3.000000000000000000e+00 3.364575811631878821e+01
-3.000000000000000000e+00 3.347870403165561726e+01
-3.000000000000000000e+00 3.347870403165561726e+01
-3.000000000000000000e+00 3.347870403165561726e+01
-3.000000000000000000e+00 3.340459605950189825e+01
-3.000000000000000000e+00 3.340459605950189825e+01
-3.000000000000000000e+00 3.340459605950189825e+01
-3.000000000000000000e+00 3.340459605950189825e+01
-3.000000000000000000e+00 3.340459605950189825e+01
-3.000000000000000000e+00 3.333560318801494304e+01
-3.000000000000000000e+00 3.333560318801494304e+01
-3.000000000000000000e+00 3.327106466687737196e+01
-3.000000000000000000e+00 3.327106466687737196e+01
-3.000000000000000000e+00 3.327106466687737196e+01
-3.000000000000000000e+00 3.321044004506094183e+01
-3.000000000000000000e+00 3.321044004506094183e+01
-3.000000000000000000e+00 3.251729286450099465e+01
-3.000000000000000000e+00 3.251729286450099465e+01
-3.000000000000000000e+00 3.248830532762774226e+01
-3.000000000000000000e+00 3.243273547647293498e+01
-3.000000000000000000e+00 3.233008132241285182e+01
-3.000000000000000000e+00 3.168694456242756274e+01
-3.000000000000000000e+00 3.167420553665013472e+01
-3.000000000000000000e+00 3.166162675444327590e+01
-3.000000000000000000e+00 3.164920423444471709e+01
-3.000000000000000000e+00 3.163693414185290465e+01
-3.000000000000000000e+00 3.161283659027384374e+01
-3.000000000000000000e+00 3.161283659027384374e+01
-3.000000000000000000e+00 3.120737148216567647e+01
-3.000000000000000000e+00 3.120737148216567647e+01
-3.000000000000000000e+00 3.119162312519753755e+01
-3.000000000000000000e+00 3.117611893866157402e+01
-3.000000000000000000e+00 3.113099850338110386e+01
-3.000000000000000000e+00 3.094990318831039389e+01
-3.000000000000000000e+00 3.027846228633231007e+01
-3.000000000000000000e+00 3.027221226598713955e+01
-3.000000000000000000e+00 3.027221226598713955e+01
-3.000000000000000000e+00 3.026290987332482629e+01
-3.000000000000000000e+00 2.280350519828024503e+01
-3.000000000000000000e+00 2.280350164273733427e+01
-3.000000000000000000e+00 2.280350164273733427e+01
-3.000000000000000000e+00 2.280336298642344772e+01
-3.000000000000000000e+00 2.189462495435810396e+01
-3.000000000000000000e+00 2.189149989481597913e+01
-3.000000000000000000e+00 2.189149632400337353e+01
-3.000000000000000000e+00 2.189149560984238363e+01
-3.000000000000000000e+00 2.106687629547720775e+01
-3.000000000000000000e+00 2.106687598238786663e+01
-3.000000000000000000e+00 2.106687598238786663e+01
-3.000000000000000000e+00 2.106687535620947926e+01
-3.000000000000000000e+00 2.102379009900866080e+01
-3.000000000000000000e+00 2.102345338367700123e+01
-3.000000000000000000e+00 2.102345338367700123e+01
-3.000000000000000000e+00 2.102345278410701113e+01
-3.000000000000000000e+00 2.015591663256725852e+01
-3.000000000000000000e+00 2.015591663256725852e+01
-3.000000000000000000e+00 2.015591650666208778e+01
-3.000000000000000000e+00 2.015591650666208778e+01
-3.000000000000000000e+00 2.011599392972745903e+01
-3.000000000000000000e+00 2.011599356679437278e+01
-3.000000000000000000e+00 2.011599332483905656e+01
-3.000000000000000000e+00 2.011529286769926372e+01
-3.000000000000000000e+00 9.507971664878947848e+00
-2.500000000000000000e+00 3.604365338911715355e+01
-2.500000000000000000e+00 3.604365338911715355e+01
-2.500000000000000000e+00 3.604365338911715355e+01
-2.500000000000000000e+00 3.535050620855721348e+01
-2.500000000000000000e+00 3.535050620855721348e+01
-2.500000000000000000e+00 3.535050620855721348e+01
-2.500000000000000000e+00 3.535050620855721348e+01
-2.500000000000000000e+00 3.535050620855721348e+01
-2.500000000000000000e+00 3.535050620855721348e+01
-2.500000000000000000e+00 3.535050620855721348e+01
-2.500000000000000000e+00 3.535050620855721348e+01
-2.500000000000000000e+00 3.535050620855721348e+01
-2.500000000000000000e+00 3.535050620855721348e+01
-2.500000000000000000e+00 3.535050620855721348e+01
-2.500000000000000000e+00 3.494504110044904621e+01
-2.500000000000000000e+00 3.465735902799726631e+01
-2.500000000000000000e+00 3.034992125031445553e+01
-2.500000000000000000e+00 3.034992125031445553e+01
-2.500000000000000000e+00 2.945886199673143935e+01
-2.500000000000000000e+00 2.945886199673143935e+01
-2.500000000000000000e+00 2.864486711369720950e+01
-2.500000000000000000e+00 2.864486711369720950e+01
-2.500000000000000000e+00 2.861650925570853943e+01
-2.500000000000000000e+00 2.861650925570853943e+01
-2.500000000000000000e+00 2.861591454858426431e+01
-2.500000000000000000e+00 2.861591454858426431e+01
-2.500000000000000000e+00 2.861532019492635115e+01
-2.500000000000000000e+00 2.861532019492635115e+01
-2.500000000000000000e+00 2.860291968172789367e+01
-2.500000000000000000e+00 2.860233299939953966e+01
-2.500000000000000000e+00 2.858893343975315560e+01
-2.500000000000000000e+00 2.858835490343386709e+01
-2.500000000000000000e+00 2.858777670162533013e+01
-2.500000000000000000e+00 2.858719883394094552e+01
-2.500000000000000000e+00 2.858604409940155122e+01
-2.500000000000000000e+00 2.858546723177666848e+01
-2.500000000000000000e+00 2.772539906031830981e+01
-2.500000000000000000e+00 2.772539906031830981e+01
-2.500000000000000000e+00 2.772515506861281764e+01
-2.500000000000000000e+00 2.772491113642475824e+01
-2.500000000000000000e+00 2.772442345048483148e+01
-2.500000000000000000e+00 2.772417969667496962e+01
-2.500000000000000000e+00 2.771278977589241066e+01
-2.500000000000000000e+00 2.771254884106411609e+01
-2.500000000000000000e+00 2.769157071776452028e+01
-2.500000000000000000e+00 2.769109901964256437e+01
-2.500000000000000000e+00 2.767194850444952436e+01
-2.500000000000000000e+00 2.767171721035805732e+01
-2.500000000000000000e+00 2.767171721035805732e+01
-2.500000000000000000e+00 2.767102364889226962e+01
-2.500000000000000000e+00 2.765816468869834566e+01
-2.500000000000000000e+00 2.765770848431087359e+01
-2.500000000000000000e+00 2.685955432834619927e+01
-2.500000000000000000e+00 2.685945167475066953e+01
-2.500000000000000000e+00 2.685945167475066953e+01
-2.500000000000000000e+00 2.685934903169181354e+01
-2.500000000000000000e+00 2.685924639916747836e+01
-2.500000000000000000e+00 2.685904116571370537e+01
-2.500000000000000000e+00 2.684558804801658738e+01
-2.500000000000000000e+00 2.684528438892219171e+01
-2.500000000000000000e+00 2.680589242156498031e+01
-2.500000000000000000e+00 2.680560057857443823e+01
-2.500000000000000000e+00 2.637235013254738547e+01
-2.500000000000000000e+00 2.637228706692758706e+01
-2.500000000000000000e+00 2.594867808467082781e+01
-2.500000000000000000e+00 2.594838912101631934e+01
-2.500000000000000000e+00 2.592929731614243138e+01
-2.500000000000000000e+00 2.592925682293516232e+01
-2.500000000000000000e+00 2.592925682293516232e+01
-2.500000000000000000e+00 2.592913535315062035e+01
-2.500000000000000000e+00 2.592913535315062035e+01
-2.500000000000000000e+00 2.592901389811919799e+01
-2.500000000000000000e+00 2.590276441352011716e+01
-2.500000000000000000e+00 2.590276441352011716e+01
-2.500000000000000000e+00 2.546581928548480178e+01
-2.500000000000000000e+00 2.546571739282862623e+01
-2.500000000000000000e+00 2.546459725829537746e+01
-2.500000000000000000e+00 2.546457181526867330e+01
-2.500000000000000000e+00 2.546452093115722448e+01
-2.500000000000000000e+00 2.546452093115722448e+01
-2.500000000000000000e+00 2.546449549007241586e+01
-2.500000000000000000e+00 2.546447004963483707e+01
-2.500000000000000000e+00 2.455104288266233681e+01
-2.500000000000000000e+00 2.455103267748729223e+01
-2.500000000000000000e+00 1.707158581960201005e+01
-2.500000000000000000e+00 1.707158580807900705e+01
-2.500000000000000000e+00 1.624446001079563473e+01
-2.500000000000000000e+00 1.624446000827610348e+01
-2.500000000000000000e+00 1.533526977158243199e+01
-2.500000000000000000e+00 1.533526977056743767e+01
-2.500000000000000000e+00 1.533526976955244514e+01
-2.500000000000000000e+00 1.533526976853745083e+01
-2.500000000000000000e+00 1.533526976752245652e+01
-2.500000000000000000e+00 1.533526976650746398e+01
-2.500000000000000000e+00 1.533512659872753758e+01
-2.500000000000000000e+00 1.533512659771268893e+01
-2.500000000000000000e+00 1.529297189385154176e+01
-2.500000000000000000e+00 1.529297189287858494e+01
-2.500000000000000000e+00 1.442665780187251556e+01
-2.500000000000000000e+00 1.442665780146338861e+01
-2.000000000000000000e+00 3.198321037857073534e+01
-2.000000000000000000e+00 3.168694456242756274e+01
-2.000000000000000000e+00 3.167420553665013472e+01
-2.000000000000000000e+00 3.164920423444471709e+01
-2.000000000000000000e+00 3.164920423444471709e+01
-2.000000000000000000e+00 3.135230550688801188e+01
-2.000000000000000000e+00 3.134317302332474142e+01
-2.000000000000000000e+00 3.131626557040481629e+01
-2.000000000000000000e+00 3.129006319801079172e+01
-2.000000000000000000e+00 3.127296876465149111e+01
-2.000000000000000000e+00 3.126452989600562660e+01
-2.000000000000000000e+00 3.126452989600562660e+01
-2.000000000000000000e+00 3.125616164633510863e+01
-2.000000000000000000e+00 3.125616164633510863e+01
-2.000000000000000000e+00 3.125616164633510863e+01
-2.000000000000000000e+00 3.125616164633510863e+01
-2.000000000000000000e+00 3.124786284352041577e+01
-2.000000000000000000e+00 3.123146903374473737e+01
-2.000000000000000000e+00 3.123146903374473737e+01
-2.000000000000000000e+00 3.123146903374473737e+01
-2.000000000000000000e+00 3.123146903374473737e+01
-2.000000000000000000e+00 3.122337182351212093e+01
-2.000000000000000000e+00 3.122337182351212093e+01
-2.000000000000000000e+00 3.121533965181485470e+01
-2.000000000000000000e+00 3.121533965181485470e+01
-2.000000000000000000e+00 3.029426040320890223e+01
-2.000000000000000000e+00 3.029108075029152403e+01
-2.000000000000000000e+00 3.029108075029152403e+01
-2.000000000000000000e+00 3.028475161523987680e+01
-2.000000000000000000e+00 2.463257240607997289e+01
-2.000000000000000000e+00 2.380929945604908937e+01
-2.000000000000000000e+00 2.380929945604908937e+01
-2.000000000000000000e+00 2.380928487443213371e+01
-2.000000000000000000e+00 2.380928001394039839e+01
-2.000000000000000000e+00 2.290054077377038055e+01
-2.000000000000000000e+00 2.290053685591987076e+01
-2.000000000000000000e+00 2.290053685591987076e+01
-2.000000000000000000e+00 2.290053293808470869e+01
-2.000000000000000000e+00 2.289723369907931882e+01
-2.000000000000000000e+00 2.289722784171206982e+01
-2.000000000000000000e+00 2.289722784171206982e+01
-2.000000000000000000e+00 2.289722393681962842e+01
-2.000000000000000000e+00 2.289722393681962842e+01
-2.000000000000000000e+00 2.289722393681962842e+01
-2.000000000000000000e+00 2.289722393681962842e+01
-2.000000000000000000e+00 2.289721807950956034e+01
-2.000000000000000000e+00 2.289462276463116552e+01
-2.000000000000000000e+00 2.289462276463116552e+01
-2.000000000000000000e+00 2.289461886989801442e+01
-2.000000000000000000e+00 2.289461692253712499e+01
-2.000000000000000000e+00 2.285917943564992427e+01
-2.000000000000000000e+00 2.285694525934721355e+01
-2.000000000000000000e+00 2.285694150862754270e+01
-2.000000000000000000e+00 2.285693213188991635e+01
-2.000000000000000000e+00 2.202875441200117379e+01
-2.000000000000000000e+00 2.202875277353926364e+01
-2.000000000000000000e+00 2.202875277353926364e+01
-2.000000000000000000e+00 2.202874949662349735e+01
-2.000000000000000000e+00 2.199327231032125241e+01
-2.000000000000000000e+00 2.199327231032125241e+01
-2.000000000000000000e+00 2.199327151964834570e+01
-2.000000000000000000e+00 2.199327072897606428e+01
-2.000000000000000000e+00 2.116153011097432213e+01
-2.000000000000000000e+00 2.112316087197709535e+01
-2.000000000000000000e+00 2.112316054076029204e+01
-2.000000000000000000e+00 2.112316020954359885e+01
-2.000000000000000000e+00 2.112315987832701580e+01
-2.000000000000000000e+00 2.112121521088105780e+01
-2.000000000000000000e+00 2.112121488030806304e+01
-2.000000000000000000e+00 2.112121488030806304e+01
-2.000000000000000000e+00 2.112121488030806304e+01
-2.000000000000000000e+00 2.112121488030806304e+01
-2.000000000000000000e+00 2.112121421916240394e+01
-2.000000000000000000e+00 2.112121421916240394e+01
-2.000000000000000000e+00 2.112121421916240394e+01
-2.000000000000000000e+00 2.111985549704390763e+01
-2.000000000000000000e+00 2.111985549704390763e+01
-2.000000000000000000e+00 2.111985516692009313e+01
-2.000000000000000000e+00 2.111985417654930330e+01
-2.000000000000000000e+00 2.107703360609830412e+01
-2.000000000000000000e+00 2.064191684306923946e+01
-2.000000000000000000e+00 2.064191663837257451e+01
-2.000000000000000000e+00 2.064191663837257451e+01
-2.000000000000000000e+00 2.064191561488989279e+01
-2.000000000000000000e+00 2.020754538798730238e+01
-2.000000000000000000e+00 2.020754472510634869e+01
-2.000000000000000000e+00 2.020754472510634869e+01
-2.000000000000000000e+00 2.020754459253021196e+01
-2.000000000000000000e+00 1.973286498199358618e+01
-2.000000000000000000e+00 1.973286489952005596e+01
-2.000000000000000000e+00 1.973286473457301682e+01
-2.000000000000000000e+00 1.973286473457301682e+01
-2.000000000000000000e+00 1.051338896907664022e+01
-2.000000000000000000e+00 1.051338896906029596e+01
-2.000000000000000000e+00 1.051338896904395170e+01
-2.000000000000000000e+00 1.051338896901943443e+01
-2.000000000000000000e+00 9.604085817420152438e+00
-2.000000000000000000e+00 9.604085817413567483e+00
-2.000000000000000000e+00 9.604085817410275894e+00
-2.000000000000000000e+00 9.604085817403692715e+00
-1.500000000000000000e+00 2.778471292612869803e+01
-1.500000000000000000e+00 2.778367772934888080e+01
-1.500000000000000000e+00 2.777312829406208650e+01
-1.500000000000000000e+00 2.777312829406208650e+01
-1.500000000000000000e+00 2.777287237595448133e+01
-1.500000000000000000e+00 2.777287237595448133e+01
-1.500000000000000000e+00 2.777261652332420283e+01
-1.500000000000000000e+00 2.777236073613774536e+01
-1.500000000000000000e+00 2.729868737800304501e+01
-1.500000000000000000e+00 2.729868737800304501e+01
-1.500000000000000000e+00 2.729217890197625351e+01
-1.500000000000000000e+00 2.729170433105854343e+01
-1.500000000000000000e+00 2.729170433105854343e+01
-1.500000000000000000e+00 2.729154619078779476e+01
-1.500000000000000000e+00 2.729138807552143575e+01
-1.500000000000000000e+00 2.729138807552143575e+01
-1.500000000000000000e+00 2.694469160512436190e+01
-1.500000000000000000e+00 2.694457982956955888e+01
-1.500000000000000000e+00 2.693247058867419241e+01
-1.500000000000000000e+00 2.693224976500099643e+01
-1.500000000000000000e+00 2.690771333971722257e+01
-1.500000000000000000e+00 2.690717486573942807e+01
-1.500000000000000000e+00 2.690706720572963562e+01
-1.500000000000000000e+00 2.690706720572963562e+01
-1.500000000000000000e+00 2.690685192047584451e+01
-1.500000000000000000e+00 2.690674429522685784e+01
-1.500000000000000000e+00 2.647082500188794896e+01
-1.500000000000000000e+00 2.647040752345160541e+01
-1.500000000000000000e+00 2.647019884957333957e+01
-1.500000000000000000e+00 2.647019884957333957e+01
-1.500000000000000000e+00 2.646999021923077677e+01
-1.500000000000000000e+00 2.646999021923077677e+01
-1.500000000000000000e+00 2.646985115651326836e+01
-1.500000000000000000e+00 2.646978163240575554e+01
-1.500000000000000000e+00 2.642584990637013576e+01
-1.500000000000000000e+00 2.642578337498392926e+01
-1.500000000000000000e+00 2.642571684802385334e+01
-1.500000000000000000e+00 2.642565032548932180e+01
-1.500000000000000000e+00 2.642565032548932180e+01
-1.500000000000000000e+00 2.642558380737974133e+01
-1.500000000000000000e+00 2.642558380737974133e+01
-1.500000000000000000e+00 2.642551729369452573e+01
-1.500000000000000000e+00 2.597067625860245244e+01
-1.500000000000000000e+00 2.597054965228462819e+01
-1.500000000000000000e+00 2.556108361230905501e+01
-1.500000000000000000e+00 2.556105559207844635e+01
-1.500000000000000000e+00 2.555299046959452625e+01
-1.500000000000000000e+00 2.555299046959452625e+01
-1.500000000000000000e+00 2.555299046959452625e+01
-1.500000000000000000e+00 2.555299046959452625e+01
-1.500000000000000000e+00 2.555290708878040107e+01
-1.500000000000000000e+00 2.555287929672059022e+01
-1.500000000000000000e+00 2.552026161778880109e+01
-1.500000000000000000e+00 2.552023471835234147e+01
-1.500000000000000000e+00 2.552018092165006635e+01
-1.500000000000000000e+00 2.552012712784172166e+01
-1.500000000000000000e+00 2.552012712784172166e+01
-1.500000000000000000e+00 2.552007333692699476e+01
-1.500000000000000000e+00 2.551838040250677864e+01
-1.500000000000000000e+00 2.551827301130738590e+01
-1.500000000000000000e+00 1.807690179587580559e+01
-1.500000000000000000e+00 1.807690174864121246e+01
-1.500000000000000000e+00 1.807690173289634927e+01
-1.500000000000000000e+00 1.807690173289634927e+01
-1.500000000000000000e+00 1.807690173289634927e+01
-1.500000000000000000e+00 1.807690173289634927e+01
-1.500000000000000000e+00 1.807681362852189366e+01
-1.500000000000000000e+00 1.807681359703494195e+01
-1.500000000000000000e+00 1.716848330821897406e+01
-1.500000000000000000e+00 1.716848330187125526e+01
-1.500000000000000000e+00 1.716848329552353292e+01
-1.500000000000000000e+00 1.716848328917581412e+01
-1.500000000000000000e+00 1.716848328282809177e+01
-1.500000000000000000e+00 1.716848327648037298e+01
-1.500000000000000000e+00 1.716721025202175355e+01
-1.500000000000000000e+00 1.716721023934246304e+01
-1.500000000000000000e+00 1.634060831777447831e+01
-1.500000000000000000e+00 1.634060830667925046e+01
-1.500000000000000000e+00 1.629903343447197628e+01
-1.500000000000000000e+00 1.629903343181112518e+01
-1.500000000000000000e+00 1.629840263667177780e+01
-1.500000000000000000e+00 1.629840263401260358e+01
-1.500000000000000000e+00 1.629840263401260358e+01
-1.500000000000000000e+00 1.629840262603508805e+01
-1.500000000000000000e+00 1.629840262603508805e+01
-1.500000000000000000e+00 1.629840262337591383e+01
-1.500000000000000000e+00 1.543200311491051480e+01
-1.500000000000000000e+00 1.543200311155626636e+01
-1.500000000000000000e+00 1.538922653317801448e+01
-1.500000000000000000e+00 1.538922653210675229e+01
-1.500000000000000000e+00 1.538901888491356296e+01
-1.500000000000000000e+00 1.538901888491356296e+01
-1.500000000000000000e+00 1.538901888277147911e+01
-1.500000000000000000e+00 1.538901888277147911e+01
-1.500000000000000000e+00 1.538901888062939705e+01
-1.500000000000000000e+00 1.538901887741627306e+01
-1.500000000000000000e+00 1.491104280128522497e+01
-1.500000000000000000e+00 1.491104279995705362e+01
-1.500000000000000000e+00 4.782118077808380718e+00
-1.500000000000000000e+00 4.782118077808327428e+00
-1.000000000000000000e+00 2.390148479937360193e+01
-1.000000000000000000e+00 2.390147946943721280e+01
-1.000000000000000000e+00 2.386657710402857546e+01
-1.000000000000000000e+00 2.386656680987308121e+01
-1.000000000000000000e+00 2.386656680987308121e+01
-1.000000000000000000e+00 2.386654622187999664e+01
-1.000000000000000000e+00 2.386252938895094644e+01
-1.000000000000000000e+00 2.386252426265174975e+01
-1.000000000000000000e+00 2.386252426265174975e+01
-1.000000000000000000e+00 2.386252426265174975e+01
-1.000000000000000000e+00 2.386251913637883248e+01
-1.000000000000000000e+00 2.386251913637883248e+01
-1.000000000000000000e+00 2.386251913637883248e+01
-1.000000000000000000e+00 2.386251401013219464e+01
-1.000000000000000000e+00 2.386185806742166804e+01
-1.000000000000000000e+00 2.386185806742166804e+01
-1.000000000000000000e+00 2.386184269892350329e+01
-1.000000000000000000e+00 2.386183757614326595e+01
-1.000000000000000000e+00 2.299821209360787577e+01
-1.000000000000000000e+00 2.299820129408694314e+01
-1.000000000000000000e+00 2.299819697431122734e+01
-1.000000000000000000e+00 2.299420915234532004e+01
-1.000000000000000000e+00 2.295425958402312361e+01
-1.000000000000000000e+00 2.295425131590457468e+01
-1.000000000000000000e+00 2.295424924888562046e+01
-1.000000000000000000e+00 2.295424511486052666e+01
-1.000000000000000000e+00 2.295156779235741240e+01
-1.000000000000000000e+00 2.295156779235741240e+01
-1.000000000000000000e+00 2.295156573087790974e+01
-1.000000000000000000e+00 2.295156573087790974e+01
-1.000000000000000000e+00 2.295156160793165157e+01
-1.000000000000000000e+00 2.295155954646489604e+01
-1.000000000000000000e+00 2.295155542354413569e+01
-1.000000000000000000e+00 2.295155542354413569e+01
-1.000000000000000000e+00 2.294623865707679400e+01
-1.000000000000000000e+00 2.294623660655395980e+01
-1.000000000000000000e+00 2.294623455603533202e+01
-1.000000000000000000e+00 2.294623455603533202e+01
-1.000000000000000000e+00 2.247460874677657827e+01
-1.000000000000000000e+00 2.247460874677657827e+01
-1.000000000000000000e+00 2.247460746728182457e+01
-1.000000000000000000e+00 2.247460362880738671e+01
-1.000000000000000000e+00 2.212739654469580586e+01
-1.000000000000000000e+00 2.212739564053381258e+01
-1.000000000000000000e+00 2.212739473637263643e+01
-1.000000000000000000e+00 2.212390894990933532e+01
-1.000000000000000000e+00 2.208206867884530311e+01
-1.000000000000000000e+00 2.208206608656778513e+01
-1.000000000000000000e+00 2.208206608656778513e+01
-1.000000000000000000e+00 2.208206349429698534e+01
-1.000000000000000000e+00 2.164772099794489435e+01
-1.000000000000000000e+00 2.164694728447062033e+01
-1.000000000000000000e+00 2.164694616601248001e+01
-1.000000000000000000e+00 2.164694448832761964e+01
-1.000000000000000000e+00 2.122213462042111942e+01
-1.000000000000000000e+00 2.121349638002313398e+01
-1.000000000000000000e+00 2.121349529243198972e+01
-1.000000000000000000e+00 2.121349492990187002e+01
-1.000000000000000000e+00 2.117651558686369384e+01
-1.000000000000000000e+00 2.117651453875791034e+01
-1.000000000000000000e+00 2.117651279191737501e+01
-1.000000000000000000e+00 2.117651279191737501e+01
-1.000000000000000000e+00 2.073908274292911713e+01
-1.000000000000000000e+00 2.073908251734455988e+01
-1.000000000000000000e+00 2.073908161500682823e+01
-1.000000000000000000e+00 2.073851465674967187e+01
-1.000000000000000000e+00 2.073851420583683236e+01
-1.000000000000000000e+00 2.073851420583683236e+01
-1.000000000000000000e+00 2.073851398038048899e+01
-1.000000000000000000e+00 2.073851375492419535e+01
-1.000000000000000000e+00 2.073851307855562354e+01
-1.000000000000000000e+00 2.073851307855562354e+01
-1.000000000000000000e+00 2.073851285309953241e+01
-1.000000000000000000e+00 2.073851262764349457e+01
-1.000000000000000000e+00 2.073799353719639171e+01
-1.000000000000000000e+00 2.073799353719639171e+01
-1.000000000000000000e+00 2.073799286117958474e+01
-1.000000000000000000e+00 2.073681503285950001e+01
-1.000000000000000000e+00 2.069581622714447278e+01
-1.000000000000000000e+00 2.069581622714447278e+01
-1.000000000000000000e+00 2.069581536301500790e+01
-1.000000000000000000e+00 2.069581493095055436e+01
-1.000000000000000000e+00 1.983322708364386955e+01
-1.000000000000000000e+00 1.982748147839252439e+01
-1.000000000000000000e+00 1.982748147839252439e+01
-1.000000000000000000e+00 1.982748129707658791e+01
-1.000000000000000000e+00 1.234577646324320277e+01
-1.000000000000000000e+00 1.234577646319213606e+01
-1.000000000000000000e+00 1.234577646319213606e+01
-1.000000000000000000e+00 1.234577646309000265e+01
-1.000000000000000000e+00 1.151880557846046393e+01
-1.000000000000000000e+00 1.060951339268122595e+01
-1.000000000000000000e+00 1.060950246022748722e+01
-1.000000000000000000e+00 1.060950246021848997e+01
-1.000000000000000000e+00 1.060950246018250276e+01
-1.000000000000000000e+00 1.056734456301930791e+01
-1.000000000000000000e+00 1.056734456300205593e+01
-1.000000000000000000e+00 1.056734456300205593e+01
-1.000000000000000000e+00 1.056734456300205593e+01
-1.000000000000000000e+00 9.700165994705894690e+00
-5.000000000000000000e-01 2.653543311971274576e+01
-5.000000000000000000e-01 2.653535888341858850e+01
-5.000000000000000000e-01 2.653528465263504899e+01
-5.000000000000000000e-01 2.653521042736131008e+01
-5.000000000000000000e-01 2.652796294703578539e+01
-5.000000000000000000e-01 2.652796294703578539e+01
-5.000000000000000000e-01 2.652553424299006934e+01
-5.000000000000000000e-01 2.652538723821215072e+01
-5.000000000000000000e-01 2.652531374392629715e+01
-5.000000000000000000e-01 2.652531374392629715e+01
-5.000000000000000000e-01 2.652524025504146010e+01
-5.000000000000000000e-01 2.652524025504146010e+01
-5.000000000000000000e-01 2.652516677155684022e+01
-5.000000000000000000e-01 2.652516677155684022e+01
-5.000000000000000000e-01 2.652516677155684022e+01
-5.000000000000000000e-01 2.652516677155684022e+01
-5.000000000000000000e-01 2.652509329347164524e+01
-5.000000000000000000e-01 2.652501982078508291e+01
-5.000000000000000000e-01 2.652501982078508291e+01
-5.000000000000000000e-01 2.652501982078508291e+01
-5.000000000000000000e-01 2.652494635349636098e+01
-5.000000000000000000e-01 2.652487289160468364e+01
-5.000000000000000000e-01 2.651989010119704204e+01
-5.000000000000000000e-01 2.651981700979621337e+01
-5.000000000000000000e-01 2.651967084301966082e+01
-5.000000000000000000e-01 2.651959776764237731e+01
-5.000000000000000000e-01 2.651952469760471232e+01
-5.000000000000000000e-01 2.651937857354512573e+01
-5.000000000000000000e-01 2.651937857354512573e+01
-5.000000000000000000e-01 2.651915942748340171e+01
-5.000000000000000000e-01 2.647921138132136676e+01
-5.000000000000000000e-01 2.647872023940656661e+01
-5.000000000000000000e-01 2.604458296668729744e+01
-5.000000000000000000e-01 2.604453752556761970e+01
-5.000000000000000000e-01 2.561086199156926568e+01
-5.000000000000000000e-01 2.561068530271787225e+01
-5.000000000000000000e-01 2.560025725192337376e+01
-5.000000000000000000e-01 2.559999502562057216e+01
-5.000000000000000000e-01 2.559999502562057216e+01
-5.000000000000000000e-01 2.559996589360886077e+01
-5.000000000000000000e-01 2.559993676244579675e+01
-5.000000000000000000e-01 2.559982024627904451e+01
-5.000000000000000000e-01 2.513588254257019727e+01
-5.000000000000000000e-01 2.513580928383863977e+01
-5.000000000000000000e-01 1.991032829705424945e+01
-5.000000000000000000e-01 1.991032810007708065e+01
-5.000000000000000000e-01 1.908208745073496360e+01
-5.000000000000000000e-01 1.908208745073496360e+01
-5.000000000000000000e-01 1.817475779895027799e+01
-5.000000000000000000e-01 1.817475778158677713e+01
-5.000000000000000000e-01 1.817381814599715995e+01
-5.000000000000000000e-01 1.817381809395558889e+01
-5.000000000000000000e-01 1.817381807660839854e+01
-5.000000000000000000e-01 1.817381807660839854e+01
-5.000000000000000000e-01 1.817243652974236667e+01
-5.000000000000000000e-01 1.817243647777264570e+01
-5.000000000000000000e-01 1.813091605982214460e+01
-5.000000000000000000e-01 1.813091602658474955e+01
-5.000000000000000000e-01 1.813091600996605024e+01
-5.000000000000000000e-01 1.813091600996605024e+01
-5.000000000000000000e-01 1.813091599334735093e+01
-5.000000000000000000e-01 1.813091594349126012e+01
-5.000000000000000000e-01 1.813048973151513366e+01
-5.000000000000000000e-01 1.813048973151513366e+01
-5.000000000000000000e-01 1.730425150253117650e+01
-5.000000000000000000e-01 1.730425148071882901e+01
-5.000000000000000000e-01 1.726297833791307568e+01
-5.000000000000000000e-01 1.726297828907545551e+01
-5.000000000000000000e-01 1.639486441076290646e+01
-5.000000000000000000e-01 1.639486439026368458e+01
-5.000000000000000000e-01 1.639443949358052066e+01
-5.000000000000000000e-01 1.639443949358052066e+01
-5.000000000000000000e-01 1.639443949065330486e+01
-5.000000000000000000e-01 1.639443948479887325e+01
-5.000000000000000000e-01 1.639361476854185895e+01
-5.000000000000000000e-01 1.639361475391784140e+01
-5.000000000000000000e-01 1.635236486941467859e+01
-5.000000000000000000e-01 1.635236485257501826e+01
-5.000000000000000000e-01 1.591667746029157371e+01
-5.000000000000000000e-01 1.591667745666083178e+01
-5.000000000000000000e-01 1.591626165612395383e+01
-5.000000000000000000e-01 1.591626165612395383e+01
-5.000000000000000000e-01 1.591626165249472002e+01
-5.000000000000000000e-01 1.591626165068010401e+01
-5.000000000000000000e-01 1.591626164886548800e+01
-5.000000000000000000e-01 1.591626164523625420e+01
-5.000000000000000000e-01 1.548670354846997377e+01
-5.000000000000000000e-01 1.548670354610808175e+01
-5.000000000000000000e-01 1.500708997446652759e+01
-5.000000000000000000e-01 1.500708997300446335e+01
-5.000000000000000000e-01 1.500708511384430466e+01
-5.000000000000000000e-01 1.500708511238224574e+01
-5.000000000000000000e-01 1.500708511165121806e+01
-5.000000000000000000e-01 1.500708511165121806e+01
-5.000000000000000000e-01 1.500708511092018860e+01
-5.000000000000000000e-01 1.500708511018916091e+01
-5.000000000000000000e-01 5.787525994427682008e+00
-5.000000000000000000e-01 5.787525994427537235e+00
-5.000000000000000000e-01 4.878301469069374008e+00
-5.000000000000000000e-01 4.878301469069256768e+00
0.000000000000000000e+00 2.348071781731803398e+01
0.000000000000000000e+00 2.348071781731803398e+01
0.000000000000000000e+00 2.348071431798203434e+01
0.000000000000000000e+00 2.348071431798203434e+01
0.000000000000000000e+00 2.348070731934676658e+01
0.000000000000000000e+00 2.348059184893593354e+01
0.000000000000000000e+00 2.348057085574822267e+01
0.000000000000000000e+00 2.348056035931963237e+01
0.000000000000000000e+00 2.347892426418702883e+01
0.000000000000000000e+00 2.347891029199866963e+01
0.000000000000000000e+00 2.347890679898208433e+01
0.000000000000000000e+00 2.347868676353104078e+01
0.000000000000000000e+00 2.308766341899850261e+01
0.000000000000000000e+00 2.306344130631791245e+01
0.000000000000000000e+00 2.305016255934286917e+01
0.000000000000000000e+00 2.305016028425519181e+01
0.000000000000000000e+00 2.305015800917269431e+01
0.000000000000000000e+00 2.257591042076413146e+01
0.000000000000000000e+00 2.257590475716760636e+01
0.000000000000000000e+00 2.257590192538136975e+01
0.000000000000000000e+00 2.257184232156922477e+01
0.000000000000000000e+00 2.257184232156922477e+01
0.000000000000000000e+00 2.257183950126358596e+01
0.000000000000000000e+00 2.256871947935918854e+01
0.000000000000000000e+00 2.256871947935918854e+01
0.000000000000000000e+00 2.256871807360219151e+01
0.000000000000000000e+00 2.256871666784716979e+01
0.000000000000000000e+00 2.256871526209412693e+01
0.000000000000000000e+00 2.256871526209412693e+01
0.000000000000000000e+00 2.256871245059396713e+01
0.000000000000000000e+00 2.256871104484685020e+01
0.000000000000000000e+00 2.256870963910170858e+01
0.000000000000000000e+00 2.256724031071082592e+01
0.000000000000000000e+00 2.218786210309088958e+01
0.000000000000000000e+00 2.217936123844875596e+01
0.000000000000000000e+00 2.217935171460295152e+01
0.000000000000000000e+00 2.217935076222335766e+01
0.000000000000000000e+00 2.174409454149990850e+01
0.000000000000000000e+00 2.174409454149990850e+01
0.000000000000000000e+00 2.174409330893378467e+01
0.000000000000000000e+00 2.174409084380609869e+01
0.000000000000000000e+00 2.170450069094105316e+01
0.000000000000000000e+00 2.170184689219378527e+01
0.000000000000000000e+00 2.170184689219378527e+01
0.000000000000000000e+00 2.170184452903961159e+01
0.000000000000000000e+00 2.170101068434741975e+01
0.000000000000000000e+00 2.170100773287465046e+01
0.000000000000000000e+00 2.170100655228798203e+01
0.000000000000000000e+00 2.170067309235482256e+01
0.000000000000000000e+00 2.170067250225881850e+01
0.000000000000000000e+00 2.170067191216315905e+01
0.000000000000000000e+00 2.170067191216315905e+01
0.000000000000000000e+00 2.170067132206785132e+01
0.000000000000000000e+00 2.170067132206785132e+01
0.000000000000000000e+00 2.170066955178401358e+01
0.000000000000000000e+00 2.170066896169009496e+01
0.000000000000000000e+00 2.170066837159652806e+01
0.000000000000000000e+00 2.126222837785278941e+01
0.000000000000000000e+00 2.083313405111929484e+01
0.000000000000000000e+00 2.083313380328846520e+01
0.000000000000000000e+00 2.083313330762699067e+01
0.000000000000000000e+00 2.083313330762699067e+01
0.000000000000000000e+00 2.079321260348110911e+01
0.000000000000000000e+00 2.079321165095365131e+01
0.000000000000000000e+00 2.079321141282192542e+01
0.000000000000000000e+00 2.079321141282192542e+01
0.000000000000000000e+00 2.079321069842709591e+01
0.000000000000000000e+00 2.079321069842709591e+01
0.000000000000000000e+00 2.079321046029560094e+01
0.000000000000000000e+00 2.079320998403277798e+01
0.000000000000000000e+00 2.079320974590144999e+01
0.000000000000000000e+00 2.079251321635660332e+01
0.000000000000000000e+00 2.079251059873963570e+01
0.000000000000000000e+00 2.079251012281001465e+01
0.000000000000000000e+00 2.079189541085955995e+01
0.000000000000000000e+00 2.079035838251047963e+01
0.000000000000000000e+00 2.079035790760406144e+01
0.000000000000000000e+00 2.079035719524485515e+01
0.000000000000000000e+00 2.031418372346276868e+01
0.000000000000000000e+00 1.335124671987757417e+01
0.000000000000000000e+00 1.335119888626362616e+01
0.000000000000000000e+00 1.335119888612405603e+01
0.000000000000000000e+00 1.335119888612405603e+01
0.000000000000000000e+00 1.244206308118187998e+01
0.000000000000000000e+00 1.244185501000003313e+01
0.000000000000000000e+00 1.244185500988759863e+01
0.000000000000000000e+00 1.244185500977516412e+01
0.000000000000000000e+00 1.157276085632193663e+01
0.000000000000000000e+00 1.157276085629836260e+01
0.000000000000000000e+00 1.157276085625121631e+01
0.000000000000000000e+00 1.157252153512658133e+01
0.000000000000000000e+00 1.066346514541842438e+01
0.000000000000000000e+00 1.066346514540892798e+01
0.000000000000000000e+00 1.066346514538993695e+01
0.000000000000000000e+00 1.066344663182420760e+01
0.000000000000000000e+00 1.018518930494836994e+01
0.000000000000000000e+00 1.018518930491305419e+01
0.000000000000000000e+00 1.018518930490716734e+01
0.000000000000000000e+00 1.018504490538296814e+01
0.000000000000000000e+00 5.633667982005265834e-02
5.000000000000000000e-01 2.753651053355442002e+01
5.000000000000000000e-01 2.753630853375573295e+01
5.000000000000000000e-01 2.753630853375573295e+01
5.000000000000000000e-01 2.753590465652891695e+01
5.000000000000000000e-01 2.752226899308245223e+01
5.000000000000000000e-01 2.752187074536711009e+01
5.000000000000000000e-01 2.748359229747374144e+01
5.000000000000000000e-01 2.748340070824047032e+01
5.000000000000000000e-01 2.748340070824047032e+01
5.000000000000000000e-01 2.748320915570660361e+01
5.000000000000000000e-01 2.748282616068085815e+01
5.000000000000000000e-01 2.748282616068085815e+01
5.000000000000000000e-01 2.748225194303659791e+01
5.000000000000000000e-01 2.748225194303659791e+01
5.000000000000000000e-01 2.704997760235747251e+01
5.000000000000000000e-01 2.704960509350608078e+01
5.000000000000000000e-01 2.662613625934884354e+01
5.000000000000000000e-01 2.662589242629200115e+01
5.000000000000000000e-01 2.660673536909247971e+01
5.000000000000000000e-01 2.660657593031663382e+01
5.000000000000000000e-01 2.660633681980658594e+01
5.000000000000000000e-01 2.660633681980658594e+01
5.000000000000000000e-01 2.660617744455722544e+01
5.000000000000000000e-01 2.660593842929894848e+01
5.000000000000000000e-01 2.658418987686781421e+01
5.000000000000000000e-01 2.658403399222213892e+01
5.000000000000000000e-01 2.658030003222448556e+01
5.000000000000000000e-01 2.658022238945881099e+01
5.000000000000000000e-01 2.658014475272106836e+01
5.000000000000000000e-01 2.658014475272106836e+01
5.000000000000000000e-01 2.657998949732563077e+01
5.000000000000000000e-01 2.657991187866606708e+01
5.000000000000000000e-01 2.614301990556393562e+01
5.000000000000000000e-01 2.614296976391376148e+01
5.000000000000000000e-01 2.614191736961983281e+01
5.000000000000000000e-01 2.614191736961983281e+01
5.000000000000000000e-01 2.614166696270729418e+01
5.000000000000000000e-01 2.614151674865198416e+01
5.000000000000000000e-01 2.614151674865198416e+01
5.000000000000000000e-01 2.614141661848267972e+01
5.000000000000000000e-01 2.609849620140963466e+01
5.000000000000000000e-01 2.609840028734856077e+01
5.000000000000000000e-01 2.522826472500842954e+01
5.000000000000000000e-01 2.522824463722481525e+01
5.000000000000000000e-01 2.091641766391771995e+01
5.000000000000000000e-01 2.091641712520792140e+01
5.000000000000000000e-01 2.000448352815055131e+01
5.000000000000000000e-01 2.000448320351339859e+01
5.000000000000000000e-01 1.913644436574480423e+01
5.000000000000000000e-01 1.913644432032007003e+01
5.000000000000000000e-01 1.913625459920250194e+01
5.000000000000000000e-01 1.913625455378638662e+01
5.000000000000000000e-01 1.913625450837027131e+01
5.000000000000000000e-01 1.913625446295415955e+01
5.000000000000000000e-01 1.913483013855708492e+01
5.000000000000000000e-01 1.913483009320561479e+01
5.000000000000000000e-01 1.822924861772498772e+01
5.000000000000000000e-01 1.822924859938908426e+01
5.000000000000000000e-01 1.822764937453509049e+01
5.000000000000000000e-01 1.822764933792188558e+01
5.000000000000000000e-01 1.822764933792188558e+01
5.000000000000000000e-01 1.822764930130868066e+01
5.000000000000000000e-01 1.822644572609628710e+01
5.000000000000000000e-01 1.822644572609628710e+01
5.000000000000000000e-01 1.774880350599276824e+01
5.000000000000000000e-01 1.774880349465186313e+01
5.000000000000000000e-01 1.774880348331096158e+01
5.000000000000000000e-01 1.774880344928825338e+01
5.000000000000000000e-01 1.774880344928825338e+01
5.000000000000000000e-01 1.774880343794735182e+01
5.000000000000000000e-01 1.774872076618510874e+01
5.000000000000000000e-01 1.774872073216521429e+01
5.000000000000000000e-01 1.735838956716256831e+01
5.000000000000000000e-01 1.735838955948731055e+01
5.000000000000000000e-01 1.692167766327294487e+01
5.000000000000000000e-01 1.692167764343523828e+01
5.000000000000000000e-01 1.644801623864328377e+01
5.000000000000000000e-01 1.644801622011333819e+01
5.000000000000000000e-01 1.601248742035380701e+01
5.000000000000000000e-01 1.601248741436008771e+01
5.000000000000000000e-01 1.601248741236218009e+01
5.000000000000000000e-01 1.601248741036427603e+01
5.000000000000000000e-01 1.601248740836636841e+01
5.000000000000000000e-01 1.601248740636846080e+01
5.000000000000000000e-01 1.601234424464292161e+01
5.000000000000000000e-01 1.601234422466671958e+01
5.000000000000000000e-01 1.597069226586008739e+01
5.000000000000000000e-01 1.597069225436334072e+01
5.000000000000000000e-01 1.597018953408899833e+01
5.000000000000000000e-01 1.597018953217383697e+01
5.000000000000000000e-01 1.597018953025867560e+01
5.000000000000000000e-01 1.597018953025867560e+01
5.000000000000000000e-01 1.597018953025867560e+01
5.000000000000000000e-01 1.597018952451319151e+01
5.000000000000000000e-01 1.510387544314634845e+01
5.000000000000000000e-01 1.510387543992505677e+01
5.000000000000000000e-01 7.620008053833195127e+00
5.000000000000000000e-01 7.620008053831837991e+00
5.000000000000000000e-01 5.841465651227225386e+00
5.000000000000000000e-01 5.841465651227072620e+00
1.000000000000000000e+00 2.530984702212183990e+01
1.000000000000000000e+00 2.530975984386404321e+01
1.000000000000000000e+00 2.492305965386512767e+01
1.000000000000000000e+00 2.492304484968738976e+01
1.000000000000000000e+00 2.492301524198938623e+01
1.000000000000000000e+00 2.491909995482891560e+01
1.000000000000000000e+00 2.448651966948260750e+01
1.000000000000000000e+00 2.448651010198149436e+01
1.000000000000000000e+00 2.448648140002736895e+01
1.000000000000000000e+00 2.448648140002736895e+01
1.000000000000000000e+00 2.401438355669917257e+01
1.000000000000000000e+00 2.400914635352943804e+01
1.000000000000000000e+00 2.400914635352943804e+01
1.000000000000000000e+00 2.400911667491910606e+01
1.000000000000000000e+00 2.357776202396372156e+01
1.000000000000000000e+00 2.357776202396372156e+01
1.000000000000000000e+00 2.357775816801428093e+01
1.000000000000000000e+00 2.357775045616000398e+01
1.000000000000000000e+00 2.357444754405661413e+01
1.000000000000000000e+00 2.357444370086646046e+01
1.000000000000000000e+00 2.357444370086646046e+01
1.000000000000000000e+00 2.357444370086646046e+01
1.000000000000000000e+00 2.357443985769107186e+01
1.000000000000000000e+00 2.357443601453045900e+01
1.000000000000000000e+00 2.357443601453045900e+01
1.000000000000000000e+00 2.357443217138461122e+01
1.000000000000000000e+00 2.357184524504335599e+01
1.000000000000000000e+00 2.357184141184130866e+01
1.000000000000000000e+00 2.357183757865395535e+01
1.000000000000000000e+00 2.357183757865395535e+01
1.000000000000000000e+00 2.353640265346743021e+01
1.000000000000000000e+00 2.353639895374435653e+01
1.000000000000000000e+00 2.353639895374435653e+01
1.000000000000000000e+00 2.353416312674914224e+01
1.000000000000000000e+00 2.353416312674914224e+01
1.000000000000000000e+00 2.353416312674914224e+01
1.000000000000000000e+00 2.353415943530240995e+01
1.000000000000000000e+00 2.353415943530240995e+01
1.000000000000000000e+00 2.353415943530240995e+01
1.000000000000000000e+00 2.353415574386930231e+01
1.000000000000000000e+00 2.353415574386930231e+01
1.000000000000000000e+00 2.353415205244982289e+01
1.000000000000000000e+00 2.353364276720956383e+01
1.000000000000000000e+00 2.353363907768320473e+01
1.000000000000000000e+00 2.353362800918581144e+01
1.000000000000000000e+00 2.352964026536886877e+01
1.000000000000000000e+00 2.270597865209321498e+01
1.000000000000000000e+00 2.270596897665576464e+01
1.000000000000000000e+00 2.270596897665576464e+01
1.000000000000000000e+00 2.270595930131192830e+01
1.000000000000000000e+00 2.267049393997768902e+01
1.000000000000000000e+00 2.267049393997768902e+01
1.000000000000000000e+00 2.267048615819748036e+01
1.000000000000000000e+00 2.267048304550235471e+01
1.000000000000000000e+00 2.180038082341278738e+01
1.000000000000000000e+00 2.180037951948051855e+01
1.000000000000000000e+00 2.180037886751502185e+01
1.000000000000000000e+00 2.180037430376844654e+01
1.000000000000000000e+00 2.179843399167425133e+01
1.000000000000000000e+00 2.179843399167425133e+01
1.000000000000000000e+00 2.179843334097594010e+01
1.000000000000000000e+00 2.179843203958058240e+01
1.000000000000000000e+00 2.179843138888353948e+01
1.000000000000000000e+00 2.179843138888353948e+01
1.000000000000000000e+00 2.179843138888353948e+01
1.000000000000000000e+00 2.179843138888353948e+01
1.000000000000000000e+00 2.179707365603645286e+01
1.000000000000000000e+00 2.179707235640938023e+01
1.000000000000000000e+00 2.179707235640938023e+01
1.000000000000000000e+00 2.179707040697194032e+01
1.000000000000000000e+00 2.175620357643938974e+01
1.000000000000000000e+00 2.175425114520508529e+01
1.000000000000000000e+00 2.175425114520508529e+01
1.000000000000000000e+00 2.175424990005649306e+01
1.000000000000000000e+00 2.131913535793299630e+01
1.000000000000000000e+00 2.131913495500914024e+01
1.000000000000000000e+00 2.131913294039229001e+01
1.000000000000000000e+00 2.131913253746940740e+01
1.000000000000000000e+00 2.088476301699811088e+01
1.000000000000000000e+00 2.088476249507390037e+01
1.000000000000000000e+00 2.088476171218809796e+01
1.000000000000000000e+00 2.088476119026456956e+01
1.000000000000000000e+00 2.041008309920727370e+01
1.000000000000000000e+00 2.041008293686685704e+01
1.000000000000000000e+00 2.041008277452646880e+01
1.000000000000000000e+00 2.041008212516517162e+01
1.000000000000000000e+00 1.518354481697252822e+01
1.000000000000000000e+00 1.340516191337212959e+01
1.000000000000000000e+00 1.340514870245674395e+01
1.000000000000000000e+00 1.340514870186751750e+01
1.000000000000000000e+00 1.340514870186751750e+01
1.000000000000000000e+00 1.162671693327666667e+01
1.000000000000000000e+00 1.119060660912604810e+01
1.000000000000000000e+00 1.119060660912604810e+01
1.000000000000000000e+00 1.119060660909387650e+01
1.000000000000000000e+00 1.119060660907778981e+01
1.000000000000000000e+00 1.028130345746270358e+01
1.000000000000000000e+00 1.028130345746270358e+01
1.000000000000000000e+00 1.028130345744974328e+01
1.000000000000000000e+00 1.028130345744326313e+01
1.500000000000000000e+00 2.932102359426170679e+01
1.500000000000000000e+00 2.931982094829594843e+01
1.500000000000000000e+00 2.930431676175998135e+01
1.500000000000000000e+00 2.930313402951093238e+01
1.500000000000000000e+00 2.888591790486724875e+01
1.500000000000000000e+00 2.888591790486724875e+01
1.500000000000000000e+00 2.888513939178783474e+01
1.500000000000000000e+00 2.888358418152103013e+01
1.500000000000000000e+00 2.888280748245285778e+01
1.500000000000000000e+00 2.888280748245285778e+01
1.500000000000000000e+00 2.888125589176143748e+01
1.500000000000000000e+00 2.888125589176143748e+01
1.500000000000000000e+00 2.847941491394666613e+01
1.500000000000000000e+00 2.847786010668864165e+01
1.500000000000000000e+00 2.846193374899184647e+01
1.500000000000000000e+00 2.846040586481379364e+01
1.500000000000000000e+00 2.845078310127233934e+01
1.500000000000000000e+00 2.845027919599586497e+01
1.500000000000000000e+00 2.844977554451203972e+01
1.500000000000000000e+00 2.844977554451203972e+01
1.500000000000000000e+00 2.844927214656533820e+01
1.500000000000000000e+00 2.844876900190063651e+01
1.500000000000000000e+00 2.797650434920705109e+01
1.500000000000000000e+00 2.797587719333826684e+01
1.500000000000000000e+00 2.796993874800729785e+01
1.500000000000000000e+00 2.796869303000129747e+01
1.500000000000000000e+00 2.796838184281969930e+01
1.500000000000000000e+00 2.796838184281969930e+01
1.500000000000000000e+00 2.796775975881829979e+01
1.500000000000000000e+00 2.796744886187812895e+01
1.500000000000000000e+00 2.761027668379403011e+01
1.500000000000000000e+00 2.760940711852184393e+01
1.500000000000000000e+00 2.758493712745989512e+01
1.500000000000000000e+00 2.758472510583289505e+01
1.500000000000000000e+00 2.758451312914953490e+01
1.500000000000000000e+00 2.758451312914953490e+01
1.500000000000000000e+00 2.758430119739076858e+01
1.500000000000000000e+00 2.758430119739076858e+01
1.500000000000000000e+00 2.714761288749704704e+01
1.500000000000000000e+00 2.714706531732593930e+01
1.500000000000000000e+00 2.710381026483865341e+01
1.500000000000000000e+00 2.710315517146442232e+01
1.500000000000000000e+00 2.710302420427151660e+01
1.500000000000000000e+00 2.710302420427151660e+01
1.500000000000000000e+00 2.710276232133169572e+01
1.500000000000000000e+00 2.710276232133169572e+01
1.500000000000000000e+00 2.710263140557579575e+01
1.500000000000000000e+00 2.710263140557579575e+01
1.500000000000000000e+00 2.664791287073742154e+01
1.500000000000000000e+00 2.664766367025434235e+01
1.500000000000000000e+00 2.623025467136271516e+01
1.500000000000000000e+00 2.623009054410901442e+01
1.500000000000000000e+00 2.619742425542131059e+01
1.500000000000000000e+00 2.619742425542131059e+01
1.500000000000000000e+00 2.619742425542131059e+01
1.500000000000000000e+00 2.619737131035180866e+01
1.500000000000000000e+00 2.619726542862160201e+01
1.500000000000000000e+00 2.619715955810114849e+01
1.500000000000000000e+00 2.619567854651128513e+01
1.500000000000000000e+00 2.619551999671310583e+01
1.500000000000000000e+00 2.096946453561006507e+01
1.500000000000000000e+00 2.096946339949398563e+01
1.500000000000000000e+00 1.919008577283375416e+01
1.500000000000000000e+00 1.919008572490583475e+01
1.500000000000000000e+00 1.875411945824730253e+01
1.500000000000000000e+00 1.875411939626313185e+01
1.500000000000000000e+00 1.875411939626313185e+01
1.500000000000000000e+00 1.875411939626313185e+01
1.500000000000000000e+00 1.875411939626313185e+01
1.500000000000000000e+00 1.875411930328688115e+01
1.500000000000000000e+00 1.875403132063679124e+01
1.500000000000000000e+00 1.875403128964743615e+01
1.500000000000000000e+00 1.784570098893958345e+01
1.500000000000000000e+00 1.784570095145515012e+01
1.500000000000000000e+00 1.784570093896033782e+01
1.500000000000000000e+00 1.784570092646552908e+01
1.500000000000000000e+00 1.784570092646552908e+01
1.500000000000000000e+00 1.784570088898109930e+01
1.500000000000000000e+00 1.784442792865545968e+01
1.500000000000000000e+00 1.784442789121871442e+01
1.500000000000000000e+00 1.697625107279149859e+01
1.500000000000000000e+00 1.697625106755389979e+01
1.500000000000000000e+00 1.697562027707265742e+01
1.500000000000000000e+00 1.697562027183835909e+01
1.500000000000000000e+00 1.697562027183835909e+01
1.500000000000000000e+00 1.697562026660406076e+01
1.500000000000000000e+00 1.697562026660406076e+01
1.500000000000000000e+00 1.697562024566687100e+01
1.500000000000000000e+00 1.606644417448640283e+01
1.500000000000000000e+00 1.606644416394306063e+01
1.500000000000000000e+00 1.606623653017206266e+01
1.500000000000000000e+00 1.606623653017206266e+01
1.500000000000000000e+00 1.606623652173913896e+01
1.500000000000000000e+00 1.606623652173913896e+01
1.500000000000000000e+00 1.606623652173913896e+01
1.500000000000000000e+00 1.606623651963090893e+01
1.500000000000000000e+00 1.558826044048509729e+01
1.500000000000000000e+00 1.558826043787073523e+01
1.500000000000000000e+00 5.459335717857594084e+00
1.500000000000000000e+00 5.459335717857437764e+00
2.000000000000000000e+00 3.374106829612311031e+01
2.000000000000000000e+00 3.374106829612311031e+01
2.000000000000000000e+00 3.374106829612311031e+01
2.000000000000000000e+00 3.374106829612311031e+01
2.000000000000000000e+00 3.364575811631878821e+01
2.000000000000000000e+00 3.364575811631878821e+01
2.000000000000000000e+00 3.364575811631878821e+01
2.000000000000000000e+00 3.364575811631878821e+01
2.000000000000000000e+00 3.364575811631878821e+01
2.000000000000000000e+00 3.355874673932915897e+01
2.000000000000000000e+00 3.355874673932915897e+01
2.000000000000000000e+00 3.340459605950189825e+01
2.000000000000000000e+00 3.340459605950189825e+01
2.000000000000000000e+00 3.299913095139373098e+01
2.000000000000000000e+00 3.299913095139373098e+01
2.000000000000000000e+00 3.295261093575884104e+01
2.000000000000000000e+00 3.290815917318800388e+01
2.000000000000000000e+00 3.290815917318800388e+01
2.000000000000000000e+00 3.286559955876921180e+01
2.000000000000000000e+00 3.282477756424895432e+01
2.000000000000000000e+00 3.282477756424895432e+01
2.000000000000000000e+00 3.215183309100653020e+01
2.000000000000000000e+00 3.213163038368900715e+01
2.000000000000000000e+00 3.211182775639282738e+01
2.000000000000000000e+00 3.200060212128260417e+01
2.000000000000000000e+00 3.198321037857073534e+01
2.000000000000000000e+00 3.196611594521143829e+01
2.000000000000000000e+00 3.196611594521143829e+01
2.000000000000000000e+00 3.188477030575748472e+01
2.000000000000000000e+00 2.675293190519415987e+01
2.000000000000000000e+00 2.631368623742191559e+01
2.000000000000000000e+00 2.631344836872431259e+01
2.000000000000000000e+00 2.631332945559021752e+01
2.000000000000000000e+00 2.631327000432537488e+01
2.000000000000000000e+00 2.541314877151346607e+01
2.000000000000000000e+00 2.541312460437352527e+01
2.000000000000000000e+00 2.541312460437352527e+01
2.000000000000000000e+00 2.541310043781762218e+01
2.000000000000000000e+00 2.454378276902072642e+01
2.000000000000000000e+00 2.454377263766773609e+01
2.000000000000000000e+00 2.454376250641738721e+01
2.000000000000000000e+00 2.454376250641738721e+01
2.000000000000000000e+00 2.453976866879907703e+01
2.000000000000000000e+00 2.453974848736801206e+01
2.000000000000000000e+00 2.453974848736801206e+01
2.000000000000000000e+00 2.453974848736801206e+01
2.000000000000000000e+00 2.453973839680520896e+01
2.000000000000000000e+00 2.453972830634422664e+01
2.000000000000000000e+00 2.453972830634422664e+01
2.000000000000000000e+00 2.453972830634422664e+01
2.000000000000000000e+00 2.453910289652911558e+01
2.000000000000000000e+00 2.453909281247855745e+01
2.000000000000000000e+00 2.453906256093698701e+01
2.000000000000000000e+00 2.453905247729316130e+01
2.000000000000000000e+00 2.363146535196615261e+01
2.000000000000000000e+00 2.363146128327856843e+01
2.000000000000000000e+00 2.363146128327856843e+01
2.000000000000000000e+00 2.363145314595306345e+01
2.000000000000000000e+00 2.362878766958723631e+01
2.000000000000000000e+00 2.362878766958723631e+01
2.000000000000000000e+00 2.362878361177970987e+01
2.000000000000000000e+00 2.362878361177970987e+01
2.000000000000000000e+00 2.362878361177970987e+01
2.000000000000000000e+00 2.362877955398865026e+01
2.000000000000000000e+00 2.362877955398865026e+01
2.000000000000000000e+00 2.362877549621405393e+01
2.000000000000000000e+00 2.362345775549385607e+01
2.000000000000000000e+00 2.362345371925651705e+01
2.000000000000000000e+00 2.362344968303547077e+01
2.000000000000000000e+00 2.362344564683071368e+01
2.000000000000000000e+00 2.315182833709888399e+01
2.000000000000000000e+00 2.315182833709888399e+01
2.000000000000000000e+00 2.315182581854659816e+01
2.000000000000000000e+00 2.315182330000065392e+01
2.000000000000000000e+00 2.275929021694216914e+01
2.000000000000000000e+00 2.275928851606085956e+01
2.000000000000000000e+00 2.275928341343428229e+01
2.000000000000000000e+00 2.275928341343428229e+01
2.000000000000000000e+00 2.232416706583371990e+01
2.000000000000000000e+00 2.185373367211816031e+01
2.000000000000000000e+00 2.185373298442291912e+01
2.000000000000000000e+00 2.185373229672815043e+01
2.000000000000000000e+00 2.185373092134003414e+01
2.000000000000000000e+00 2.141629881036093863e+01
2.000000000000000000e+00 2.141573326526961196e+01
2.000000000000000000e+00 2.141572971497638278e+01
2.000000000000000000e+00 2.141572971497638278e+01
2.000000000000000000e+00 2.137303497689093490e+01
2.000000000000000000e+00 2.137303327594308300e+01
2.000000000000000000e+00 2.137303327594308300e+01
2.000000000000000000e+00 2.137303242547024240e+01
2.000000000000000000e+00 2.050469896281129678e+01
2.000000000000000000e+00 1.302299410336977381e+01
2.000000000000000000e+00 1.302299410326925333e+01
2.000000000000000000e+00 1.302299410316873285e+01
2.000000000000000000e+00 1.302299410316873285e+01
2.000000000000000000e+00 1.124456220308022480e+01
2.000000000000000000e+00 1.124456220304626974e+01
2.000000000000000000e+00 1.124456220304626974e+01
2.000000000000000000e+00 1.124456220301231291e+01
2.500000000000000000e+00 inf
2.500000000000000000e+00 inf
2.500000000000000000e+00 3.604365338911715355e+01
2.500000000000000000e+00 3.604365338911715355e+01
2.500000000000000000e+00 3.604365338911715355e+01
2.500000000000000000e+00 3.604365338911715355e+01
2.500000000000000000e+00 3.604365338911715355e+01
2.500000000000000000e+00 3.604365338911715355e+01
2.500000000000000000e+00 3.604365338911715355e+01
2.500000000000000000e+00 3.604365338911715355e+01
2.500000000000000000e+00 3.604365338911715355e+01
2.500000000000000000e+00 3.604365338911715355e+01
2.500000000000000000e+00 3.604365338911715355e+01
2.500000000000000000e+00 3.604365338911715355e+01
2.500000000000000000e+00 3.604365338911715355e+01
2.500000000000000000e+00 3.535050620855721348e+01
2.500000000000000000e+00 3.211182775639282738e+01
2.500000000000000000e+00 3.211182775639282738e+01
2.500000000000000000e+00 3.211182775639282738e+01
2.500000000000000000e+00 3.209240967053573002e+01
2.500000000000000000e+00 3.207336147556503647e+01
2.500000000000000000e+00 3.207336147556503647e+01
2.500000000000000000e+00 3.207336147556503647e+01
2.500000000000000000e+00 3.205466934255288436e+01
2.500000000000000000e+00 3.120737148216567647e+01
2.500000000000000000e+00 3.120737148216567647e+01
2.500000000000000000e+00 3.120737148216567647e+01
2.500000000000000000e+00 3.119946630265856413e+01
2.500000000000000000e+00 3.118384098475548427e+01
2.500000000000000000e+00 3.118384098475548427e+01
2.500000000000000000e+00 3.117611893866157402e+01
2.500000000000000000e+00 3.117611893866157402e+01
2.500000000000000000e+00 3.072064340997874865e+01
2.500000000000000000e+00 3.071577722032757407e+01
2.500000000000000000e+00 3.033654312436827993e+01
2.500000000000000000e+00 3.033654312436827993e+01
2.500000000000000000e+00 3.033322637174228475e+01
2.500000000000000000e+00 3.033322637174228475e+01
2.500000000000000000e+00 3.033322637174228475e+01
2.500000000000000000e+00 3.032662568771093348e+01
2.500000000000000000e+00 3.032334161250974347e+01
2.500000000000000000e+00 3.031355360614358219e+01
2.500000000000000000e+00 2.989518509319950823e+01
2.500000000000000000e+00 2.989518509319950823e+01
2.500000000000000000e+00 2.943565276382106788e+01
2.500000000000000000e+00 2.943026917073759563e+01
2.500000000000000000e+00 2.940377755529062043e+01
2.500000000000000000e+00 2.940247121937656516e+01
2.500000000000000000e+00 2.940116658774989844e+01
2.500000000000000000e+00 2.940116658774989844e+01
2.500000000000000000e+00 2.939986365596948303e+01
2.500000000000000000e+00 2.939986365596948303e+01
2.500000000000000000e+00 2.899353086884809727e+01
2.500000000000000000e+00 2.899006766192347939e+01
2.500000000000000000e+00 2.897208002490562251e+01
2.500000000000000000e+00 2.897208002490562251e+01
2.500000000000000000e+00 2.897038367165744432e+01
2.500000000000000000e+00 2.896784452513876928e+01
2.500000000000000000e+00 2.896026554149186083e+01
2.500000000000000000e+00 2.896026554149186083e+01
2.500000000000000000e+00 2.894197741749771424e+01
2.500000000000000000e+00 2.894115403334250658e+01
2.500000000000000000e+00 2.893950929612962852e+01
2.500000000000000000e+00 2.893868794084731277e+01
2.500000000000000000e+00 2.893786725963588324e+01
2.500000000000000000e+00 2.893786725963588324e+01
2.500000000000000000e+00 2.893786725963588324e+01
2.500000000000000000e+00 2.893704725138985268e+01
2.500000000000000000e+00 2.810878182317198082e+01
2.500000000000000000e+00 2.810770828576345437e+01
2.500000000000000000e+00 2.807325848192572693e+01
2.500000000000000000e+00 2.807291299911005922e+01
2.500000000000000000e+00 2.721252575410507291e+01
2.500000000000000000e+00 2.721252575410507291e+01
2.500000000000000000e+00 2.720234976863558529e+01
2.500000000000000000e+00 2.720220514501829712e+01
2.500000000000000000e+00 2.720206054231397630e+01
2.500000000000000000e+00 2.720206054231397630e+01
2.500000000000000000e+00 2.719672488901813878e+01
2.500000000000000000e+00 2.719614976319351385e+01
2.500000000000000000e+00 2.715600069879156919e+01
2.500000000000000000e+00 2.715600069879156919e+01
2.500000000000000000e+00 2.627724637712939426e+01
2.500000000000000000e+00 2.627713169165418705e+01
2.500000000000000000e+00 2.058754623192677258e+01
2.500000000000000000e+00 2.058754584419815004e+01
2.500000000000000000e+00 1.880813370511377869e+01
2.500000000000000000e+00 1.880813370511377869e+01
2.500000000000000000e+00 1.880813367240164524e+01
2.500000000000000000e+00 1.880813363968950824e+01
2.500000000000000000e+00 1.880813363968950824e+01
2.500000000000000000e+00 1.880813360697737480e+01
2.500000000000000000e+00 1.880770742599772660e+01
2.500000000000000000e+00 1.880770736060133785e+01
2.500000000000000000e+00 1.702958251735904938e+01
2.500000000000000000e+00 1.702958251735904938e+01
2.500000000000000000e+00 1.659347929843017866e+01
2.500000000000000000e+00 1.659347929128642107e+01
2.500000000000000000e+00 1.568430275075307634e+01
2.500000000000000000e+00 1.568430275075307634e+01
3.000000000000000000e+00 nan
3.000000000000000000e+00 nan
3.000000000000000000e+00 nan
3.000000000000000000e+00 nan
3.000000000000000000e+00 nan
3.000000000000000000e+00 nan
3.000000000000000000e+00 nan
3.000000000000000000e+00 nan
3.000000000000000000e+00 nan
3.000000000000000000e+00 nan
3.000000000000000000e+00 nan
3.000000000000000000e+00 nan
3.000000000000000000e+00 nan
3.000000000000000000e+00 nan
3.000000000000000000e+00 nan
3.000000000000000000e+00 nan
3.000000000000000000e+00 nan
3.000000000000000000e+00 nan
3.000000000000000000e+00 inf
3.000000000000000000e+00 inf
3.000000000000000000e+00 inf
3.000000000000000000e+00 inf
3.000000000000000000e+00 inf
3.000000000000000000e+00 inf
3.000000000000000000e+00 inf
3.000000000000000000e+00 inf
3.000000000000000000e+00 inf
3.000000000000000000e+00 inf
3.000000000000000000e+00 3.604365338911715355e+01
3.000000000000000000e+00 3.604365338911715355e+01
3.000000000000000000e+00 3.604365338911715355e+01
3.000000000000000000e+00 3.604365338911715355e+01
3.000000000000000000e+00 3.604365338911715355e+01
3.000000000000000000e+00 3.604365338911715355e+01
3.000000000000000000e+00 3.604365338911715355e+01
3.000000000000000000e+00 3.604365338911715355e+01
3.000000000000000000e+00 3.604365338911715355e+01
3.000000000000000000e+00 3.604365338911715355e+01
3.000000000000000000e+00 3.604365338911715355e+01
3.000000000000000000e+00 3.604365338911715355e+01
3.000000000000000000e+00 3.604365338911715355e+01
3.000000000000000000e+00 3.535050620855721348e+01
3.000000000000000000e+00 3.535050620855721348e+01
3.000000000000000000e+00 3.535050620855721348e+01
3.000000000000000000e+00 3.535050620855721348e+01
3.000000000000000000e+00 3.535050620855721348e+01
3.000000000000000000e+00 3.494504110044904621e+01
3.000000000000000000e+00 3.494504110044904621e+01
3.000000000000000000e+00 3.494504110044904621e+01
3.000000000000000000e+00 3.494504110044904621e+01
3.000000000000000000e+00 3.494504110044904621e+01
3.000000000000000000e+00 3.494504110044904621e+01
3.000000000000000000e+00 3.494504110044904621e+01
3.000000000000000000e+00 3.494504110044904621e+01
3.000000000000000000e+00 3.494504110044904621e+01
3.000000000000000000e+00 3.465735902799726631e+01
3.000000000000000000e+00 3.465735902799726631e+01
3.000000000000000000e+00 3.465735902799726631e+01
3.000000000000000000e+00 3.465735902799726631e+01
3.000000000000000000e+00 3.443421547668305749e+01
3.000000000000000000e+00 3.443421547668305749e+01
3.000000000000000000e+00 3.443421547668305749e+01
3.000000000000000000e+00 3.443421547668305749e+01
3.000000000000000000e+00 3.409774324006184543e+01
3.000000000000000000e+00 3.409774324006184543e+01
3.000000000000000000e+00 3.396421184743731914e+01
3.000000000000000000e+00 3.396421184743731914e+01
3.000000000000000000e+00 3.396421184743731914e+01
3.000000000000000000e+00 3.384642881178093887e+01
3.000000000000000000e+00 3.364575811631878821e+01
3.000000000000000000e+00 3.304792111556316314e+01
3.000000000000000000e+00 3.295261093575884104e+01
3.000000000000000000e+00 3.286559955876921180e+01
3.000000000000000000e+00 3.251729286450099465e+01
3.000000000000000000e+00 3.230598377083379091e+01
3.000000000000000000e+00 2.637014519890452036e+01
3.000000000000000000e+00 2.637014519890452036e+01
3.000000000000000000e+00 2.637008227218266754e+01
3.000000000000000000e+00 2.637001934942033543e+01
3.000000000000000000e+00 2.459409379976874632e+01
3.000000000000000000e+00 2.459406183778219912e+01
3.000000000000000000e+00 2.459405118401369705e+01
3.000000000000000000e+00 2.459404053035869353e+01
3.000000000000000000e+00 2.415795131066229473e+01
3.000000000000000000e+00 2.415794442249513452e+01
3.000000000000000000e+00 2.415792375827832572e+01
3.000000000000000000e+00 2.415779289482038195e+01
3.000000000000000000e+00 2.324905823837065455e+01
3.000000000000000000e+00 2.324593763544137914e+01
3.000000000000000000e+00 2.324593210128456278e+01
3.000000000000000000e+00 2.324592933421763874e+01
3.000000000000000000e+00 2.237822645932492094e+01
3.000000000000000000e+00 2.237789187905739041e+01
3.000000000000000000e+00 2.237788839443531685e+01
3.000000000000000000e+00 2.237788723289732573e+01
3.000000000000000000e+00 2.147042869235970386e+01
3.000000000000000000e+00 2.147042869235970386e+01
3.000000000000000000e+00 2.147042822362314141e+01
3.000000000000000000e+00 2.146972958168244361e+01
3.000000000000000000e+00 1.086240694496816950e+01
3.500000000000000000e+00 5.423207672047637828e+01
3.500000000000000000e+00 5.361184677255329945e+01
3.500000000000000000e+00 5.353197085622942808e+01
3.500000000000000000e+00 5.330229504136485019e+01
3.500000000000000000e+00 4.346654072292474780e+01
3.500000000000000000e+00 4.346653778351156916e+01
3.500000000000000000e+00 4.261477766043015691e+01
3.500000000000000000e+00 4.261477680580140515e+01
3.500000000000000000e+00 4.241789489385219269e+01
3.500000000000000000e+00 4.241789292661196242e+01
3.500000000000000000e+00 4.241789275977347273e+01
3.500000000000000000e+00 4.241789226824548820e+01
3.500000000000000000e+00 4.238393694898089592e+01
3.500000000000000000e+00 4.238393671150265618e+01
3.500000000000000000e+00 4.211743404645157085e+01
3.500000000000000000e+00 4.211743329370682432e+01
3.500000000000000000e+00 4.136499500472241664e+01
3.500000000000000000e+00 4.136499414963372345e+01
3.500000000000000000e+00 4.120190159270506314e+01
3.500000000000000000e+00 4.120190074709855566e+01
3.500000000000000000e+00 4.085069613882653528e+01
3.500000000000000000e+00 4.085069608541657260e+01
3.500000000000000000e+00 4.064930260243458804e+01
3.500000000000000000e+00 4.064930257313147877e+01
3.500000000000000000e+00 4.064930186377170429e+01
3.500000000000000000e+00 4.064930141290938792e+01
3.500000000000000000e+00 4.018413225708377468e+01
3.500000000000000000e+00 4.018413206361080370e+01
3.500000000000000000e+00 3.984520743401798626e+01
3.500000000000000000e+00 3.984520714354330551e+01
3.500000000000000000e+00 3.215027050964555855e+01
3.500000000000000000e+00 3.215027050964521038e+01
3.500000000000000000e+00 3.170329890374329906e+01
3.500000000000000000e+00 3.170329890371132464e+01
3.500000000000000000e+00 3.081527643584028198e+01
3.500000000000000000e+00 3.081527643583642018e+01
3.500000000000000000e+00 2.995736767802506861e+01
3.500000000000000000e+00 2.995736767798077693e+01
3.500000000000000000e+00 2.994286748069008297e+01
3.500000000000000000e+00 2.994286748062819470e+01
3.500000000000000000e+00 2.994286748061541559e+01
3.500000000000000000e+00 2.994286748061334791e+01
3.500000000000000000e+00 2.994038530969899981e+01
3.500000000000000000e+00 2.994038530967785405e+01
3.500000000000000000e+00 2.904602419916360034e+01
3.500000000000000000e+00 2.904602419915934064e+01
3.500000000000000000e+00 2.902584720566911969e+01
3.500000000000000000e+00 2.902584720563083209e+01
3.500000000000000000e+00 2.902584720562997944e+01
3.500000000000000000e+00 2.902584720562292020e+01
3.500000000000000000e+00 2.901258999787467729e+01
3.500000000000000000e+00 2.901258999786222148e+01
3.500000000000000000e+00 2.816022881631951336e+01
3.500000000000000000e+00 2.816022881631623065e+01
3.500000000000000000e+00 2.725731266547656517e+01
3.500000000000000000e+00 2.725731266547527909e+01
3.500000000000000000e+00 1.842602110325934106e+01
3.500000000000000000e+00 1.842602110325933040e+01
3.500000000000000000e+00 1.664740717218439059e+01
3.500000000000000000e+00 1.664740717218438348e+01
4.000000000000000000e+00 4.923128007095684922e+01
4.000000000000000000e+00 4.830911846511306607e+01
4.000000000000000000e+00 4.830855224246950286e+01
4.000000000000000000e+00 4.830854981385974867e+01
4.000000000000000000e+00 4.830852355467043679e+01
4.000000000000000000e+00 4.738335265367069127e+01
4.000000000000000000e+00 3.761252630031455624e+01
4.000000000000000000e+00 3.761252629996892693e+01
4.000000000000000000e+00 3.761252629996392471e+01
4.000000000000000000e+00 3.737267850220549548e+01
4.000000000000000000e+00 3.665459194448438751e+01
4.000000000000000000e+00 3.653500003315751599e+01
4.000000000000000000e+00 3.653500003286817588e+01
4.000000000000000000e+00 3.653500003286465869e+01
4.000000000000000000e+00 3.577759330925029246e+01
4.000000000000000000e+00 3.565393917043765271e+01
4.000000000000000000e+00 3.565393917033008364e+01
4.000000000000000000e+00 3.565393917032842808e+01
4.000000000000000000e+00 3.492594126392071985e+01
4.000000000000000000e+00 3.492594126391941955e+01
4.000000000000000000e+00 3.492594126390066123e+01
4.000000000000000000e+00 3.471822849246734677e+01
4.000000000000000000e+00 2.598702037612723004e+01
4.000000000000000000e+00 2.421361269871975708e+01
4.000000000000000000e+00 2.421137755938408631e+01
4.000000000000000000e+00 2.421137755938405789e+01
4.000000000000000000e+00 2.421137755938405789e+01
4.000000000000000000e+00 2.243146877280460316e+01
4.500000000000000000e+00 4.338993165130810326e+01
4.500000000000000000e+00 4.338993165127457985e+01
4.500000000000000000e+00 4.247291137632455360e+01
4.500000000000000000e+00 4.247291137628550217e+01
4.500000000000000000e+00 3.176647626187333628e+01
4.500000000000000000e+00 3.176647626187309470e+01
4.500000000000000000e+00 2.999788466610826632e+01
4.500000000000000000e+00 2.999788466610806736e+01
5.000000000000000000e+00 3.760571254933778107e+01
