-5.000000000000000000e+00 3.989625080608460195e+01
-4.500000000000000000e+00 4.392492591227054533e+01
-4.500000000000000000e+00 4.392492591209584418e+01
-4.500000000000000000e+00 4.373967605876543274e+01
-4.500000000000000000e+00 4.373967605860216423e+01
-4.500000000000000000e+00 3.834394626797325145e+01
-4.500000000000000000e+00 3.834394626788319016e+01
-4.500000000000000000e+00 3.637210122732050621e+01
-4.500000000000000000e+00 3.637210122724192018e+01
-4.000000000000000000e+00 4.828222992902570354e+01
-4.000000000000000000e+00 4.786005081759224566e+01
-4.000000000000000000e+00 4.778257175646372445e+01
-4.000000000000000000e+00 4.778257175628351661e+01
-4.000000000000000000e+00 4.778257175626966102e+01
-4.000000000000000000e+00 4.726511563162397778e+01
-4.000000000000000000e+00 4.261144655038515339e+01
-4.000000000000000000e+00 4.233217781860884799e+01
-4.000000000000000000e+00 4.233217781853277728e+01
-4.000000000000000000e+00 4.233217781803769242e+01
-4.000000000000000000e+00 4.227674712488569497e+01
-4.000000000000000000e+00 4.221460592101014697e+01
-4.000000000000000000e+00 4.221460592076404339e+01
-4.000000000000000000e+00 4.221460592051715111e+01
-4.000000000000000000e+00 4.042738857922817886e+01
-4.000000000000000000e+00 4.042738857900512528e+01
-4.000000000000000000e+00 4.042738857874548586e+01
-4.000000000000000000e+00 4.036419622046192757e+01
-4.000000000000000000e+00 4.017366629614679852e+01
-4.000000000000000000e+00 4.017366629605240291e+01
-4.000000000000000000e+00 4.017366629552855528e+01
-4.000000000000000000e+00 3.975557414284428859e+01
-4.000000000000000000e+00 3.662391990003171571e+01
-4.000000000000000000e+00 3.483403319145048016e+01
-4.000000000000000000e+00 3.483403319126364295e+01
-4.000000000000000000e+00 3.483403319125502406e+01
-4.000000000000000000e+00 3.477650425528902645e+01
-4.000000000000000000e+00 3.312495469752126809e+01
-3.500000000000000000e+00 5.212065290262755468e+01
-3.500000000000000000e+00 5.212065289417119374e+01
-3.500000000000000000e+00 5.160884830224838993e+01
-3.500000000000000000e+00 5.160884830162855508e+01
-3.500000000000000000e+00 4.715904306820286251e+01
-3.500000000000000000e+00 4.715904306643391664e+01
-3.500000000000000000e+00 4.640185736396343685e+01
-3.500000000000000000e+00 4.640185736362133895e+01
-3.500000000000000000e+00 4.633270257350950772e+01
-3.500000000000000000e+00 4.633270257329655095e+01
-3.500000000000000000e+00 4.621604662666751295e+01
-3.500000000000000000e+00 4.621604662661992080e+01
-3.500000000000000000e+00 4.621604662661028584e+01
-3.500000000000000000e+00 4.621604662659110829e+01
-3.500000000000000000e+00 4.578119859757114796e+01
-3.500000000000000000e+00 4.578119859696970906e+01
-3.500000000000000000e+00 4.494274996775278197e+01
-3.500000000000000000e+00 4.494274996748946194e+01
-3.500000000000000000e+00 4.444886209336303295e+01
-3.500000000000000000e+00 4.444886209272538480e+01
-3.500000000000000000e+00 4.424420158602076469e+01
-3.500000000000000000e+00 4.424420158599088637e+01
-3.500000000000000000e+00 4.424420158597303043e+01
-3.500000000000000000e+00 4.424420158593126473e+01
-3.500000000000000000e+00 4.360713710972606805e+01
-3.500000000000000000e+00 4.360713710935803533e+01
-3.500000000000000000e+00 4.299017534225362880e+01
-3.500000000000000000e+00 4.299017534124070750e+01
-3.500000000000000000e+00 4.292220405122247229e+01
-3.500000000000000000e+00 4.292220405121598503e+01
-3.500000000000000000e+00 4.108364786792373735e+01
-3.500000000000000000e+00 4.108364786667053181e+01
-3.500000000000000000e+00 4.037588099552743870e+01
-3.500000000000000000e+00 4.037588099488797866e+01
-3.500000000000000000e+00 3.955025099726374549e+01
-3.500000000000000000e+00 3.955025099725080651e+01
-3.500000000000000000e+00 3.884847179530535044e+01
-3.500000000000000000e+00 3.884847179525083760e+01
-3.500000000000000000e+00 3.884847179519636740e+01
-3.500000000000000000e+00 3.884847179514179061e+01
-3.500000000000000000e+00 3.866322194181140048e+01
-3.500000000000000000e+00 3.866322194175307203e+01
-3.500000000000000000e+00 3.866322194169472226e+01
-3.500000000000000000e+00 3.866322194163638670e+01
-3.500000000000000000e+00 3.866162149285818117e+01
-3.500000000000000000e+00 3.866162149269167969e+01
-3.500000000000000000e+00 3.840173048605613104e+01
-3.500000000000000000e+00 3.840173048535345401e+01
-3.500000000000000000e+00 3.812508351565678311e+01
-3.500000000000000000e+00 3.812508351523211303e+01
-3.500000000000000000e+00 3.754751520100229101e+01
-3.500000000000000000e+00 3.754751520099578954e+01
-3.500000000000000000e+00 3.702406336846438251e+01
-3.500000000000000000e+00 3.702406336825673350e+01
-3.500000000000000000e+00 3.678341928503590452e+01
-3.500000000000000000e+00 3.678341928494386082e+01
-3.500000000000000000e+00 3.291263112714323569e+01
-3.500000000000000000e+00 3.291263112709452088e+01
-3.500000000000000000e+00 3.154815329508742394e+01
-3.500000000000000000e+00 3.154815329507351862e+01
-3.000000000000000000e+00 nan
-3.000000000000000000e+00 nan
-3.000000000000000000e+00 nan
-3.000000000000000000e+00 nan
-3.000000000000000000e+00 nan
-3.000000000000000000e+00 nan
-3.000000000000000000e+00 nan
-3.000000000000000000e+00 nan
-3.000000000000000000e+00 nan
-3.000000000000000000e+00 nan
-3.000000000000000000e+00 nan
-3.000000000000000000e+00 nan
-3.000000000000000000e+00 nan
-3.000000000000000000e+00 nan
-3.000000000000000000e+00 nan
-3.000000000000000000e+00 nan
-3.000000000000000000e+00 nan
-3.000000000000000000e+00 nan
-3.000000000000000000e+00 nan
-3.000000000000000000e+00 nan
-3.000000000000000000e+00 inf
-3.000000000000000000e+00 inf
-3.000000000000000000e+00 inf
-3.000000000000000000e+00 inf
-3.000000000000000000e+00 inf
-3.000000000000000000e+00 inf
-3.000000000000000000e+00 inf
-3.000000000000000000e+00 inf
-3.000000000000000000e+00 inf
-3.000000000000000000e+00 inf
-3.000000000000000000e+00 inf
-3.000000000000000000e+00 inf
-3.000000000000000000e+00 inf
-3.000000000000000000e+00 inf
-3.000000000000000000e+00 inf
-3.000000000000000000e+00 inf
-3.000000000000000000e+00 inf
-3.000000000000000000e+00 inf
-3.000000000000000000e+00 inf
-3.000000000000000000e+00 inf
-3.000000000000000000e+00 inf
-3.000000000000000000e+00 inf
-3.000000000000000000e+00 inf
-3.000000000000000000e+00 inf
-3.000000000000000000e+00 inf
-3.000000000000000000e+00 inf
-3.000000000000000000e+00 inf
-3.000000000000000000e+00 inf
-3.000000000000000000e+00 inf
-3.000000000000000000e+00 inf
-3.000000000000000000e+00 inf
-3.000000000000000000e+00 inf
-3.000000000000000000e+00 inf
-3.000000000000000000e+00 inf
-3.000000000000000000e+00 inf
-3.000000000000000000e+00 inf
-3.000000000000000000e+00 inf
-3.000000000000000000e+00 inf
-3.000000000000000000e+00 inf
-3.000000000000000000e+00 inf
-3.000000000000000000e+00 inf
-3.000000000000000000e+00 inf
-3.000000000000000000e+00 inf
-3.000000000000000000e+00 inf
-3.000000000000000000e+00 inf
-3.000000000000000000e+00 inf
-3.000000000000000000e+00 inf
-3.000000000000000000e+00 inf
-3.000000000000000000e+00 inf
-3.000000000000000000e+00 inf
-3.000000000000000000e+00 3.604365338911715355e+01
-3.000000000000000000e+00 3.604365338911715355e+01
-3.000000000000000000e+00 3.604365338911715355e+01
-3.000000000000000000e+00 3.604365338911715355e+01
-3.000000000000000000e+00 3.604365338911715355e+01
-3.000000000000000000e+00 3.604365338911715355e+01
-3.000000000000000000e+00 3.604365338911715355e+01
-3.000000000000000000e+00 3.604365338911715355e+01
-3.000000000000000000e+00 3.604365338911715355e+01
-3.000000000000000000e+00 3.604365338911715355e+01
-3.000000000000000000e+00 3.604365338911715355e+01
-3.000000000000000000e+00 3.604365338911715355e+01
-3.000000000000000000e+00 3.604365338911715355e+01
-3.000000000000000000e+00 3.604365338911715355e+01
-3.000000000000000000e+00 3.604365338911715355e+01
-3.000000000000000000e+00 3.535050620855721348e+01
-3.000000000000000000e+00 3.535050620855721348e+01
-3.000000000000000000e+00 3.535050620855721348e+01
-3.000000000000000000e+00 3.535050620855721348e+01
-3.000000000000000000e+00 3.535050620855721348e+01
-3.000000000000000000e+00 3.535050620855721348e+01
-3.000000000000000000e+00 3.535050620855721348e+01
-3.000000000000000000e+00 3.494504110044904621e+01
-3.000000000000000000e+00 3.494504110044904621e+01
-3.000000000000000000e+00 3.443421547668305749e+01
-3.000000000000000000e+00 3.443421547668305749e+01
-3.000000000000000000e+00 3.443421547668305749e+01
-3.000000000000000000e+00 3.443421547668305749e+01
-3.000000000000000000e+00 3.257791748631743189e+01
-3.000000000000000000e+00 2.887584420480071046e+01
-2.500000000000000000e+00 inf
-2.500000000000000000e+00 inf
-2.500000000000000000e+00 inf
-2.500000000000000000e+00 inf
-2.500000000000000000e+00 inf
-2.500000000000000000e+00 inf
-2.500000000000000000e+00 inf
-2.500000000000000000e+00 inf
-2.500000000000000000e+00 inf
-2.500000000000000000e+00 inf
-2.500000000000000000e+00 inf
-2.500000000000000000e+00 inf
-2.500000000000000000e+00 inf
-2.500000000000000000e+00 inf
-2.500000000000000000e+00 inf
-2.500000000000000000e+00 inf
-2.500000000000000000e+00 inf
-2.500000000000000000e+00 inf
-2.500000000000000000e+00 inf
-2.500000000000000000e+00 inf
-2.500000000000000000e+00 inf
-2.500000000000000000e+00 inf
-2.500000000000000000e+00 inf
-2.500000000000000000e+00 inf
-2.500000000000000000e+00 inf
-2.500000000000000000e+00 inf
-2.500000000000000000e+00 inf
-2.500000000000000000e+00 inf
-2.500000000000000000e+00 inf
-2.500000000000000000e+00 inf
-2.500000000000000000e+00 inf
-2.500000000000000000e+00 inf
-2.500000000000000000e+00 inf
-2.500000000000000000e+00 inf
-2.500000000000000000e+00 inf
-2.500000000000000000e+00 inf
-2.500000000000000000e+00 inf
-2.500000000000000000e+00 inf
-2.500000000000000000e+00 inf
-2.500000000000000000e+00 inf
-2.500000000000000000e+00 inf
-2.500000000000000000e+00 inf
-2.500000000000000000e+00 inf
-2.500000000000000000e+00 inf
-2.500000000000000000e+00 inf
-2.500000000000000000e+00 inf
-2.500000000000000000e+00 inf
-2.500000000000000000e+00 inf
-2.500000000000000000e+00 inf
-2.500000000000000000e+00 inf
-2.500000000000000000e+00 inf
-2.500000000000000000e+00 inf
-2.500000000000000000e+00 inf
-2.500000000000000000e+00 inf
-2.500000000000000000e+00 inf
-2.500000000000000000e+00 inf
-2.500000000000000000e+00 3.604365338911715355e+01
-2.500000000000000000e+00 3.604365338911715355e+01
-2.500000000000000000e+00 3.604365338911715355e+01
-2.500000000000000000e+00 3.604365338911715355e+01
-2.500000000000000000e+00 3.604365338911715355e+01
-2.500000000000000000e+00 3.604365338911715355e+01
-2.500000000000000000e+00 3.604365338911715355e+01
-2.500000000000000000e+00 3.604365338911715355e+01
-2.500000000000000000e+00 3.604365338911715355e+01
-2.500000000000000000e+00 3.604365338911715355e+01
-2.500000000000000000e+00 3.604365338911715355e+01
-2.500000000000000000e+00 3.604365338911715355e+01
-2.500000000000000000e+00 3.604365338911715355e+01
-2.500000000000000000e+00 3.604365338911715355e+01
-2.500000000000000000e+00 3.604365338911715355e+01
-2.500000000000000000e+00 3.604365338911715355e+01
-2.500000000000000000e+00 3.604365338911715355e+01
-2.500000000000000000e+00 3.604365338911715355e+01
-2.500000000000000000e+00 3.604365338911715355e+01
-2.500000000000000000e+00 3.604365338911715355e+01
-2.500000000000000000e+00 3.604365338911715355e+01
-2.500000000000000000e+00 3.604365338911715355e+01
-2.500000000000000000e+00 3.604365338911715355e+01
-2.500000000000000000e+00 3.535050620855721348e+01
-2.500000000000000000e+00 3.535050620855721348e+01
-2.500000000000000000e+00 3.535050620855721348e+01
-2.500000000000000000e+00 3.535050620855721348e+01
-2.500000000000000000e+00 3.535050620855721348e+01
-2.500000000000000000e+00 3.409774324006184543e+01
-2.500000000000000000e+00 3.396421184743731914e+01
-2.500000000000000000e+00 3.396421184743731914e+01
-2.500000000000000000e+00 3.396421184743731914e+01
-2.500000000000000000e+00 3.327106466687737196e+01
-2.500000000000000000e+00 3.309921440995071862e+01
-2.500000000000000000e+00 3.278555685109567719e+01
-2.500000000000000000e+00 3.271144887894195108e+01
-2.500000000000000000e+00 3.271144887894195108e+01
-2.500000000000000000e+00 3.267635755913067896e+01
-2.500000000000000000e+00 3.267635755913067896e+01
-2.500000000000000000e+00 3.264245600745500298e+01
-2.500000000000000000e+00 3.264245600745500298e+01
-2.500000000000000000e+00 3.264245600745500298e+01
-2.500000000000000000e+00 3.113837861067872836e+01
-2.500000000000000000e+00 3.113099850338110386e+01
-2.000000000000000000e+00 inf
-2.000000000000000000e+00 inf
-2.000000000000000000e+00 inf
-2.000000000000000000e+00 inf
-2.000000000000000000e+00 inf
-2.000000000000000000e+00 inf
-2.000000000000000000e+00 inf
-2.000000000000000000e+00 inf
-2.000000000000000000e+00 inf
-2.000000000000000000e+00 inf
-2.000000000000000000e+00 inf
-2.000000000000000000e+00 inf
-2.000000000000000000e+00 inf
-2.000000000000000000e+00 inf
-2.000000000000000000e+00 inf
-2.000000000000000000e+00 inf
-2.000000000000000000e+00 inf
-2.000000000000000000e+00 inf
-2.000000000000000000e+00 inf
-2.000000000000000000e+00 inf
-2.000000000000000000e+00 inf
-2.000000000000000000e+00 inf
-2.000000000000000000e+00 inf
-2.000000000000000000e+00 inf
-2.000000000000000000e+00 inf
-2.000000000000000000e+00 3.604365338911715355e+01
-2.000000000000000000e+00 3.604365338911715355e+01
-2.000000000000000000e+00 3.604365338911715355e+01
-2.000000000000000000e+00 3.604365338911715355e+01
-2.000000000000000000e+00 3.604365338911715355e+01
-2.000000000000000000e+00 3.604365338911715355e+01
-2.000000000000000000e+00 3.604365338911715355e+01
-2.000000000000000000e+00 3.604365338911715355e+01
-2.000000000000000000e+00 3.604365338911715355e+01
-2.000000000000000000e+00 3.604365338911715355e+01
-2.000000000000000000e+00 3.604365338911715355e+01
-2.000000000000000000e+00 3.604365338911715355e+01
-2.000000000000000000e+00 3.604365338911715355e+01
-2.000000000000000000e+00 3.604365338911715355e+01
-2.000000000000000000e+00 3.604365338911715355e+01
-2.000000000000000000e+00 3.604365338911715355e+01
-2.000000000000000000e+00 3.604365338911715355e+01
-2.000000000000000000e+00 3.604365338911715355e+01
-2.000000000000000000e+00 3.604365338911715355e+01
-2.000000000000000000e+00 3.604365338911715355e+01
-2.000000000000000000e+00 3.604365338911715355e+01
-2.000000000000000000e+00 3.604365338911715355e+01
-2.000000000000000000e+00 3.604365338911715355e+01
-2.000000000000000000e+00 3.604365338911715355e+01
-2.000000000000000000e+00 3.604365338911715355e+01
-2.000000000000000000e+00 3.604365338911715355e+01
-2.000000000000000000e+00 3.604365338911715355e+01
-2.000000000000000000e+00 3.604365338911715355e+01
-2.000000000000000000e+00 3.604365338911715355e+01
-2.000000000000000000e+00 3.604365338911715355e+01
-2.000000000000000000e+00 3.604365338911715355e+01
-2.000000000000000000e+00 3.604365338911715355e+01
-2.000000000000000000e+00 3.535050620855721348e+01
-2.000000000000000000e+00 3.535050620855721348e+01
-2.000000000000000000e+00 3.535050620855721348e+01
-2.000000000000000000e+00 3.535050620855721348e+01
-2.000000000000000000e+00 3.535050620855721348e+01
-2.000000000000000000e+00 3.535050620855721348e+01
-2.000000000000000000e+00 3.535050620855721348e+01
-2.000000000000000000e+00 3.535050620855721348e+01
-2.000000000000000000e+00 3.535050620855721348e+01
-2.000000000000000000e+00 3.535050620855721348e+01
-2.000000000000000000e+00 3.535050620855721348e+01
-2.000000000000000000e+00 3.535050620855721348e+01
-2.000000000000000000e+00 3.535050620855721348e+01
-2.000000000000000000e+00 3.535050620855721348e+01
-2.000000000000000000e+00 3.535050620855721348e+01
-2.000000000000000000e+00 3.535050620855721348e+01
-2.000000000000000000e+00 3.535050620855721348e+01
-2.000000000000000000e+00 3.535050620855721348e+01
-2.000000000000000000e+00 3.494504110044904621e+01
-2.000000000000000000e+00 3.494504110044904621e+01
-2.000000000000000000e+00 3.494504110044904621e+01
-2.000000000000000000e+00 3.494504110044904621e+01
-2.000000000000000000e+00 3.465735902799726631e+01
-2.000000000000000000e+00 3.465735902799726631e+01
-2.000000000000000000e+00 3.465735902799726631e+01
-2.000000000000000000e+00 3.443421547668305749e+01
-2.000000000000000000e+00 3.443421547668305749e+01
-2.000000000000000000e+00 3.409774324006184543e+01
-2.000000000000000000e+00 3.396421184743731914e+01
-2.000000000000000000e+00 3.396421184743731914e+01
-2.000000000000000000e+00 3.384642881178093887e+01
-2.000000000000000000e+00 3.274781652311282443e+01
-2.000000000000000000e+00 3.271144887894195108e+01
-2.000000000000000000e+00 3.267635755913067896e+01
-2.000000000000000000e+00 3.264245600745500298e+01
-2.000000000000000000e+00 2.992776126363412104e+01
-2.000000000000000000e+00 2.992335597016620596e+01
-2.000000000000000000e+00 2.992116057960276976e+01
-2.000000000000000000e+00 2.992116057960276976e+01
-2.000000000000000000e+00 2.956054603765995736e+01
-2.000000000000000000e+00 2.955901815348190453e+01
-2.000000000000000000e+00 2.955749260017306668e+01
-2.000000000000000000e+00 2.955596937063254614e+01
-1.500000000000000000e+00 inf
-1.500000000000000000e+00 inf
-1.500000000000000000e+00 inf
-1.500000000000000000e+00 inf
-1.500000000000000000e+00 inf
-1.500000000000000000e+00 inf
-1.500000000000000000e+00 inf
-1.500000000000000000e+00 inf
-1.500000000000000000e+00 inf
-1.500000000000000000e+00 inf
-1.500000000000000000e+00 inf
-1.500000000000000000e+00 inf
-1.500000000000000000e+00 inf
-1.500000000000000000e+00 3.604365338911715355e+01
-1.500000000000000000e+00 3.604365338911715355e+01
-1.500000000000000000e+00 3.604365338911715355e+01
-1.500000000000000000e+00 3.604365338911715355e+01
-1.500000000000000000e+00 3.604365338911715355e+01
-1.500000000000000000e+00 3.604365338911715355e+01
-1.500000000000000000e+00 3.604365338911715355e+01
-1.500000000000000000e+00 3.604365338911715355e+01
-1.500000000000000000e+00 3.604365338911715355e+01
-1.500000000000000000e+00 3.604365338911715355e+01
-1.500000000000000000e+00 3.604365338911715355e+01
-1.500000000000000000e+00 3.604365338911715355e+01
-1.500000000000000000e+00 3.604365338911715355e+01
-1.500000000000000000e+00 3.604365338911715355e+01
-1.500000000000000000e+00 3.604365338911715355e+01
-1.500000000000000000e+00 3.604365338911715355e+01
-1.500000000000000000e+00 3.604365338911715355e+01
-1.500000000000000000e+00 3.604365338911715355e+01
-1.500000000000000000e+00 3.604365338911715355e+01
-1.500000000000000000e+00 3.604365338911715355e+01
-1.500000000000000000e+00 3.604365338911715355e+01
-1.500000000000000000e+00 3.604365338911715355e+01
-1.500000000000000000e+00 3.604365338911715355e+01
-1.500000000000000000e+00 3.604365338911715355e+01
-1.500000000000000000e+00 3.604365338911715355e+01
-1.500000000000000000e+00 3.604365338911715355e+01
-1.500000000000000000e+00 3.604365338911715355e+01
-1.500000000000000000e+00 3.604365338911715355e+01
-1.500000000000000000e+00 3.604365338911715355e+01
-1.500000000000000000e+00 3.604365338911715355e+01
-1.500000000000000000e+00 3.604365338911715355e+01
-1.500000000000000000e+00 3.535050620855721348e+01
-1.500000000000000000e+00 3.535050620855721348e+01
-1.500000000000000000e+00 3.535050620855721348e+01
-1.500000000000000000e+00 3.535050620855721348e+01
-1.500000000000000000e+00 3.535050620855721348e+01
-1.500000000000000000e+00 3.535050620855721348e+01
-1.500000000000000000e+00 3.535050620855721348e+01
-1.500000000000000000e+00 3.535050620855721348e+01
-1.500000000000000000e+00 3.535050620855721348e+01
-1.500000000000000000e+00 3.535050620855721348e+01
-1.500000000000000000e+00 3.535050620855721348e+01
-1.500000000000000000e+00 3.535050620855721348e+01
-1.500000000000000000e+00 3.535050620855721348e+01
-1.500000000000000000e+00 3.494504110044904621e+01
-1.500000000000000000e+00 3.494504110044904621e+01
-1.500000000000000000e+00 3.494504110044904621e+01
-1.500000000000000000e+00 3.494504110044904621e+01
-1.500000000000000000e+00 3.494504110044904621e+01
-1.500000000000000000e+00 3.494504110044904621e+01
-1.500000000000000000e+00 3.494504110044904621e+01
-1.500000000000000000e+00 3.494504110044904621e+01
-1.500000000000000000e+00 3.494504110044904621e+01
-1.500000000000000000e+00 3.494504110044904621e+01
-1.500000000000000000e+00 3.465735902799726631e+01
-1.500000000000000000e+00 3.465735902799726631e+01
-1.500000000000000000e+00 3.465735902799726631e+01
-1.500000000000000000e+00 3.425189391988909904e+01
-1.500000000000000000e+00 3.425189391988909904e+01
-1.500000000000000000e+00 3.425189391988909904e+01
-1.500000000000000000e+00 3.409774324006184543e+01
-1.500000000000000000e+00 3.409774324006184543e+01
-1.500000000000000000e+00 3.384642881178093887e+01
-1.500000000000000000e+00 3.384642881178093887e+01
-1.500000000000000000e+00 3.384642881178093887e+01
-1.500000000000000000e+00 3.355874673932915897e+01
-1.500000000000000000e+00 3.355874673932915897e+01
-1.500000000000000000e+00 3.347870403165561726e+01
-1.500000000000000000e+00 3.347870403165561726e+01
-1.500000000000000000e+00 3.347870403165561726e+01
-1.500000000000000000e+00 3.340459605950189825e+01
-1.500000000000000000e+00 3.333560318801494304e+01
-1.500000000000000000e+00 3.327106466687737196e+01
-1.500000000000000000e+00 3.327106466687737196e+01
-1.500000000000000000e+00 3.315328163122099170e+01
-1.500000000000000000e+00 3.315328163122099170e+01
-1.500000000000000000e+00 3.309921440995071862e+01
-1.500000000000000000e+00 3.304792111556316314e+01
-1.500000000000000000e+00 3.304792111556316314e+01
-1.500000000000000000e+00 3.230598377083379091e+01
-1.500000000000000000e+00 3.228245327342359161e+01
-1.500000000000000000e+00 3.209240967053573002e+01
-1.500000000000000000e+00 3.207336147556503647e+01
-1.500000000000000000e+00 2.978025512652553175e+01
-1.500000000000000000e+00 2.977645284057579289e+01
-1.500000000000000000e+00 2.580190947816631208e+01
-1.500000000000000000e+00 2.580187382817789654e+01
-1.000000000000000000e+00 inf
-1.000000000000000000e+00 inf
-1.000000000000000000e+00 inf
-1.000000000000000000e+00 inf
-1.000000000000000000e+00 inf
-1.000000000000000000e+00 inf
-1.000000000000000000e+00 inf
-1.000000000000000000e+00 inf
-1.000000000000000000e+00 inf
-1.000000000000000000e+00 inf
-1.000000000000000000e+00 inf
-1.000000000000000000e+00 3.604365338911715355e+01
-1.000000000000000000e+00 3.604365338911715355e+01
-1.000000000000000000e+00 3.604365338911715355e+01
-1.000000000000000000e+00 3.604365338911715355e+01
-1.000000000000000000e+00 3.604365338911715355e+01
-1.000000000000000000e+00 3.604365338911715355e+01
-1.000000000000000000e+00 3.604365338911715355e+01
-1.000000000000000000e+00 3.604365338911715355e+01
-1.000000000000000000e+00 3.604365338911715355e+01
-1.000000000000000000e+00 3.604365338911715355e+01
-1.000000000000000000e+00 3.604365338911715355e+01
-1.000000000000000000e+00 3.604365338911715355e+01
-1.000000000000000000e+00 3.604365338911715355e+01
-1.000000000000000000e+00 3.604365338911715355e+01
-1.000000000000000000e+00 3.604365338911715355e+01
-1.000000000000000000e+00 3.604365338911715355e+01
-1.000000000000000000e+00 3.604365338911715355e+01
-1.000000000000000000e+00 3.604365338911715355e+01
-1.000000000000000000e+00 3.604365338911715355e+01
-1.000000000000000000e+00 3.604365338911715355e+01
-1.000000000000000000e+00 3.604365338911715355e+01
-1.000000000000000000e+00 3.604365338911715355e+01
-1.000000000000000000e+00 3.604365338911715355e+01
-1.000000000000000000e+00 3.604365338911715355e+01
-1.000000000000000000e+00 3.604365338911715355e+01
-1.000000000000000000e+00 3.604365338911715355e+01
-1.000000000000000000e+00 3.604365338911715355e+01
-1.000000000000000000e+00 3.604365338911715355e+01
-1.000000000000000000e+00 3.604365338911715355e+01
-1.000000000000000000e+00 3.604365338911715355e+01
-1.000000000000000000e+00 3.604365338911715355e+01
-1.000000000000000000e+00 3.604365338911715355e+01
-1.000000000000000000e+00 3.604365338911715355e+01
-1.000000000000000000e+00 3.604365338911715355e+01
-1.000000000000000000e+00 3.535050620855721348e+01
-1.000000000000000000e+00 3.535050620855721348e+01
-1.000000000000000000e+00 3.535050620855721348e+01
-1.000000000000000000e+00 3.535050620855721348e+01
-1.000000000000000000e+00 3.535050620855721348e+01
-1.000000000000000000e+00 3.535050620855721348e+01
-1.000000000000000000e+00 3.535050620855721348e+01
-1.000000000000000000e+00 3.535050620855721348e+01
-1.000000000000000000e+00 3.535050620855721348e+01
-1.000000000000000000e+00 3.535050620855721348e+01
-1.000000000000000000e+00 3.535050620855721348e+01
-1.000000000000000000e+00 3.535050620855721348e+01
-1.000000000000000000e+00 3.535050620855721348e+01
-1.000000000000000000e+00 3.535050620855721348e+01
-1.000000000000000000e+00 3.535050620855721348e+01
-1.000000000000000000e+00 3.535050620855721348e+01
-1.000000000000000000e+00 3.535050620855721348e+01
-1.000000000000000000e+00 3.494504110044904621e+01
-1.000000000000000000e+00 3.494504110044904621e+01
-1.000000000000000000e+00 3.494504110044904621e+01
-1.000000000000000000e+00 3.494504110044904621e+01
-1.000000000000000000e+00 3.494504110044904621e+01
-1.000000000000000000e+00 3.494504110044904621e+01
-1.000000000000000000e+00 3.494504110044904621e+01
-1.000000000000000000e+00 3.494504110044904621e+01
-1.000000000000000000e+00 3.494504110044904621e+01
-1.000000000000000000e+00 3.465735902799726631e+01
-1.000000000000000000e+00 3.465735902799726631e+01
-1.000000000000000000e+00 3.465735902799726631e+01
-1.000000000000000000e+00 3.384642881178093887e+01
-1.000000000000000000e+00 3.384642881178093887e+01
-1.000000000000000000e+00 3.374106829612311031e+01
-1.000000000000000000e+00 3.374106829612311031e+01
-1.000000000000000000e+00 3.364575811631878821e+01
-1.000000000000000000e+00 3.364575811631878821e+01
-1.000000000000000000e+00 3.355874673932915897e+01
-1.000000000000000000e+00 3.347870403165561726e+01
-1.000000000000000000e+00 3.347870403165561726e+01
-1.000000000000000000e+00 3.347870403165561726e+01
-1.000000000000000000e+00 3.340459605950189825e+01
-1.000000000000000000e+00 3.327106466687737196e+01
-1.000000000000000000e+00 3.243273547647293498e+01
-1.000000000000000000e+00 3.240606722939077144e+01
-1.000000000000000000e+00 3.238009174298750992e+01
-1.000000000000000000e+00 3.238009174298750992e+01
-1.000000000000000000e+00 3.139926248997578284e+01
-1.000000000000000000e+00 3.096847957388332873e+01
-1.000000000000000000e+00 3.096847957388332873e+01
-1.000000000000000000e+00 3.096224902413269220e+01
-1.000000000000000000e+00 3.039116420884850456e+01
-1.000000000000000000e+00 2.948545558630488728e+01
-1.000000000000000000e+00 2.948262272322058308e+01
-1.000000000000000000e+00 2.948262272322058308e+01
-1.000000000000000000e+00 2.948120929542343660e+01
-1.000000000000000000e+00 2.914191618246058368e+01
-5.000000000000000000e-01 inf
-5.000000000000000000e-01 inf
-5.000000000000000000e-01 inf
-5.000000000000000000e-01 inf
-5.000000000000000000e-01 inf
-5.000000000000000000e-01 inf
-5.000000000000000000e-01 inf
-5.000000000000000000e-01 inf
-5.000000000000000000e-01 inf
-5.000000000000000000e-01 3.604365338911715355e+01
-5.000000000000000000e-01 3.604365338911715355e+01
-5.000000000000000000e-01 3.604365338911715355e+01
-5.000000000000000000e-01 3.604365338911715355e+01
-5.000000000000000000e-01 3.604365338911715355e+01
-5.000000000000000000e-01 3.604365338911715355e+01
-5.000000000000000000e-01 3.604365338911715355e+01
-5.000000000000000000e-01 3.604365338911715355e+01
-5.000000000000000000e-01 3.604365338911715355e+01
-5.000000000000000000e-01 3.604365338911715355e+01
-5.000000000000000000e-01 3.604365338911715355e+01
-5.000000000000000000e-01 3.604365338911715355e+01
-5.000000000000000000e-01 3.604365338911715355e+01
-5.000000000000000000e-01 3.604365338911715355e+01
-5.000000000000000000e-01 3.604365338911715355e+01
-5.000000000000000000e-01 3.604365338911715355e+01
-5.000000000000000000e-01 3.604365338911715355e+01
-5.000000000000000000e-01 3.604365338911715355e+01
-5.000000000000000000e-01 3.604365338911715355e+01
-5.000000000000000000e-01 3.535050620855721348e+01
-5.000000000000000000e-01 3.535050620855721348e+01
-5.000000000000000000e-01 3.535050620855721348e+01
-5.000000000000000000e-01 3.535050620855721348e+01
-5.000000000000000000e-01 3.535050620855721348e+01
-5.000000000000000000e-01 3.535050620855721348e+01
-5.000000000000000000e-01 3.535050620855721348e+01
-5.000000000000000000e-01 3.535050620855721348e+01
-5.000000000000000000e-01 3.535050620855721348e+01
-5.000000000000000000e-01 3.535050620855721348e+01
-5.000000000000000000e-01 3.535050620855721348e+01
-5.000000000000000000e-01 3.535050620855721348e+01
-5.000000000000000000e-01 3.535050620855721348e+01
-5.000000000000000000e-01 3.535050620855721348e+01
-5.000000000000000000e-01 3.535050620855721348e+01
-5.000000000000000000e-01 3.535050620855721348e+01
-5.000000000000000000e-01 3.535050620855721348e+01
-5.000000000000000000e-01 3.494504110044904621e+01
-5.000000000000000000e-01 3.494504110044904621e+01
-5.000000000000000000e-01 3.494504110044904621e+01
-5.000000000000000000e-01 3.494504110044904621e+01
-5.000000000000000000e-01 3.494504110044904621e+01
-5.000000000000000000e-01 3.494504110044904621e+01
-5.000000000000000000e-01 3.494504110044904621e+01
-5.000000000000000000e-01 3.494504110044904621e+01
-5.000000000000000000e-01 3.494504110044904621e+01
-5.000000000000000000e-01 3.494504110044904621e+01
-5.000000000000000000e-01 3.465735902799726631e+01
-5.000000000000000000e-01 3.465735902799726631e+01
-5.000000000000000000e-01 3.465735902799726631e+01
-5.000000000000000000e-01 3.465735902799726631e+01
-5.000000000000000000e-01 3.465735902799726631e+01
-5.000000000000000000e-01 3.465735902799726631e+01
-5.000000000000000000e-01 3.465735902799726631e+01
-5.000000000000000000e-01 3.443421547668305749e+01
-5.000000000000000000e-01 3.443421547668305749e+01
-5.000000000000000000e-01 3.443421547668305749e+01
-5.000000000000000000e-01 3.443421547668305749e+01
-5.000000000000000000e-01 3.443421547668305749e+01
-5.000000000000000000e-01 3.425189391988909904e+01
-5.000000000000000000e-01 3.409774324006184543e+01
-5.000000000000000000e-01 3.409774324006184543e+01
-5.000000000000000000e-01 3.409774324006184543e+01
-5.000000000000000000e-01 3.409774324006184543e+01
-5.000000000000000000e-01 3.384642881178093887e+01
-5.000000000000000000e-01 3.364575811631878821e+01
-5.000000000000000000e-01 3.355874673932915897e+01
-5.000000000000000000e-01 3.355874673932915897e+01
-5.000000000000000000e-01 3.355874673932915897e+01
-5.000000000000000000e-01 3.355874673932915897e+01
-5.000000000000000000e-01 3.355874673932915897e+01
-5.000000000000000000e-01 3.355874673932915897e+01
-5.000000000000000000e-01 3.347870403165561726e+01
-5.000000000000000000e-01 3.327106466687737196e+01
-5.000000000000000000e-01 3.260966618463201172e+01
-5.000000000000000000e-01 3.257791748631743189e+01
-5.000000000000000000e-01 3.254714582765067377e+01
-5.000000000000000000e-01 3.248830532762774226e+01
-5.000000000000000000e-01 3.225946375519889386e+01
-5.000000000000000000e-01 3.223699089934683570e+01
-5.000000000000000000e-01 3.223699089934683570e+01
-5.000000000000000000e-01 3.223699089934683570e+01
-5.000000000000000000e-01 3.221501199262806381e+01
-5.000000000000000000e-01 3.221501199262806381e+01
-5.000000000000000000e-01 3.101321546772472004e+01
-5.000000000000000000e-01 3.100670078670352581e+01
-5.000000000000000000e-01 2.873779335643314781e+01
-5.000000000000000000e-01 2.873645107435241641e+01
-5.000000000000000000e-01 2.764456828618124717e+01
-5.000000000000000000e-01 2.764456828618124717e+01
-5.000000000000000000e-01 2.487869800840798362e+01
-5.000000000000000000e-01 2.487864136241708835e+01
0.000000000000000000e+00 inf
0.000000000000000000e+00 inf
0.000000000000000000e+00 inf
0.000000000000000000e+00 inf
0.000000000000000000e+00 inf
0.000000000000000000e+00 3.604365338911715355e+01
0.000000000000000000e+00 3.604365338911715355e+01
0.000000000000000000e+00 3.604365338911715355e+01
0.000000000000000000e+00 3.604365338911715355e+01
0.000000000000000000e+00 3.604365338911715355e+01
0.000000000000000000e+00 3.604365338911715355e+01
0.000000000000000000e+00 3.604365338911715355e+01
0.000000000000000000e+00 3.604365338911715355e+01
0.000000000000000000e+00 3.604365338911715355e+01
0.000000000000000000e+00 3.604365338911715355e+01
0.000000000000000000e+00 3.604365338911715355e+01
0.000000000000000000e+00 3.604365338911715355e+01
0.000000000000000000e+00 3.604365338911715355e+01
0.000000000000000000e+00 3.604365338911715355e+01
0.000000000000000000e+00 3.604365338911715355e+01
0.000000000000000000e+00 3.535050620855721348e+01
0.000000000000000000e+00 3.535050620855721348e+01
0.000000000000000000e+00 3.535050620855721348e+01
0.000000000000000000e+00 3.535050620855721348e+01
0.000000000000000000e+00 3.535050620855721348e+01
0.000000000000000000e+00 3.535050620855721348e+01
0.000000000000000000e+00 3.535050620855721348e+01
0.000000000000000000e+00 3.535050620855721348e+01
0.000000000000000000e+00 3.535050620855721348e+01
0.000000000000000000e+00 3.535050620855721348e+01
0.000000000000000000e+00 3.535050620855721348e+01
0.000000000000000000e+00 3.535050620855721348e+01
0.000000000000000000e+00 3.535050620855721348e+01
0.000000000000000000e+00 3.535050620855721348e+01
0.000000000000000000e+00 3.535050620855721348e+01
0.000000000000000000e+00 3.494504110044904621e+01
0.000000000000000000e+00 3.494504110044904621e+01
0.000000000000000000e+00 3.494504110044904621e+01
0.000000000000000000e+00 3.494504110044904621e+01
0.000000000000000000e+00 3.494504110044904621e+01
0.000000000000000000e+00 3.494504110044904621e+01
0.000000000000000000e+00 3.494504110044904621e+01
0.000000000000000000e+00 3.494504110044904621e+01
0.000000000000000000e+00 3.494504110044904621e+01
0.000000000000000000e+00 3.494504110044904621e+01
0.000000000000000000e+00 3.494504110044904621e+01
0.000000000000000000e+00 3.494504110044904621e+01
0.000000000000000000e+00 3.494504110044904621e+01
0.000000000000000000e+00 3.494504110044904621e+01
0.000000000000000000e+00 3.494504110044904621e+01
0.000000000000000000e+00 3.494504110044904621e+01
0.000000000000000000e+00 3.494504110044904621e+01
0.000000000000000000e+00 3.465735902799726631e+01
0.000000000000000000e+00 3.465735902799726631e+01
0.000000000000000000e+00 3.465735902799726631e+01
0.000000000000000000e+00 3.465735902799726631e+01
0.000000000000000000e+00 3.465735902799726631e+01
0.000000000000000000e+00 3.465735902799726631e+01
0.000000000000000000e+00 3.465735902799726631e+01
0.000000000000000000e+00 3.465735902799726631e+01
0.000000000000000000e+00 3.443421547668305749e+01
0.000000000000000000e+00 3.443421547668305749e+01
0.000000000000000000e+00 3.443421547668305749e+01
0.000000000000000000e+00 3.443421547668305749e+01
0.000000000000000000e+00 3.443421547668305749e+01
0.000000000000000000e+00 3.443421547668305749e+01
0.000000000000000000e+00 3.443421547668305749e+01
0.000000000000000000e+00 3.443421547668305749e+01
0.000000000000000000e+00 3.443421547668305749e+01
0.000000000000000000e+00 3.425189391988909904e+01
0.000000000000000000e+00 3.425189391988909904e+01
0.000000000000000000e+00 3.409774324006184543e+01
0.000000000000000000e+00 3.409774324006184543e+01
0.000000000000000000e+00 3.384642881178093887e+01
0.000000000000000000e+00 3.374106829612311031e+01
0.000000000000000000e+00 3.374106829612311031e+01
0.000000000000000000e+00 3.355874673932915897e+01
0.000000000000000000e+00 3.327106466687737196e+01
0.000000000000000000e+00 3.327106466687737196e+01
0.000000000000000000e+00 3.321044004506094183e+01
0.000000000000000000e+00 3.264245600745500298e+01
0.000000000000000000e+00 3.240606722939077144e+01
0.000000000000000000e+00 3.175319394796876438e+01
0.000000000000000000e+00 3.172616527558084698e+01
0.000000000000000000e+00 3.171292004883082427e+01
0.000000000000000000e+00 3.169984796726347298e+01
0.000000000000000000e+00 3.169984796726347298e+01
0.000000000000000000e+00 3.167420553665013472e+01
0.000000000000000000e+00 3.151105389596390083e+01
0.000000000000000000e+00 3.057982158409154749e+01
0.000000000000000000e+00 2.989732413144825784e+01
0.000000000000000000e+00 2.988667440353160032e+01
0.000000000000000000e+00 2.988455800062522272e+01
0.000000000000000000e+00 2.987613689822881469e+01
0.000000000000000000e+00 2.955749260017306668e+01
0.000000000000000000e+00 2.955444845779183893e+01
0.000000000000000000e+00 2.955292985461464994e+01
0.000000000000000000e+00 2.950551356534948511e+01
0.000000000000000000e+00 2.669337717684345535e+01
0.000000000000000000e+00 2.805564590831726173e-06
5.000000000000000000e-01 inf
5.000000000000000000e-01 inf
5.000000000000000000e-01 inf
5.000000000000000000e-01 inf
5.000000000000000000e-01 inf
5.000000000000000000e-01 inf
5.000000000000000000e-01 inf
5.000000000000000000e-01 inf
5.000000000000000000e-01 inf
5.000000000000000000e-01 inf
5.000000000000000000e-01 inf
5.000000000000000000e-01 inf
5.000000000000000000e-01 inf
5.000000000000000000e-01 inf
5.000000000000000000e-01 inf
5.000000000000000000e-01 3.604365338911715355e+01
5.000000000000000000e-01 3.604365338911715355e+01
5.000000000000000000e-01 3.604365338911715355e+01
5.000000000000000000e-01 3.604365338911715355e+01
5.000000000000000000e-01 3.604365338911715355e+01
5.000000000000000000e-01 3.604365338911715355e+01
5.000000000000000000e-01 3.604365338911715355e+01
5.000000000000000000e-01 3.604365338911715355e+01
5.000000000000000000e-01 3.604365338911715355e+01
5.000000000000000000e-01 3.604365338911715355e+01
5.000000000000000000e-01 3.604365338911715355e+01
5.000000000000000000e-01 3.604365338911715355e+01
5.000000000000000000e-01 3.604365338911715355e+01
5.000000000000000000e-01 3.604365338911715355e+01
5.000000000000000000e-01 3.604365338911715355e+01
5.000000000000000000e-01 3.604365338911715355e+01
5.000000000000000000e-01 3.604365338911715355e+01
5.000000000000000000e-01 3.604365338911715355e+01
5.000000000000000000e-01 3.604365338911715355e+01
5.000000000000000000e-01 3.604365338911715355e+01
5.000000000000000000e-01 3.604365338911715355e+01
5.000000000000000000e-01 3.604365338911715355e+01
5.000000000000000000e-01 3.604365338911715355e+01
5.000000000000000000e-01 3.535050620855721348e+01
5.000000000000000000e-01 3.535050620855721348e+01
5.000000000000000000e-01 3.535050620855721348e+01
5.000000000000000000e-01 3.535050620855721348e+01
5.000000000000000000e-01 3.535050620855721348e+01
5.000000000000000000e-01 3.535050620855721348e+01
5.000000000000000000e-01 3.535050620855721348e+01
5.000000000000000000e-01 3.535050620855721348e+01
5.000000000000000000e-01 3.535050620855721348e+01
5.000000000000000000e-01 3.535050620855721348e+01
5.000000000000000000e-01 3.535050620855721348e+01
5.000000000000000000e-01 3.535050620855721348e+01
5.000000000000000000e-01 3.535050620855721348e+01
5.000000000000000000e-01 3.535050620855721348e+01
5.000000000000000000e-01 3.494504110044904621e+01
5.000000000000000000e-01 3.494504110044904621e+01
5.000000000000000000e-01 3.494504110044904621e+01
5.000000000000000000e-01 3.494504110044904621e+01
5.000000000000000000e-01 3.494504110044904621e+01
5.000000000000000000e-01 3.494504110044904621e+01
5.000000000000000000e-01 3.465735902799726631e+01
5.000000000000000000e-01 3.465735902799726631e+01
5.000000000000000000e-01 3.465735902799726631e+01
5.000000000000000000e-01 3.465735902799726631e+01
5.000000000000000000e-01 3.465735902799726631e+01
5.000000000000000000e-01 3.465735902799726631e+01
5.000000000000000000e-01 3.465735902799726631e+01
5.000000000000000000e-01 3.465735902799726631e+01
5.000000000000000000e-01 3.465735902799726631e+01
5.000000000000000000e-01 3.465735902799726631e+01
5.000000000000000000e-01 3.443421547668305749e+01
5.000000000000000000e-01 3.443421547668305749e+01
5.000000000000000000e-01 3.443421547668305749e+01
5.000000000000000000e-01 3.443421547668305749e+01
5.000000000000000000e-01 3.425189391988909904e+01
5.000000000000000000e-01 3.425189391988909904e+01
5.000000000000000000e-01 3.409774324006184543e+01
5.000000000000000000e-01 3.396421184743731914e+01
5.000000000000000000e-01 3.396421184743731914e+01
5.000000000000000000e-01 3.384642881178093887e+01
5.000000000000000000e-01 3.384642881178093887e+01
5.000000000000000000e-01 3.374106829612311031e+01
5.000000000000000000e-01 3.347870403165561726e+01
5.000000000000000000e-01 3.340459605950189825e+01
5.000000000000000000e-01 3.340459605950189825e+01
5.000000000000000000e-01 3.333560318801494304e+01
5.000000000000000000e-01 3.333560318801494304e+01
5.000000000000000000e-01 3.333560318801494304e+01
5.000000000000000000e-01 3.333560318801494304e+01
5.000000000000000000e-01 3.327106466687737196e+01
5.000000000000000000e-01 3.309921440995071862e+01
5.000000000000000000e-01 3.304792111556316314e+01
5.000000000000000000e-01 3.203632020388468504e+01
5.000000000000000000e-01 3.200060212128260417e+01
5.000000000000000000e-01 3.180954688451989654e+01
5.000000000000000000e-01 3.180954688451989654e+01
5.000000000000000000e-01 3.079137996107052544e+01
5.000000000000000000e-01 3.077579523005382711e+01
5.000000000000000000e-01 2.963347850715098986e+01
5.000000000000000000e-01 2.963183512140725995e+01
5.000000000000000000e-01 2.527361171661670269e+01
5.000000000000000000e-01 2.527356967773072682e+01
1.000000000000000000e+00 inf
1.000000000000000000e+00 inf
1.000000000000000000e+00 inf
1.000000000000000000e+00 inf
1.000000000000000000e+00 inf
1.000000000000000000e+00 inf
1.000000000000000000e+00 inf
1.000000000000000000e+00 inf
1.000000000000000000e+00 inf
1.000000000000000000e+00 inf
1.000000000000000000e+00 inf
1.000000000000000000e+00 inf
1.000000000000000000e+00 inf
1.000000000000000000e+00 inf
1.000000000000000000e+00 inf
1.000000000000000000e+00 inf
1.000000000000000000e+00 inf
1.000000000000000000e+00 inf
1.000000000000000000e+00 inf
1.000000000000000000e+00 inf
1.000000000000000000e+00 inf
1.000000000000000000e+00 inf
1.000000000000000000e+00 inf
1.000000000000000000e+00 3.604365338911715355e+01
1.000000000000000000e+00 3.604365338911715355e+01
1.000000000000000000e+00 3.604365338911715355e+01
1.000000000000000000e+00 3.604365338911715355e+01
1.000000000000000000e+00 3.604365338911715355e+01
1.000000000000000000e+00 3.604365338911715355e+01
1.000000000000000000e+00 3.604365338911715355e+01
1.000000000000000000e+00 3.604365338911715355e+01
1.000000000000000000e+00 3.604365338911715355e+01
1.000000000000000000e+00 3.604365338911715355e+01
1.000000000000000000e+00 3.604365338911715355e+01
1.000000000000000000e+00 3.604365338911715355e+01
1.000000000000000000e+00 3.604365338911715355e+01
1.000000000000000000e+00 3.604365338911715355e+01
1.000000000000000000e+00 3.604365338911715355e+01
1.000000000000000000e+00 3.604365338911715355e+01
1.000000000000000000e+00 3.604365338911715355e+01
1.000000000000000000e+00 3.604365338911715355e+01
1.000000000000000000e+00 3.604365338911715355e+01
1.000000000000000000e+00 3.604365338911715355e+01
1.000000000000000000e+00 3.604365338911715355e+01
1.000000000000000000e+00 3.604365338911715355e+01
1.000000000000000000e+00 3.604365338911715355e+01
1.000000000000000000e+00 3.604365338911715355e+01
1.000000000000000000e+00 3.604365338911715355e+01
1.000000000000000000e+00 3.604365338911715355e+01
1.000000000000000000e+00 3.604365338911715355e+01
1.000000000000000000e+00 3.604365338911715355e+01
1.000000000000000000e+00 3.604365338911715355e+01
1.000000000000000000e+00 3.604365338911715355e+01
1.000000000000000000e+00 3.604365338911715355e+01
1.000000000000000000e+00 3.604365338911715355e+01
1.000000000000000000e+00 3.604365338911715355e+01
1.000000000000000000e+00 3.604365338911715355e+01
1.000000000000000000e+00 3.604365338911715355e+01
1.000000000000000000e+00 3.604365338911715355e+01
1.000000000000000000e+00 3.604365338911715355e+01
1.000000000000000000e+00 3.604365338911715355e+01
1.000000000000000000e+00 3.604365338911715355e+01
1.000000000000000000e+00 3.535050620855721348e+01
1.000000000000000000e+00 3.535050620855721348e+01
1.000000000000000000e+00 3.535050620855721348e+01
1.000000000000000000e+00 3.535050620855721348e+01
1.000000000000000000e+00 3.535050620855721348e+01
1.000000000000000000e+00 3.535050620855721348e+01
1.000000000000000000e+00 3.535050620855721348e+01
1.000000000000000000e+00 3.535050620855721348e+01
1.000000000000000000e+00 3.535050620855721348e+01
1.000000000000000000e+00 3.535050620855721348e+01
1.000000000000000000e+00 3.535050620855721348e+01
1.000000000000000000e+00 3.535050620855721348e+01
1.000000000000000000e+00 3.535050620855721348e+01
1.000000000000000000e+00 3.494504110044904621e+01
1.000000000000000000e+00 3.494504110044904621e+01
1.000000000000000000e+00 3.494504110044904621e+01
1.000000000000000000e+00 3.494504110044904621e+01
1.000000000000000000e+00 3.465735902799726631e+01
1.000000000000000000e+00 3.465735902799726631e+01
1.000000000000000000e+00 3.465735902799726631e+01
1.000000000000000000e+00 3.443421547668305749e+01
1.000000000000000000e+00 3.384642881178093887e+01
1.000000000000000000e+00 3.384642881178093887e+01
1.000000000000000000e+00 3.384642881178093887e+01
1.000000000000000000e+00 3.374106829612311031e+01
1.000000000000000000e+00 3.340459605950189825e+01
1.000000000000000000e+00 3.333560318801494304e+01
1.000000000000000000e+00 3.333560318801494304e+01
1.000000000000000000e+00 3.327106466687737196e+01
1.000000000000000000e+00 3.060993138556291626e+01
1.000000000000000000e+00 3.060123567859536209e+01
1.000000000000000000e+00 3.060123567859536209e+01
1.000000000000000000e+00 3.060123567859536209e+01
1.000000000000000000e+00 3.024153501374009423e+01
1.000000000000000000e+00 3.023851842020066627e+01
1.000000000000000000e+00 3.023551089913671319e+01
1.000000000000000000e+00 3.023251239614045716e+01
1.000000000000000000e+00 2.976700989977551259e+01
1.500000000000000000e+00 inf
1.500000000000000000e+00 inf
1.500000000000000000e+00 inf
1.500000000000000000e+00 inf
1.500000000000000000e+00 inf
1.500000000000000000e+00 inf
1.500000000000000000e+00 inf
1.500000000000000000e+00 inf
1.500000000000000000e+00 inf
1.500000000000000000e+00 inf
1.500000000000000000e+00 inf
1.500000000000000000e+00 inf
1.500000000000000000e+00 inf
1.500000000000000000e+00 inf
1.500000000000000000e+00 inf
1.500000000000000000e+00 inf
1.500000000000000000e+00 inf
1.500000000000000000e+00 inf
1.500000000000000000e+00 inf
1.500000000000000000e+00 inf
1.500000000000000000e+00 3.604365338911715355e+01
1.500000000000000000e+00 3.604365338911715355e+01
1.500000000000000000e+00 3.604365338911715355e+01
1.500000000000000000e+00 3.604365338911715355e+01
1.500000000000000000e+00 3.604365338911715355e+01
1.500000000000000000e+00 3.604365338911715355e+01
1.500000000000000000e+00 3.604365338911715355e+01
1.500000000000000000e+00 3.604365338911715355e+01
1.500000000000000000e+00 3.604365338911715355e+01
1.500000000000000000e+00 3.604365338911715355e+01
1.500000000000000000e+00 3.604365338911715355e+01
1.500000000000000000e+00 3.604365338911715355e+01
1.500000000000000000e+00 3.604365338911715355e+01
1.500000000000000000e+00 3.604365338911715355e+01
1.500000000000000000e+00 3.604365338911715355e+01
1.500000000000000000e+00 3.604365338911715355e+01
1.500000000000000000e+00 3.604365338911715355e+01
1.500000000000000000e+00 3.604365338911715355e+01
1.500000000000000000e+00 3.604365338911715355e+01
1.500000000000000000e+00 3.604365338911715355e+01
1.500000000000000000e+00 3.604365338911715355e+01
1.500000000000000000e+00 3.604365338911715355e+01
1.500000000000000000e+00 3.604365338911715355e+01
1.500000000000000000e+00 3.604365338911715355e+01
1.500000000000000000e+00 3.604365338911715355e+01
1.500000000000000000e+00 3.604365338911715355e+01
1.500000000000000000e+00 3.604365338911715355e+01
1.500000000000000000e+00 3.604365338911715355e+01
1.500000000000000000e+00 3.604365338911715355e+01
1.500000000000000000e+00 3.604365338911715355e+01
1.500000000000000000e+00 3.604365338911715355e+01
1.500000000000000000e+00 3.604365338911715355e+01
1.500000000000000000e+00 3.535050620855721348e+01
1.500000000000000000e+00 3.535050620855721348e+01
1.500000000000000000e+00 3.535050620855721348e+01
1.500000000000000000e+00 3.535050620855721348e+01
1.500000000000000000e+00 3.535050620855721348e+01
1.500000000000000000e+00 3.535050620855721348e+01
1.500000000000000000e+00 3.535050620855721348e+01
1.500000000000000000e+00 3.535050620855721348e+01
1.500000000000000000e+00 3.535050620855721348e+01
1.500000000000000000e+00 3.535050620855721348e+01
1.500000000000000000e+00 3.535050620855721348e+01
1.500000000000000000e+00 3.535050620855721348e+01
1.500000000000000000e+00 3.535050620855721348e+01
1.500000000000000000e+00 3.494504110044904621e+01
1.500000000000000000e+00 3.494504110044904621e+01
1.500000000000000000e+00 3.494504110044904621e+01
1.500000000000000000e+00 3.494504110044904621e+01
1.500000000000000000e+00 3.494504110044904621e+01
1.500000000000000000e+00 3.494504110044904621e+01
1.500000000000000000e+00 3.494504110044904621e+01
1.500000000000000000e+00 3.494504110044904621e+01
1.500000000000000000e+00 3.494504110044904621e+01
1.500000000000000000e+00 3.494504110044904621e+01
1.500000000000000000e+00 3.465735902799726631e+01
1.500000000000000000e+00 3.465735902799726631e+01
1.500000000000000000e+00 3.465735902799726631e+01
1.500000000000000000e+00 3.465735902799726631e+01
1.500000000000000000e+00 3.443421547668305749e+01
1.500000000000000000e+00 3.425189391988909904e+01
1.500000000000000000e+00 3.425189391988909904e+01
1.500000000000000000e+00 3.409774324006184543e+01
1.500000000000000000e+00 3.409774324006184543e+01
1.500000000000000000e+00 3.409774324006184543e+01
1.500000000000000000e+00 3.409774324006184543e+01
1.500000000000000000e+00 3.409774324006184543e+01
1.500000000000000000e+00 3.396421184743731914e+01
1.500000000000000000e+00 3.396421184743731914e+01
1.500000000000000000e+00 3.384642881178093887e+01
1.500000000000000000e+00 3.384642881178093887e+01
1.500000000000000000e+00 3.384642881178093887e+01
1.500000000000000000e+00 3.374106829612311031e+01
1.500000000000000000e+00 3.374106829612311031e+01
1.500000000000000000e+00 3.278555685109567719e+01
1.500000000000000000e+00 3.278555685109567719e+01
1.500000000000000000e+00 3.046015708033545621e+01
1.500000000000000000e+00 3.045640473071690479e+01
1.500000000000000000e+00 2.647921138132136676e+01
1.500000000000000000e+00 2.647900086239143036e+01
2.000000000000000000e+00 inf
2.000000000000000000e+00 inf
2.000000000000000000e+00 inf
2.000000000000000000e+00 inf
2.000000000000000000e+00 inf
2.000000000000000000e+00 inf
2.000000000000000000e+00 inf
2.000000000000000000e+00 inf
2.000000000000000000e+00 inf
2.000000000000000000e+00 inf
2.000000000000000000e+00 inf
2.000000000000000000e+00 inf
2.000000000000000000e+00 inf
2.000000000000000000e+00 inf
2.000000000000000000e+00 inf
2.000000000000000000e+00 inf
2.000000000000000000e+00 inf
2.000000000000000000e+00 inf
2.000000000000000000e+00 inf
2.000000000000000000e+00 inf
2.000000000000000000e+00 3.604365338911715355e+01
2.000000000000000000e+00 3.604365338911715355e+01
2.000000000000000000e+00 3.604365338911715355e+01
2.000000000000000000e+00 3.604365338911715355e+01
2.000000000000000000e+00 3.604365338911715355e+01
2.000000000000000000e+00 3.604365338911715355e+01
2.000000000000000000e+00 3.604365338911715355e+01
2.000000000000000000e+00 3.604365338911715355e+01
2.000000000000000000e+00 3.604365338911715355e+01
2.000000000000000000e+00 3.604365338911715355e+01
2.000000000000000000e+00 3.604365338911715355e+01
2.000000000000000000e+00 3.604365338911715355e+01
2.000000000000000000e+00 3.604365338911715355e+01
2.000000000000000000e+00 3.604365338911715355e+01
2.000000000000000000e+00 3.604365338911715355e+01
2.000000000000000000e+00 3.604365338911715355e+01
2.000000000000000000e+00 3.604365338911715355e+01
2.000000000000000000e+00 3.604365338911715355e+01
2.000000000000000000e+00 3.604365338911715355e+01
2.000000000000000000e+00 3.604365338911715355e+01
2.000000000000000000e+00 3.604365338911715355e+01
2.000000000000000000e+00 3.604365338911715355e+01
2.000000000000000000e+00 3.604365338911715355e+01
2.000000000000000000e+00 3.604365338911715355e+01
2.000000000000000000e+00 3.604365338911715355e+01
2.000000000000000000e+00 3.604365338911715355e+01
2.000000000000000000e+00 3.604365338911715355e+01
2.000000000000000000e+00 3.604365338911715355e+01
2.000000000000000000e+00 3.604365338911715355e+01
2.000000000000000000e+00 3.604365338911715355e+01
2.000000000000000000e+00 3.604365338911715355e+01
2.000000000000000000e+00 3.604365338911715355e+01
2.000000000000000000e+00 3.604365338911715355e+01
2.000000000000000000e+00 3.604365338911715355e+01
2.000000000000000000e+00 3.604365338911715355e+01
2.000000000000000000e+00 3.604365338911715355e+01
2.000000000000000000e+00 3.604365338911715355e+01
2.000000000000000000e+00 3.604365338911715355e+01
2.000000000000000000e+00 3.604365338911715355e+01
2.000000000000000000e+00 3.604365338911715355e+01
2.000000000000000000e+00 3.604365338911715355e+01
2.000000000000000000e+00 3.604365338911715355e+01
2.000000000000000000e+00 3.604365338911715355e+01
2.000000000000000000e+00 3.604365338911715355e+01
2.000000000000000000e+00 3.604365338911715355e+01
2.000000000000000000e+00 3.604365338911715355e+01
2.000000000000000000e+00 3.604365338911715355e+01
2.000000000000000000e+00 3.604365338911715355e+01
2.000000000000000000e+00 3.604365338911715355e+01
2.000000000000000000e+00 3.604365338911715355e+01
2.000000000000000000e+00 3.604365338911715355e+01
2.000000000000000000e+00 3.604365338911715355e+01
2.000000000000000000e+00 3.604365338911715355e+01
2.000000000000000000e+00 3.604365338911715355e+01
2.000000000000000000e+00 3.604365338911715355e+01
2.000000000000000000e+00 3.604365338911715355e+01
2.000000000000000000e+00 3.604365338911715355e+01
2.000000000000000000e+00 3.604365338911715355e+01
2.000000000000000000e+00 3.604365338911715355e+01
2.000000000000000000e+00 3.604365338911715355e+01
2.000000000000000000e+00 3.604365338911715355e+01
2.000000000000000000e+00 3.604365338911715355e+01
2.000000000000000000e+00 3.604365338911715355e+01
2.000000000000000000e+00 3.604365338911715355e+01
2.000000000000000000e+00 3.535050620855721348e+01
2.000000000000000000e+00 3.535050620855721348e+01
2.000000000000000000e+00 3.494504110044904621e+01
2.000000000000000000e+00 3.443421547668305749e+01
2.000000000000000000e+00 3.443421547668305749e+01
2.000000000000000000e+00 3.425189391988909904e+01
2.000000000000000000e+00 3.425189391988909904e+01
2.000000000000000000e+00 3.425189391988909904e+01
2.000000000000000000e+00 3.315328163122099170e+01
2.000000000000000000e+00 3.315328163122099170e+01
2.000000000000000000e+00 3.304792111556316314e+01
2.000000000000000000e+00 3.304792111556316314e+01
2.000000000000000000e+00 3.016312040271645500e+01
2.000000000000000000e+00 3.016033100062887584e+01
2.000000000000000000e+00 3.016033100062887584e+01
2.000000000000000000e+00 3.015477543078427658e+01
2.500000000000000000e+00 inf
2.500000000000000000e+00 inf
2.500000000000000000e+00 inf
2.500000000000000000e+00 inf
2.500000000000000000e+00 inf
2.500000000000000000e+00 inf
2.500000000000000000e+00 inf
2.500000000000000000e+00 inf
2.500000000000000000e+00 inf
2.500000000000000000e+00 inf
2.500000000000000000e+00 inf
2.500000000000000000e+00 inf
2.500000000000000000e+00 inf
2.500000000000000000e+00 inf
2.500000000000000000e+00 inf
2.500000000000000000e+00 inf
2.500000000000000000e+00 inf
2.500000000000000000e+00 inf
2.500000000000000000e+00 inf
2.500000000000000000e+00 inf
2.500000000000000000e+00 inf
2.500000000000000000e+00 inf
2.500000000000000000e+00 inf
2.500000000000000000e+00 inf
2.500000000000000000e+00 inf
2.500000000000000000e+00 inf
2.500000000000000000e+00 inf
2.500000000000000000e+00 inf
2.500000000000000000e+00 inf
2.500000000000000000e+00 inf
2.500000000000000000e+00 inf
2.500000000000000000e+00 inf
2.500000000000000000e+00 inf
2.500000000000000000e+00 inf
2.500000000000000000e+00 inf
2.500000000000000000e+00 inf
2.500000000000000000e+00 inf
2.500000000000000000e+00 inf
2.500000000000000000e+00 inf
2.500000000000000000e+00 inf
2.500000000000000000e+00 inf
2.500000000000000000e+00 inf
2.500000000000000000e+00 inf
2.500000000000000000e+00 inf
2.500000000000000000e+00 inf
2.500000000000000000e+00 inf
2.500000000000000000e+00 inf
2.500000000000000000e+00 inf
2.500000000000000000e+00 inf
2.500000000000000000e+00 inf
2.500000000000000000e+00 inf
2.500000000000000000e+00 inf
2.500000000000000000e+00 inf
2.500000000000000000e+00 inf
2.500000000000000000e+00 inf
2.500000000000000000e+00 inf
2.500000000000000000e+00 inf
2.500000000000000000e+00 3.604365338911715355e+01
2.500000000000000000e+00 3.604365338911715355e+01
2.500000000000000000e+00 3.604365338911715355e+01
2.500000000000000000e+00 3.604365338911715355e+01
2.500000000000000000e+00 3.604365338911715355e+01
2.500000000000000000e+00 3.604365338911715355e+01
2.500000000000000000e+00 3.604365338911715355e+01
2.500000000000000000e+00 3.604365338911715355e+01
2.500000000000000000e+00 3.604365338911715355e+01
2.500000000000000000e+00 3.604365338911715355e+01
2.500000000000000000e+00 3.604365338911715355e+01
2.500000000000000000e+00 3.604365338911715355e+01
2.500000000000000000e+00 3.604365338911715355e+01
2.500000000000000000e+00 3.604365338911715355e+01
2.500000000000000000e+00 3.604365338911715355e+01
2.500000000000000000e+00 3.604365338911715355e+01
2.500000000000000000e+00 3.604365338911715355e+01
2.500000000000000000e+00 3.604365338911715355e+01
2.500000000000000000e+00 3.604365338911715355e+01
2.500000000000000000e+00 3.604365338911715355e+01
2.500000000000000000e+00 3.604365338911715355e+01
2.500000000000000000e+00 3.604365338911715355e+01
2.500000000000000000e+00 3.604365338911715355e+01
2.500000000000000000e+00 3.604365338911715355e+01
2.500000000000000000e+00 3.604365338911715355e+01
2.500000000000000000e+00 3.604365338911715355e+01
2.500000000000000000e+00 3.604365338911715355e+01
2.500000000000000000e+00 3.604365338911715355e+01
2.500000000000000000e+00 3.604365338911715355e+01
2.500000000000000000e+00 3.604365338911715355e+01
2.500000000000000000e+00 3.604365338911715355e+01
2.500000000000000000e+00 3.604365338911715355e+01
2.500000000000000000e+00 3.604365338911715355e+01
2.500000000000000000e+00 3.604365338911715355e+01
2.500000000000000000e+00 3.604365338911715355e+01
2.500000000000000000e+00 3.604365338911715355e+01
2.500000000000000000e+00 3.604365338911715355e+01
2.500000000000000000e+00 3.535050620855721348e+01
2.500000000000000000e+00 3.535050620855721348e+01
2.500000000000000000e+00 3.443421547668305749e+01
2.500000000000000000e+00 3.425189391988909904e+01
2.500000000000000000e+00 3.290815917318800388e+01
2.500000000000000000e+00 3.290815917318800388e+01
3.000000000000000000e+00 nan
3.000000000000000000e+00 nan
3.000000000000000000e+00 nan
3.000000000000000000e+00 nan
3.000000000000000000e+00 nan
3.000000000000000000e+00 nan
3.000000000000000000e+00 nan
3.000000000000000000e+00 nan
3.000000000000000000e+00 inf
3.000000000000000000e+00 inf
3.000000000000000000e+00 inf
3.000000000000000000e+00 inf
3.000000000000000000e+00 inf
3.000000000000000000e+00 inf
3.000000000000000000e+00 inf
3.000000000000000000e+00 inf
3.000000000000000000e+00 inf
3.000000000000000000e+00 inf
3.000000000000000000e+00 inf
3.000000000000000000e+00 inf
3.000000000000000000e+00 inf
3.000000000000000000e+00 inf
3.000000000000000000e+00 inf
3.000000000000000000e+00 inf
3.000000000000000000e+00 inf
3.000000000000000000e+00 inf
3.000000000000000000e+00 inf
3.000000000000000000e+00 inf
3.000000000000000000e+00 inf
3.000000000000000000e+00 inf
3.000000000000000000e+00 inf
3.000000000000000000e+00 inf
3.000000000000000000e+00 inf
3.000000000000000000e+00 inf
3.000000000000000000e+00 inf
3.000000000000000000e+00 inf
3.000000000000000000e+00 inf
3.000000000000000000e+00 inf
3.000000000000000000e+00 inf
3.000000000000000000e+00 inf
3.000000000000000000e+00 inf
3.000000000000000000e+00 inf
3.000000000000000000e+00 inf
3.000000000000000000e+00 inf
3.000000000000000000e+00 inf
3.000000000000000000e+00 inf
3.000000000000000000e+00 inf
3.000000000000000000e+00 inf
3.000000000000000000e+00 inf
3.000000000000000000e+00 inf
3.000000000000000000e+00 inf
3.000000000000000000e+00 inf
3.000000000000000000e+00 inf
3.000000000000000000e+00 inf
3.000000000000000000e+00 inf
3.000000000000000000e+00 inf
3.000000000000000000e+00 inf
3.000000000000000000e+00 inf
3.000000000000000000e+00 inf
3.000000000000000000e+00 inf
3.000000000000000000e+00 inf
3.000000000000000000e+00 inf
3.000000000000000000e+00 inf
3.000000000000000000e+00 inf
3.000000000000000000e+00 inf
3.000000000000000000e+00 inf
3.000000000000000000e+00 inf
3.000000000000000000e+00 inf
3.000000000000000000e+00 inf
3.000000000000000000e+00 inf
3.000000000000000000e+00 inf
3.000000000000000000e+00 inf
3.000000000000000000e+00 inf
3.000000000000000000e+00 inf
3.000000000000000000e+00 inf
3.000000000000000000e+00 inf
3.000000000000000000e+00 inf
3.000000000000000000e+00 inf
3.000000000000000000e+00 inf
3.000000000000000000e+00 inf
3.000000000000000000e+00 inf
3.000000000000000000e+00 inf
3.000000000000000000e+00 inf
3.000000000000000000e+00 inf
3.000000000000000000e+00 inf
3.000000000000000000e+00 inf
3.000000000000000000e+00 inf
3.000000000000000000e+00 inf
3.000000000000000000e+00 inf
3.000000000000000000e+00 3.604365338911715355e+01
3.000000000000000000e+00 3.604365338911715355e+01
3.000000000000000000e+00 3.604365338911715355e+01
3.000000000000000000e+00 3.604365338911715355e+01
3.000000000000000000e+00 3.604365338911715355e+01
3.000000000000000000e+00 3.604365338911715355e+01
3.000000000000000000e+00 3.604365338911715355e+01
3.000000000000000000e+00 3.604365338911715355e+01
3.000000000000000000e+00 3.535050620855721348e+01
3.000000000000000000e+00 3.396421184743731914e+01
3.000000000000000000e+00 3.022952285729208910e+01
3.500000000000000000e+00 5.572747138549215151e+01
3.500000000000000000e+00 5.572747137321972843e+01
3.500000000000000000e+00 5.350668658944963596e+01
3.500000000000000000e+00 5.350668658470161176e+01
3.500000000000000000e+00 5.028693033102764787e+01
3.500000000000000000e+00 5.028693033024281078e+01
3.500000000000000000e+00 4.990577077515154514e+01
3.500000000000000000e+00 4.990577077454289423e+01
3.500000000000000000e+00 4.919071417474630437e+01
3.500000000000000000e+00 4.919071417472954977e+01
3.500000000000000000e+00 4.847636941378014086e+01
3.500000000000000000e+00 4.847636941364098817e+01
3.500000000000000000e+00 4.840291893903298615e+01
3.500000000000000000e+00 4.840291893852967320e+01
3.500000000000000000e+00 4.807500743406953347e+01
3.500000000000000000e+00 4.807500743406362176e+01
3.500000000000000000e+00 4.807500743398034615e+01
3.500000000000000000e+00 4.807500743393296005e+01
3.500000000000000000e+00 4.788975758060426102e+01
3.500000000000000000e+00 4.788975758050398213e+01
3.500000000000000000e+00 4.788975758049954123e+01
3.500000000000000000e+00 4.788975758046100850e+01
3.500000000000000000e+00 4.772331790096674808e+01
3.500000000000000000e+00 4.772331790025597087e+01
3.500000000000000000e+00 4.704511211573915830e+01
3.500000000000000000e+00 4.704511211564189921e+01
3.500000000000000000e+00 4.651847377623654012e+01
3.500000000000000000e+00 4.651847377604367040e+01
3.500000000000000000e+00 4.524612999409876579e+01
3.500000000000000000e+00 4.524612999379204581e+01
3.500000000000000000e+00 4.381602532452745180e+01
3.500000000000000000e+00 4.381602532452048138e+01
3.500000000000000000e+00 4.337391737342441189e+01
3.500000000000000000e+00 4.337391737163925853e+01
3.500000000000000000e+00 4.249402778980943651e+01
3.500000000000000000e+00 4.249402778977939477e+01
3.500000000000000000e+00 4.249402778974963013e+01
3.500000000000000000e+00 4.249402778971941075e+01
3.500000000000000000e+00 4.232139100912107921e+01
3.500000000000000000e+00 4.232139100908575102e+01
3.500000000000000000e+00 4.220652828569644299e+01
3.500000000000000000e+00 4.220652828521841826e+01
3.500000000000000000e+00 4.189429764433138814e+01
3.500000000000000000e+00 4.189429764344041018e+01
3.500000000000000000e+00 4.147105575527813670e+01
3.500000000000000000e+00 4.147105575509548459e+01
3.500000000000000000e+00 4.067031792916957755e+01
3.500000000000000000e+00 4.067031792916292687e+01
3.500000000000000000e+00 4.052218274915670548e+01
3.500000000000000000e+00 4.052218274913040119e+01
3.500000000000000000e+00 4.052218274910431717e+01
3.500000000000000000e+00 4.052218274907810525e+01
3.500000000000000000e+00 4.044353397237383518e+01
3.500000000000000000e+00 4.044353397216024604e+01
3.500000000000000000e+00 3.976396623844897960e+01
3.500000000000000000e+00 3.976396623668658492e+01
3.500000000000000000e+00 3.534670098722865106e+01
3.500000000000000000e+00 3.534670098716683384e+01
3.500000000000000000e+00 3.457398736121317029e+01
3.500000000000000000e+00 3.457398736120212845e+01
4.000000000000000000e+00 5.414468747731388731e+01
4.000000000000000000e+00 5.193265327830338407e+01
4.000000000000000000e+00 5.193265327813598731e+01
4.000000000000000000e+00 5.193265327808497034e+01
4.000000000000000000e+00 5.190196595308312766e+01
4.000000000000000000e+00 4.978573495418755357e+01
4.000000000000000000e+00 4.666869519500725261e+01
4.000000000000000000e+00 4.648225934044495489e+01
4.000000000000000000e+00 4.648225934036864260e+01
4.000000000000000000e+00 4.648225933987399117e+01
4.000000000000000000e+00 4.636468744284630361e+01
4.000000000000000000e+00 4.636468744259999397e+01
4.000000000000000000e+00 4.636468744235323669e+01
4.000000000000000000e+00 4.569208755304457270e+01
4.000000000000000000e+00 4.499505942229234279e+01
4.000000000000000000e+00 4.457747010106419339e+01
4.000000000000000000e+00 4.457747010084131034e+01
4.000000000000000000e+00 4.457747010058164960e+01
4.000000000000000000e+00 4.432374781798296937e+01
4.000000000000000000e+00 4.432374781788856666e+01
4.000000000000000000e+00 4.432374781736469771e+01
4.000000000000000000e+00 4.430319946476003423e+01
4.000000000000000000e+00 3.913299921118207436e+01
4.000000000000000000e+00 3.898411471328666522e+01
4.000000000000000000e+00 3.898411471309983511e+01
4.000000000000000000e+00 3.898411471309120913e+01
4.000000000000000000e+00 3.898382942546313501e+01
4.000000000000000000e+00 3.883329583162979759e+01
4.500000000000000000e+00 5.036612814850153086e+01
4.500000000000000000e+00 5.036612814842296615e+01
4.500000000000000000e+00 4.839428310786024667e+01
4.500000000000000000e+00 4.839428310777018538e+01
4.500000000000000000e+00 4.299855331714153550e+01
4.500000000000000000e+00 4.299855331697799699e+01
4.500000000000000000e+00 4.281330346364758555e+01
4.500000000000000000e+00 4.281330346347257176e+01
5.000000000000000000e+00 4.684197856965882778e+01
