-5.000000000000000000e+00 1.133091751917698886e+01
-4.500000000000000000e+00 1.514946605976087390e+01
-4.500000000000000000e+00 1.514946605976071936e+01
-4.500000000000000000e+00 1.507533863567348931e+01
-4.500000000000000000e+00 1.507533863567336851e+01
-4.500000000000000000e+00 1.047045638593723638e+01
-4.500000000000000000e+00 1.047045638593723460e+01
-4.500000000000000000e+00 8.595655725392113311e+00
-4.500000000000000000e+00 8.595655725392113311e+00
-4.000000000000000000e+00 1.896801460033876552e+01
-4.000000000000000000e+00 1.889388717625839575e+01
-4.000000000000000000e+00 1.889388717625703507e+01
-4.000000000000000000e+00 1.889388717625667624e+01
-4.000000000000000000e+00 1.889388717624969161e+01
-4.000000000000000000e+00 1.881975975216361263e+01
-4.000000000000000000e+00 1.428900492652115517e+01
-4.000000000000000000e+00 1.428900492652113741e+01
-4.000000000000000000e+00 1.428900492652100063e+01
-4.000000000000000000e+00 1.428900492652098997e+01
-4.000000000000000000e+00 1.421487750243381143e+01
-4.000000000000000000e+00 1.421487750243370840e+01
-4.000000000000000000e+00 1.421487750243363912e+01
-4.000000000000000000e+00 1.421487750243362136e+01
-4.000000000000000000e+00 1.241420426597587578e+01
-4.000000000000000000e+00 1.241420426597587223e+01
-4.000000000000000000e+00 1.241420426597587046e+01
-4.000000000000000000e+00 1.241420426597586690e+01
-4.000000000000000000e+00 1.234007684188856224e+01
-4.000000000000000000e+00 1.234007684188852494e+01
-4.000000000000000000e+00 1.234007684188852494e+01
-4.000000000000000000e+00 1.234007684188852316e+01
-4.000000000000000000e+00 9.609995252697483892e+00
-4.000000000000000000e+00 7.735194592152362603e+00
-4.000000000000000000e+00 7.735194592152361714e+00
-4.000000000000000000e+00 7.735194592152360826e+00
-4.000000000000000000e+00 7.735194592152360826e+00
-4.000000000000000000e+00 5.860393931607238649e+00
-3.500000000000000000e+00 1.615862538434222984e+01
-3.500000000000000000e+00 1.615862538434222984e+01
-3.500000000000000000e+00 1.615862538202993903e+01
-3.500000000000000000e+00 1.615862537971765178e+01
-3.500000000000000000e+00 1.615862537740536098e+01
-3.500000000000000000e+00 1.615862537740536098e+01
-3.500000000000000000e+00 1.608449796123960240e+01
-3.500000000000000000e+00 1.608449795479835132e+01
-3.500000000000000000e+00 1.368899640166252318e+01
-3.500000000000000000e+00 1.368899640087989411e+01
-3.500000000000000000e+00 1.342854379341779847e+01
-3.500000000000000000e+00 1.342854379296541723e+01
-3.500000000000000000e+00 1.335441636922311837e+01
-3.500000000000000000e+00 1.335441636894307749e+01
-3.500000000000000000e+00 1.155374313285100740e+01
-3.500000000000000000e+00 1.155374313275848941e+01
-3.500000000000000000e+00 1.155374313275848941e+01
-3.500000000000000000e+00 1.155374313275848941e+01
-3.500000000000000000e+00 1.155374313273535947e+01
-3.500000000000000000e+00 1.155374313273535947e+01
-3.500000000000000000e+00 1.155374313271222952e+01
-3.500000000000000000e+00 1.155374313264284147e+01
-3.500000000000000000e+00 1.147961570870263515e+01
-3.500000000000000000e+00 1.147961570868115899e+01
-3.500000000000000000e+00 1.147961570865968106e+01
-3.500000000000000000e+00 1.147961570865968106e+01
-3.500000000000000000e+00 1.147961570865968106e+01
-3.500000000000000000e+00 1.147961570863820491e+01
-3.500000000000000000e+00 1.147961570861672698e+01
-3.500000000000000000e+00 1.147961570857377289e+01
-3.500000000000000000e+00 1.005946250816868393e+01
-3.500000000000000000e+00 1.005946250815311238e+01
-3.500000000000000000e+00 9.678942472205305236e+00
-3.500000000000000000e+00 9.678942472187566537e+00
-3.500000000000000000e+00 9.604815048101754016e+00
-3.500000000000000000e+00 9.604815048098460650e+00
-3.500000000000000000e+00 6.874733458912706041e+00
-3.500000000000000000e+00 6.874733458912061224e+00
-3.500000000000000000e+00 4.999932798367520803e+00
-3.500000000000000000e+00 4.999932798367487052e+00
-3.000000000000000000e+00 1.380388362432028160e+01
-3.000000000000000000e+00 1.349749101290538889e+01
-3.000000000000000000e+00 1.342336358849475175e+01
-3.000000000000000000e+00 1.342336358849475175e+01
-3.000000000000000000e+00 1.342336358834473842e+01
-3.000000000000000000e+00 1.342336358834473842e+01
-3.000000000000000000e+00 1.334923616467144214e+01
-3.000000000000000000e+00 1.282853526824168178e+01
-3.000000000000000000e+00 1.282853526815892486e+01
-3.000000000000000000e+00 1.282853526791065413e+01
-3.000000000000000000e+00 1.282853526791065413e+01
-3.000000000000000000e+00 1.095373460765820184e+01
-3.000000000000000000e+00 1.095373460765820184e+01
-3.000000000000000000e+00 1.095373460763281592e+01
-3.000000000000000000e+00 1.095373460762012208e+01
-3.000000000000000000e+00 1.069328199949379687e+01
-3.000000000000000000e+00 1.069328199948401448e+01
-3.000000000000000000e+00 1.069328199946444791e+01
-3.000000000000000000e+00 1.069328199944488134e+01
-3.000000000000000000e+00 1.061915457542010977e+01
-3.000000000000000000e+00 1.061915457541102548e+01
-3.000000000000000000e+00 1.061915457540194119e+01
-3.000000000000000000e+00 1.061915457540194119e+01
-3.000000000000000000e+00 9.199001374925671826e+00
-3.000000000000000000e+00 9.199001374923478025e+00
-3.000000000000000000e+00 9.199001374916891294e+00
-3.000000000000000000e+00 9.199001374912500140e+00
-3.000000000000000000e+00 8.818481338952580018e+00
-3.000000000000000000e+00 8.818481338951078996e+00
-3.000000000000000000e+00 8.818481338951078996e+00
-3.000000000000000000e+00 8.818481338948078729e+00
-3.000000000000000000e+00 8.744353914872782241e+00
-3.000000000000000000e+00 8.744353914868602473e+00
-3.000000000000000000e+00 8.744353914868602473e+00
-3.000000000000000000e+00 8.744353914863028265e+00
-3.000000000000000000e+00 7.324200714378463317e+00
-3.000000000000000000e+00 7.324200714377790078e+00
-3.000000000000000000e+00 7.324200714377453458e+00
-3.000000000000000000e+00 7.324200714377116839e+00
-3.000000000000000000e+00 4.139471665127734568e+00
-2.500000000000000000e+00 1.114274925498039792e+01
-2.500000000000000000e+00 1.114274925493439383e+01
-2.500000000000000000e+00 1.114274925491905854e+01
-2.500000000000000000e+00 1.114274925490372325e+01
-2.500000000000000000e+00 1.114274925488838974e+01
-2.500000000000000000e+00 1.114274925488838974e+01
-2.500000000000000000e+00 1.106862183090920126e+01
-2.500000000000000000e+00 1.106862183089496199e+01
-2.500000000000000000e+00 1.106862183086648521e+01
-2.500000000000000000e+00 1.106862183085224594e+01
-2.500000000000000000e+00 1.106862183085224594e+01
-2.500000000000000000e+00 1.106862183083800666e+01
-2.500000000000000000e+00 1.106862183082376738e+01
-2.500000000000000000e+00 1.106862183082376738e+01
-2.500000000000000000e+00 1.009327347441513290e+01
-2.500000000000000000e+00 1.009327347441513290e+01
-2.500000000000000000e+00 1.009327347439902667e+01
-2.500000000000000000e+00 1.009327347439365674e+01
-2.500000000000000000e+00 1.009327347438291866e+01
-2.500000000000000000e+00 1.009327347437218059e+01
-2.500000000000000000e+00 1.009327347437218059e+01
-2.500000000000000000e+00 1.009327347436144251e+01
-2.500000000000000000e+00 8.338540241688651378e+00
-2.500000000000000000e+00 8.338540241685866050e+00
-2.500000000000000000e+00 8.218472813840877578e+00
-2.500000000000000000e+00 8.218472813838408442e+00
-2.500000000000000000e+00 7.958020205707451389e+00
-2.500000000000000000e+00 7.958020205704912087e+00
-2.500000000000000000e+00 7.883892781622540369e+00
-2.500000000000000000e+00 7.883892781618414780e+00
-2.500000000000000000e+00 6.463739581138494117e+00
-2.500000000000000000e+00 6.463739581138066903e+00
-2.500000000000000000e+00 6.463739581138066903e+00
-2.500000000000000000e+00 6.463739581137781798e+00
-2.500000000000000000e+00 6.463739581137639689e+00
-2.500000000000000000e+00 6.463739581137639689e+00
-2.500000000000000000e+00 6.463739581137496693e+00
-2.500000000000000000e+00 6.463739581136785262e+00
-2.500000000000000000e+00 4.588938920592704918e+00
-2.500000000000000000e+00 4.588938920592639192e+00
-2.000000000000000000e+00 1.020816069769398915e+01
-2.000000000000000000e+00 1.020816069769398915e+01
-2.000000000000000000e+00 1.020816069768796552e+01
-2.000000000000000000e+00 1.020816069768194367e+01
-2.000000000000000000e+00 1.020816069765785272e+01
-2.000000000000000000e+00 1.020816069765183087e+01
-2.000000000000000000e+00 1.020816069765183087e+01
-2.000000000000000000e+00 1.020816069764580725e+01
-2.000000000000000000e+00 1.020816069764580725e+01
-2.000000000000000000e+00 1.020816069763978540e+01
-2.000000000000000000e+00 1.020816069763978540e+01
-2.000000000000000000e+00 1.020816069760364897e+01
-2.000000000000000000e+00 1.020816069760364897e+01
-2.000000000000000000e+00 1.020816069758558164e+01
-2.000000000000000000e+00 1.020816069756751254e+01
-2.000000000000000000e+00 9.232812341179052140e+00
-2.000000000000000000e+00 9.232812341169967851e+00
-2.000000000000000000e+00 9.232812341151801050e+00
-2.000000000000000000e+00 9.232812341144988721e+00
-2.000000000000000000e+00 8.788007497185482464e+00
-2.000000000000000000e+00 8.407487461193975165e+00
-2.000000000000000000e+00 8.407487461185022326e+00
-2.000000000000000000e+00 8.407487461174078192e+00
-2.000000000000000000e+00 8.407487461173083432e+00
-2.000000000000000000e+00 8.333360037093623163e+00
-2.000000000000000000e+00 8.333360037092699457e+00
-2.000000000000000000e+00 8.333360037091775752e+00
-2.000000000000000000e+00 8.333360037089926564e+00
-2.000000000000000000e+00 7.358011680605875959e+00
-2.000000000000000000e+00 7.358011680602045246e+00
-2.000000000000000000e+00 7.358011680602045246e+00
-2.000000000000000000e+00 7.358011680600303528e+00
-2.000000000000000000e+00 5.603278447899148418e+00
-2.000000000000000000e+00 5.603278447898063952e+00
-2.000000000000000000e+00 5.603278447897762859e+00
-2.000000000000000000e+00 5.603278447897461767e+00
-2.000000000000000000e+00 3.728477787352910244e+00
-2.000000000000000000e+00 3.728477787352845851e+00
-2.000000000000000000e+00 3.728477787352832085e+00
-2.000000000000000000e+00 3.728477787352822759e+00
-1.500000000000000000e+00 9.421826988497985056e+00
-1.500000000000000000e+00 9.421826988492497890e+00
-1.500000000000000000e+00 9.421826988489755195e+00
-1.500000000000000000e+00 9.421826988478780862e+00
-1.500000000000000000e+00 9.421826988473295472e+00
-1.500000000000000000e+00 9.421826988473295472e+00
-1.500000000000000000e+00 9.421826988462321140e+00
-1.500000000000000000e+00 9.421826988454091278e+00
-1.500000000000000000e+00 9.347699564422587315e+00
-1.500000000000000000e+00 9.347699564407303541e+00
-1.500000000000000000e+00 9.347699564399659877e+00
-1.500000000000000000e+00 9.347699564394565286e+00
-1.500000000000000000e+00 9.347699564392017990e+00
-1.500000000000000000e+00 9.347699564389470694e+00
-1.500000000000000000e+00 9.347699564386923399e+00
-1.500000000000000000e+00 9.347699564363997737e+00
-1.500000000000000000e+00 7.927546363905861426e+00
-1.500000000000000000e+00 7.927546363905861426e+00
-1.500000000000000000e+00 7.547026327941251722e+00
-1.500000000000000000e+00 7.547026327939989621e+00
-1.500000000000000000e+00 7.547026327937043533e+00
-1.500000000000000000e+00 7.547026327937043533e+00
-1.500000000000000000e+00 7.547026327937043533e+00
-1.500000000000000000e+00 7.547026327937043533e+00
-1.500000000000000000e+00 7.547026327937043533e+00
-1.500000000000000000e+00 7.547026327930732137e+00
-1.500000000000000000e+00 7.472898903854863661e+00
-1.500000000000000000e+00 7.472898903852909669e+00
-1.500000000000000000e+00 7.472898903849002572e+00
-1.500000000000000000e+00 7.472898903848611774e+00
-1.500000000000000000e+00 7.472898903847439378e+00
-1.500000000000000000e+00 7.472898903846658669e+00
-1.500000000000000000e+00 7.472898903846267871e+00
-1.500000000000000000e+00 7.472898903844704677e+00
-1.500000000000000000e+00 6.497550547360690487e+00
-1.500000000000000000e+00 6.497550547359511874e+00
-1.500000000000000000e+00 6.052745703363586749e+00
-1.500000000000000000e+00 6.052745703363586749e+00
-1.500000000000000000e+00 2.868016654113070718e+00
-1.500000000000000000e+00 2.868016654113070718e+00
-1.000000000000000000e+00 9.871294243955368586e+00
-1.000000000000000000e+00 9.871294243946767466e+00
-1.000000000000000000e+00 9.797166819910597013e+00
-1.000000000000000000e+00 9.797166819898619039e+00
-1.000000000000000000e+00 9.797166819862681564e+00
-1.000000000000000000e+00 9.797166819858688314e+00
-1.000000000000000000e+00 8.821818463388675369e+00
-1.000000000000000000e+00 8.821818463387169018e+00
-1.000000000000000000e+00 8.821818463382651743e+00
-1.000000000000000000e+00 8.821818463379640818e+00
-1.000000000000000000e+00 8.821818463378136244e+00
-1.000000000000000000e+00 8.821818463378136244e+00
-1.000000000000000000e+00 8.821818463376629893e+00
-1.000000000000000000e+00 8.821818463370608043e+00
-1.000000000000000000e+00 8.821818463370608043e+00
-1.000000000000000000e+00 8.821818463367597118e+00
-1.000000000000000000e+00 8.821818463367597118e+00
-1.000000000000000000e+00 8.821818463364586194e+00
-1.000000000000000000e+00 8.821818463363079843e+00
-1.000000000000000000e+00 8.821818463360068918e+00
-1.000000000000000000e+00 8.821818463358562568e+00
-1.000000000000000000e+00 8.821818463342001593e+00
-1.000000000000000000e+00 7.067085230668954665e+00
-1.000000000000000000e+00 6.947017802825938837e+00
-1.000000000000000000e+00 6.947017802825015131e+00
-1.000000000000000000e+00 6.947017802824091426e+00
-1.000000000000000000e+00 6.947017802823860499e+00
-1.000000000000000000e+00 6.686565194699991110e+00
-1.000000000000000000e+00 6.686565194697944747e+00
-1.000000000000000000e+00 6.686565194697232428e+00
-1.000000000000000000e+00 6.686565194696877157e+00
-1.000000000000000000e+00 6.612437770611691690e+00
-1.000000000000000000e+00 6.612437770609873589e+00
-1.000000000000000000e+00 6.612437770609377985e+00
-1.000000000000000000e+00 6.612437770608385890e+00
-1.000000000000000000e+00 5.192284570123368859e+00
-1.000000000000000000e+00 5.192284570123089082e+00
-1.000000000000000000e+00 5.192284570122969178e+00
-1.000000000000000000e+00 5.192284570122769338e+00
-1.000000000000000000e+00 3.317483909577883416e+00
-5.000000000000000000e-01 9.010833110728441397e+00
-5.000000000000000000e-01 9.010833110717527461e+00
-5.000000000000000000e-01 9.010833110710253280e+00
-5.000000000000000000e-01 9.010833110708434290e+00
-5.000000000000000000e-01 9.010833110706615301e+00
-5.000000000000000000e-01 9.010833110701158333e+00
-5.000000000000000000e-01 9.010833110693882375e+00
-5.000000000000000000e-01 9.010833110686608194e+00
-5.000000000000000000e-01 8.936705686646437385e+00
-5.000000000000000000e-01 8.936705686626170930e+00
-5.000000000000000000e-01 8.936705686619415445e+00
-5.000000000000000000e-01 8.936705686617726130e+00
-5.000000000000000000e-01 8.936705686617726130e+00
-5.000000000000000000e-01 8.936705686616036814e+00
-5.000000000000000000e-01 8.936705686616036814e+00
-5.000000000000000000e-01 8.936705686614347499e+00
-5.000000000000000000e-01 7.961357330134806176e+00
-5.000000000000000000e-01 7.961357330133532528e+00
-5.000000000000000000e-01 7.961357330131622057e+00
-5.000000000000000000e-01 7.961357330130348409e+00
-5.000000000000000000e-01 7.961357330129711585e+00
-5.000000000000000000e-01 7.961357330128437937e+00
-5.000000000000000000e-01 7.961357330128437937e+00
-5.000000000000000000e-01 7.961357330126527465e+00
-5.000000000000000000e-01 7.136032450162296925e+00
-5.000000000000000000e-01 7.136032450162018037e+00
-5.000000000000000000e-01 7.061905026073366898e+00
-5.000000000000000000e-01 7.061905026072589742e+00
-5.000000000000000000e-01 6.086556669585787560e+00
-5.000000000000000000e-01 6.086556669585592161e+00
-5.000000000000000000e-01 6.086556669585494461e+00
-5.000000000000000000e-01 6.086556669585396762e+00
-5.000000000000000000e-01 6.086556669585201362e+00
-5.000000000000000000e-01 6.086556669585005963e+00
-5.000000000000000000e-01 6.086556669584810564e+00
-5.000000000000000000e-01 6.086556669584517465e+00
-5.000000000000000000e-01 4.331823436883281531e+00
-5.000000000000000000e-01 4.331823436883189160e+00
-5.000000000000000000e-01 2.457022776338172232e+00
-5.000000000000000000e-01 2.457022776338143810e+00
0.000000000000000000e+00 9.830977786126302576e+00
0.000000000000000000e+00 9.830977786122172546e+00
0.000000000000000000e+00 9.830977786118042516e+00
0.000000000000000000e+00 9.830977786113912487e+00
0.000000000000000000e+00 9.830977786105650651e+00
0.000000000000000000e+00 9.830977786089130532e+00
0.000000000000000000e+00 9.830977786085000503e+00
0.000000000000000000e+00 9.830977786085000503e+00
0.000000000000000000e+00 9.830977786085000503e+00
0.000000000000000000e+00 9.830977786080870473e+00
0.000000000000000000e+00 9.830977786076738667e+00
0.000000000000000000e+00 9.830977786068478608e+00
0.000000000000000000e+00 9.830977786060218548e+00
0.000000000000000000e+00 9.830977785998264551e+00
0.000000000000000000e+00 8.855629429593973256e+00
0.000000000000000000e+00 8.410824585610249926e+00
0.000000000000000000e+00 8.410824585610249926e+00
0.000000000000000000e+00 8.410824585605260140e+00
0.000000000000000000e+00 8.410824585592283853e+00
0.000000000000000000e+00 8.150371977479911934e+00
0.000000000000000000e+00 8.150371977471449370e+00
0.000000000000000000e+00 8.150371977469911045e+00
0.000000000000000000e+00 8.150371977459910156e+00
0.000000000000000000e+00 8.076244553390626635e+00
0.000000000000000000e+00 8.076244553384912095e+00
0.000000000000000000e+00 8.076244553384197999e+00
0.000000000000000000e+00 8.076244553377769364e+00
0.000000000000000000e+00 6.275571316922272658e+00
0.000000000000000000e+00 6.275571316921800147e+00
0.000000000000000000e+00 6.275571316921682019e+00
0.000000000000000000e+00 6.275571316921446652e+00
0.000000000000000000e+00 6.201443892836087102e+00
0.000000000000000000e+00 6.201443892835319716e+00
0.000000000000000000e+00 6.201443892833785831e+00
0.000000000000000000e+00 6.201443892833676585e+00
0.000000000000000000e+00 5.226095536345722437e+00
0.000000000000000000e+00 5.226095536345680692e+00
0.000000000000000000e+00 5.226095536345267689e+00
0.000000000000000000e+00 5.226095536345225945e+00
0.000000000000000000e+00 1.596561643098400207e+00
5.000000000000000000e-01 1.001999243341057344e+01
5.000000000000000000e-01 1.001999243340558365e+01
5.000000000000000000e-01 1.001999243340558365e+01
5.000000000000000000e-01 1.001999243340059564e+01
5.000000000000000000e-01 9.945865009365197906e+00
5.000000000000000000e-01 9.945865009314234229e+00
5.000000000000000000e-01 9.425164112922930215e+00
5.000000000000000000e-01 9.425164112898157143e+00
5.000000000000000000e-01 9.305096685069884188e+00
5.000000000000000000e-01 9.305096685045471716e+00
5.000000000000000000e-01 9.044644076943068711e+00
5.000000000000000000e-01 9.044644076941187549e+00
5.000000000000000000e-01 9.044644076937425226e+00
5.000000000000000000e-01 9.044644076924255316e+00
5.000000000000000000e-01 9.044644076924255316e+00
5.000000000000000000e-01 9.044644076922374154e+00
5.000000000000000000e-01 9.044644076920492992e+00
5.000000000000000000e-01 9.044644076920492992e+00
5.000000000000000000e-01 8.970516652846029615e+00
5.000000000000000000e-01 8.970516652844283456e+00
5.000000000000000000e-01 8.970516652840789362e+00
5.000000000000000000e-01 8.970516652839041427e+00
5.000000000000000000e-01 8.970516652837295268e+00
5.000000000000000000e-01 8.970516652833801174e+00
5.000000000000000000e-01 8.970516652832053239e+00
5.000000000000000000e-01 8.970516652832053239e+00
5.000000000000000000e-01 7.550363452358086036e+00
5.000000000000000000e-01 7.550363452356819494e+00
5.000000000000000000e-01 7.550363452355341565e+00
5.000000000000000000e-01 7.550363452354918792e+00
5.000000000000000000e-01 7.550363452354075022e+00
5.000000000000000000e-01 7.550363452353652249e+00
5.000000000000000000e-01 7.550363452352808480e+00
5.000000000000000000e-01 7.550363452352385707e+00
5.000000000000000000e-01 5.675562791810399688e+00
5.000000000000000000e-01 5.675562791810205177e+00
5.000000000000000000e-01 5.415110183682136480e+00
5.000000000000000000e-01 5.415110183682136480e+00
5.000000000000000000e-01 5.340982759594709250e+00
5.000000000000000000e-01 5.340982759594615992e+00
1.000000000000000000e+00 1.136891199279339482e+01
1.000000000000000000e+00 1.129478456898540273e+01
1.000000000000000000e+00 1.129478456887828663e+01
1.000000000000000000e+00 1.129478456886043425e+01
1.000000000000000000e+00 1.129478456886043425e+01
1.000000000000000000e+00 1.129478456886043425e+01
1.000000000000000000e+00 1.129478456884258186e+01
1.000000000000000000e+00 1.129478456880687531e+01
1.000000000000000000e+00 1.129478456877117054e+01
1.000000000000000000e+00 1.129478456875331815e+01
1.000000000000000000e+00 1.031943621243435949e+01
1.000000000000000000e+00 1.031943621240743347e+01
1.000000000000000000e+00 1.031943621238723807e+01
1.000000000000000000e+00 1.031943621238723807e+01
1.000000000000000000e+00 9.494111332414300719e+00
1.000000000000000000e+00 9.494111332405452686e+00
1.000000000000000000e+00 9.494111332396606429e+00
1.000000000000000000e+00 9.494111332384809643e+00
1.000000000000000000e+00 9.419983908306317488e+00
1.000000000000000000e+00 9.419983908300840980e+00
1.000000000000000000e+00 9.419983908300840980e+00
1.000000000000000000e+00 9.419983908295364472e+00
1.000000000000000000e+00 9.233658724264053319e+00
1.000000000000000000e+00 9.159531300197862436e+00
1.000000000000000000e+00 9.159531300178869628e+00
1.000000000000000000e+00 9.159531300174647228e+00
1.000000000000000000e+00 9.159531300170426604e+00
1.000000000000000000e+00 9.085403876106049381e+00
1.000000000000000000e+00 8.444635551819812846e+00
1.000000000000000000e+00 8.444635551817748720e+00
1.000000000000000000e+00 8.444635551813618690e+00
1.000000000000000000e+00 8.444635551810520724e+00
1.000000000000000000e+00 6.689902319115661022e+00
1.000000000000000000e+00 6.689902319115661022e+00
1.000000000000000000e+00 6.689902319114946927e+00
1.000000000000000000e+00 6.689902319114768403e+00
1.000000000000000000e+00 4.815101658570590359e+00
1.000000000000000000e+00 4.815101658570494436e+00
1.000000000000000000e+00 4.815101658570357657e+00
1.000000000000000000e+00 4.815101658570220877e+00
1.500000000000000000e+00 1.218905666832851509e+01
1.500000000000000000e+00 1.218905666819753542e+01
1.500000000000000000e+00 1.076890346793070208e+01
1.500000000000000000e+00 1.076890346773022245e+01
1.500000000000000000e+00 1.050845085970815695e+01
1.500000000000000000e+00 1.050845085970002479e+01
1.500000000000000000e+00 1.050845085970002479e+01
1.500000000000000000e+00 1.050845085969189263e+01
1.500000000000000000e+00 1.050845085968376047e+01
1.500000000000000000e+00 1.050845085966749615e+01
1.500000000000000000e+00 1.050845085965123182e+01
1.500000000000000000e+00 1.050845085963496750e+01
1.500000000000000000e+00 1.043432343568944276e+01
1.500000000000000000e+00 1.043432343564413678e+01
1.500000000000000000e+00 1.043432343564413678e+01
1.500000000000000000e+00 1.043432343563658549e+01
1.500000000000000000e+00 1.043432343562903419e+01
1.500000000000000000e+00 1.043432343562148468e+01
1.500000000000000000e+00 1.043432343561393338e+01
1.500000000000000000e+00 1.043432343561393338e+01
1.500000000000000000e+00 8.633650199160911143e+00
1.500000000000000000e+00 8.633650199159664140e+00
1.500000000000000000e+00 8.633650199158417138e+00
1.500000000000000000e+00 8.633650199152180349e+00
1.500000000000000000e+00 8.633650199152180349e+00
1.500000000000000000e+00 8.633650199149686344e+00
1.500000000000000000e+00 8.633650199149686344e+00
1.500000000000000000e+00 8.633650199148437565e+00
1.500000000000000000e+00 8.559522775071410905e+00
1.500000000000000000e+00 8.559522775065619982e+00
1.500000000000000000e+00 8.559522775063303612e+00
1.500000000000000000e+00 8.559522775059829058e+00
1.500000000000000000e+00 8.559522775058670874e+00
1.500000000000000000e+00 8.559522775057512689e+00
1.500000000000000000e+00 8.559522775056354504e+00
1.500000000000000000e+00 8.559522775051721766e+00
1.500000000000000000e+00 7.584174418583565114e+00
1.500000000000000000e+00 7.584174418577887877e+00
1.500000000000000000e+00 3.954640525330746392e+00
1.500000000000000000e+00 3.954640525330711753e+00
2.000000000000000000e+00 1.245219873939913313e+01
2.000000000000000000e+00 1.237807131611432254e+01
2.000000000000000000e+00 1.237807131595609178e+01
2.000000000000000000e+00 1.237807131590334819e+01
2.000000000000000000e+00 1.237807131590334819e+01
2.000000000000000000e+00 1.237807131579786279e+01
2.000000000000000000e+00 1.237807131574511921e+01
2.000000000000000000e+00 1.237807131569237562e+01
2.000000000000000000e+00 1.237807131563963203e+01
2.000000000000000000e+00 1.237807131558688845e+01
2.000000000000000000e+00 1.237807131553414486e+01
2.000000000000000000e+00 1.237807131548140127e+01
2.000000000000000000e+00 1.237807131532317051e+01
2.000000000000000000e+00 1.237807131511219794e+01
2.000000000000000000e+00 1.230394389179409309e+01
2.000000000000000000e+00 1.230394389169614300e+01
2.000000000000000000e+00 1.230394389154921875e+01
2.000000000000000000e+00 1.230394389135331856e+01
2.000000000000000000e+00 1.178324299572446066e+01
2.000000000000000000e+00 1.140272295947458225e+01
2.000000000000000000e+00 1.140272295933536917e+01
2.000000000000000000e+00 1.140272295919615786e+01
2.000000000000000000e+00 1.140272295917626977e+01
2.000000000000000000e+00 1.132859553523120866e+01
2.000000000000000000e+00 1.132859553515734241e+01
2.000000000000000000e+00 1.132859553508347616e+01
2.000000000000000000e+00 1.132859553497267768e+01
2.000000000000000000e+00 9.908442334628258408e+00
2.000000000000000000e+00 9.908442334623794423e+00
2.000000000000000000e+00 9.908442334597017620e+00
2.000000000000000000e+00 9.908442334543462238e+00
2.000000000000000000e+00 8.033641674044938341e+00
2.000000000000000000e+00 7.773189065915421025e+00
2.000000000000000000e+00 7.773189065914893447e+00
2.000000000000000000e+00 7.773189065914893447e+00
2.000000000000000000e+00 7.773189065913310714e+00
2.000000000000000000e+00 7.699061641831318248e+00
2.000000000000000000e+00 7.699061641829358038e+00
2.000000000000000000e+00 7.699061641828868652e+00
2.000000000000000000e+00 7.699061641827398716e+00
2.500000000000000000e+00 1.514714407338643198e+01
2.500000000000000000e+00 1.514714406834083604e+01
2.500000000000000000e+00 1.507301665316802008e+01
2.500000000000000000e+00 1.507301665160631821e+01
2.500000000000000000e+00 1.372699087595797884e+01
2.500000000000000000e+00 1.372699087575474586e+01
2.500000000000000000e+00 1.372699087555151110e+01
2.500000000000000000e+00 1.372699087555151110e+01
2.500000000000000000e+00 1.372699087534827633e+01
2.500000000000000000e+00 1.372699087534827633e+01
2.500000000000000000e+00 1.372699087514504335e+01
2.500000000000000000e+00 1.372699087514504335e+01
2.500000000000000000e+00 1.365286345226733467e+01
2.500000000000000000e+00 1.365286345170119375e+01
2.500000000000000000e+00 1.365286345113505284e+01
2.500000000000000000e+00 1.365286345113505284e+01
2.500000000000000000e+00 1.365286345094633980e+01
2.500000000000000000e+00 1.365286345094633980e+01
2.500000000000000000e+00 1.365286345094633980e+01
2.500000000000000000e+00 1.365286344981405620e+01
2.500000000000000000e+00 1.185219021476632939e+01
2.500000000000000000e+00 1.185219021473515610e+01
2.500000000000000000e+00 1.177806279066615680e+01
2.500000000000000000e+00 1.177806279026091296e+01
2.500000000000000000e+00 1.159173760658817010e+01
2.500000000000000000e+00 1.159173760646804396e+01
2.500000000000000000e+00 1.151761018252644853e+01
2.500000000000000000e+00 1.151761018252644853e+01
2.500000000000000000e+00 1.151761018248183177e+01
2.500000000000000000e+00 1.151761018245952251e+01
2.500000000000000000e+00 1.151761018243721502e+01
2.500000000000000000e+00 1.151761018243721502e+01
2.500000000000000000e+00 1.151761018237028722e+01
2.500000000000000000e+00 1.151761018219181842e+01
2.500000000000000000e+00 1.144348275837652196e+01
2.500000000000000000e+00 1.144348275833509199e+01
2.500000000000000000e+00 9.047981201350514979e+00
2.500000000000000000e+00 9.047981201342963686e+00
2.500000000000000000e+00 7.173180540802958305e+00
2.500000000000000000e+00 7.173180540802668759e+00
3.000000000000000000e+00 1.747141198225178016e+01
3.000000000000000000e+00 1.747141197365812104e+01
3.000000000000000000e+00 1.747141195647080636e+01
3.000000000000000000e+00 1.747141194787715079e+01
3.000000000000000000e+00 1.747141193928349523e+01
3.000000000000000000e+00 1.739728460979754487e+01
3.000000000000000000e+00 1.739728459383820436e+01
3.000000000000000000e+00 1.739728451404150888e+01
3.000000000000000000e+00 1.739728449808216837e+01
3.000000000000000000e+00 1.567073874750766826e+01
3.000000000000000000e+00 1.559661134482742284e+01
3.000000000000000000e+00 1.559661134087299317e+01
3.000000000000000000e+00 1.559661133560042323e+01
3.000000000000000000e+00 1.559661133560042323e+01
3.000000000000000000e+00 1.552248390784809295e+01
3.000000000000000000e+00 1.533615872895481047e+01
3.000000000000000000e+00 1.533615872793891377e+01
3.000000000000000000e+00 1.533615872082764042e+01
3.000000000000000000e+00 1.533615871981174372e+01
3.000000000000000000e+00 1.526203130493641247e+01
3.000000000000000000e+00 1.526203130399309771e+01
3.000000000000000000e+00 1.526203129927652924e+01
3.000000000000000000e+00 1.526203129550327375e+01
3.000000000000000000e+00 1.286652974187070875e+01
3.000000000000000000e+00 1.286652974161282614e+01
3.000000000000000000e+00 1.286652974161282614e+01
3.000000000000000000e+00 1.286652974109705738e+01
3.000000000000000000e+00 1.279240231799764693e+01
3.000000000000000000e+00 1.279240231791782634e+01
3.000000000000000000e+00 1.279240231775818692e+01
3.000000000000000000e+00 1.279240231751872869e+01
3.000000000000000000e+00 1.099172908138553062e+01
3.000000000000000000e+00 1.099172908138553062e+01
3.000000000000000000e+00 1.099172908134597471e+01
3.000000000000000000e+00 1.099172908131960291e+01
3.000000000000000000e+00 1.091760165731325216e+01
3.000000000000000000e+00 1.091760165728876508e+01
3.000000000000000000e+00 1.091760165727652243e+01
3.000000000000000000e+00 1.091760165726427800e+01
3.000000000000000000e+00 6.312719407562834562e+00
3.500000000000000000e+00 2.121583307985148537e+01
3.500000000000000000e+00 2.121583271647285684e+01
3.500000000000000000e+00 2.121583271647285684e+01
3.500000000000000000e+00 2.121583271647285684e+01
3.500000000000000000e+00 2.121583271647285684e+01
3.500000000000000000e+00 2.121583235309435977e+01
3.500000000000000000e+00 1.941515992589113537e+01
3.500000000000000000e+00 1.941515986586546205e+01
3.500000000000000000e+00 1.934103249703316507e+01
3.500000000000000000e+00 1.934103249703316507e+01
3.500000000000000000e+00 1.908057986686637264e+01
3.500000000000000000e+00 1.908057969503964202e+01
3.500000000000000000e+00 1.668507828719821617e+01
3.500000000000000000e+00 1.668507828719821617e+01
3.500000000000000000e+00 1.661095086933477916e+01
3.500000000000000000e+00 1.661095086569994805e+01
3.500000000000000000e+00 1.661095086206511340e+01
3.500000000000000000e+00 1.661095086206511340e+01
3.500000000000000000e+00 1.661095085843027874e+01
3.500000000000000000e+00 1.661095085843027874e+01
3.500000000000000000e+00 1.661095085116061298e+01
3.500000000000000000e+00 1.661095084752577833e+01
3.500000000000000000e+00 1.653682344413059369e+01
3.500000000000000000e+00 1.653682344075545529e+01
3.500000000000000000e+00 1.481027762125179237e+01
3.500000000000000000e+00 1.481027761945050436e+01
3.500000000000000000e+00 1.473615019890742417e+01
3.500000000000000000e+00 1.473615019890742417e+01
3.500000000000000000e+00 1.473615019834989326e+01
3.500000000000000000e+00 1.473615019779236235e+01
3.500000000000000000e+00 1.473615019779236235e+01
3.500000000000000000e+00 1.473615019723483144e+01
3.500000000000000000e+00 1.473615019723483144e+01
3.500000000000000000e+00 1.473615019611976962e+01
3.500000000000000000e+00 1.466202277431151657e+01
3.500000000000000000e+00 1.466202277379382046e+01
3.500000000000000000e+00 1.013126794815165788e+01
3.500000000000000000e+00 1.013126794814050413e+01
3.500000000000000000e+00 1.005714052404980308e+01
3.500000000000000000e+00 1.005714052404980308e+01
4.000000000000000000e+00 2.690918230928148347e+01
4.000000000000000000e+00 2.503438164874995309e+01
4.000000000000000000e+00 2.503438164874942373e+01
4.000000000000000000e+00 2.503438164874715710e+01
4.000000000000000000e+00 2.503438164873411509e+01
4.000000000000000000e+00 2.315958098820233246e+01
4.000000000000000000e+00 2.042949939901200906e+01
4.000000000000000000e+00 2.042949939901185985e+01
4.000000000000000000e+00 2.042949939901176748e+01
4.000000000000000000e+00 2.042949939901166800e+01
4.000000000000000000e+00 2.035537197492455874e+01
4.000000000000000000e+00 2.035537197492447348e+01
4.000000000000000000e+00 2.035537197492440953e+01
4.000000000000000000e+00 2.035537197492427097e+01
4.000000000000000000e+00 1.855469873846675455e+01
4.000000000000000000e+00 1.855469873846671902e+01
4.000000000000000000e+00 1.855469873846670836e+01
4.000000000000000000e+00 1.855469873846669771e+01
4.000000000000000000e+00 1.848057131437938594e+01
4.000000000000000000e+00 1.848057131437938239e+01
4.000000000000000000e+00 1.848057131437936818e+01
4.000000000000000000e+00 1.848057131437933620e+01
4.000000000000000000e+00 1.394981648873054958e+01
4.000000000000000000e+00 1.387568906464320939e+01
4.000000000000000000e+00 1.387568906464320406e+01
4.000000000000000000e+00 1.387568906464320406e+01
4.000000000000000000e+00 1.387568906464320406e+01
4.000000000000000000e+00 1.380156164055585322e+01
4.500000000000000000e+00 2.417392051550826437e+01
4.500000000000000000e+00 2.417392051550809384e+01
4.500000000000000000e+00 2.229911985496313775e+01
4.500000000000000000e+00 2.229911985496312710e+01
4.500000000000000000e+00 1.769423760522696298e+01
4.500000000000000000e+00 1.769423760522696298e+01
4.500000000000000000e+00 1.762011018113961214e+01
4.500000000000000000e+00 1.762011018113961214e+01
5.000000000000000000e+00 2.143865872172337106e+01
