-5.000000000000000000e+00 1.142955161348712423e+01
-4.500000000000000000e+00 1.516564185669260745e+01
-4.500000000000000000e+00 1.516564184645423552e+01
-4.500000000000000000e+00 1.506141358276953390e+01
-4.500000000000000000e+00 1.506141357117583723e+01
-4.500000000000000000e+00 1.059068232851303826e+01
-4.500000000000000000e+00 1.059068232330845483e+01
-4.500000000000000000e+00 8.867715431471804521e+00
-4.500000000000000000e+00 8.867715427622547608e+00
-4.000000000000000000e+00 2.023898137518790463e+01
-4.000000000000000000e+00 1.880735996779744568e+01
-4.000000000000000000e+00 1.879791827140065763e+01
-4.000000000000000000e+00 1.879791827004549631e+01
-4.000000000000000000e+00 1.878842689761350115e+01
-4.000000000000000000e+00 1.717016773685799080e+01
-4.000000000000000000e+00 1.456250949183898591e+01
-4.000000000000000000e+00 1.438740344717195896e+01
-4.000000000000000000e+00 1.432927721563686951e+01
-4.000000000000000000e+00 1.432927720019570828e+01
-4.000000000000000000e+00 1.421963296597663629e+01
-4.000000000000000000e+00 1.421963295958927098e+01
-4.000000000000000000e+00 1.415885947643098497e+01
-4.000000000000000000e+00 1.415638306031057070e+01
-4.000000000000000000e+00 1.299068610478135177e+01
-4.000000000000000000e+00 1.260088471493183349e+01
-4.000000000000000000e+00 1.260088470854130982e+01
-4.000000000000000000e+00 1.255705311674527636e+01
-4.000000000000000000e+00 1.253228698383544959e+01
-4.000000000000000000e+00 1.250207637717543818e+01
-4.000000000000000000e+00 1.250207636173107240e+01
-4.000000000000000000e+00 1.247222785070965045e+01
-4.000000000000000000e+00 9.626676735877618185e+00
-4.000000000000000000e+00 8.038563295239399054e+00
-4.000000000000000000e+00 8.036150948215897927e+00
-4.000000000000000000e+00 8.029260349154995424e+00
-4.000000000000000000e+00 8.029260347799629827e+00
-4.000000000000000000e+00 6.087063167606252989e+00
-3.500000000000000000e+00 2.249847073128342601e+01
-3.500000000000000000e+00 2.249847072017297123e+01
-3.500000000000000000e+00 2.227492056899788864e+01
-3.500000000000000000e+00 2.227492055901040402e+01
-3.500000000000000000e+00 1.952995786179069881e+01
-3.500000000000000000e+00 1.952995783019433063e+01
-3.500000000000000000e+00 1.806548232040772461e+01
-3.500000000000000000e+00 1.806548231841002661e+01
-3.500000000000000000e+00 1.803313597921374978e+01
-3.500000000000000000e+00 1.803313597457192685e+01
-3.500000000000000000e+00 1.795863452941096838e+01
-3.500000000000000000e+00 1.795863452555911621e+01
-3.500000000000000000e+00 1.795766873162655131e+01
-3.500000000000000000e+00 1.795766872987877250e+01
-3.500000000000000000e+00 1.765064739983453634e+01
-3.500000000000000000e+00 1.765064737923612981e+01
-3.500000000000000000e+00 1.651701336306026846e+01
-3.500000000000000000e+00 1.651701336137342935e+01
-3.500000000000000000e+00 1.630140116684093954e+01
-3.500000000000000000e+00 1.630140116326759170e+01
-3.500000000000000000e+00 1.627872853024470245e+01
-3.500000000000000000e+00 1.627872851956104228e+01
-3.500000000000000000e+00 1.623566763372179977e+01
-3.500000000000000000e+00 1.623566762851661949e+01
-3.500000000000000000e+00 1.618555212356560347e+01
-3.500000000000000000e+00 1.618555210060806360e+01
-3.500000000000000000e+00 1.502844229544409949e+01
-3.500000000000000000e+00 1.502844227215224215e+01
-3.500000000000000000e+00 1.358009785373019085e+01
-3.500000000000000000e+00 1.358009785302633787e+01
-3.500000000000000000e+00 1.336386291097158008e+01
-3.500000000000000000e+00 1.336386290776514940e+01
-3.500000000000000000e+00 1.321316265815438307e+01
-3.500000000000000000e+00 1.321316265544490598e+01
-3.500000000000000000e+00 1.214246878006933095e+01
-3.500000000000000000e+00 1.214246877772734834e+01
-3.500000000000000000e+00 1.201351036765665548e+01
-3.500000000000000000e+00 1.201351036661203509e+01
-3.500000000000000000e+00 1.177032821192412726e+01
-3.500000000000000000e+00 1.177032820751647435e+01
-3.500000000000000000e+00 1.176493638585396440e+01
-3.500000000000000000e+00 1.176493637426037431e+01
-3.500000000000000000e+00 1.167680763289645540e+01
-3.500000000000000000e+00 1.167680762747407464e+01
-3.500000000000000000e+00 1.166070811057542933e+01
-3.500000000000000000e+00 1.166070810033717642e+01
-3.500000000000000000e+00 1.162925883203248745e+01
-3.500000000000000000e+00 1.162925880495417275e+01
-3.500000000000000000e+00 1.160362593526287789e+01
-3.500000000000000000e+00 1.160362591080071937e+01
-3.500000000000000000e+00 1.029436741467051952e+01
-3.500000000000000000e+00 1.029436741461575444e+01
-3.500000000000000000e+00 9.966041801581166482e+00
-3.500000000000000000e+00 9.966041789968066666e+00
-3.500000000000000000e+00 9.759405182585524585e+00
-3.500000000000000000e+00 9.759405175018269318e+00
-3.500000000000000000e+00 7.069435121587410720e+00
-3.500000000000000000e+00 7.069435115864056485e+00
-3.500000000000000000e+00 5.261613311363491086e+00
-3.500000000000000000e+00 5.261613303813368780e+00
-3.000000000000000000e+00 2.183696260115608467e+01
-3.000000000000000000e+00 2.183696124864047405e+01
-3.000000000000000000e+00 2.176693401313034215e+01
-3.000000000000000000e+00 2.144658238171309250e+01
-3.000000000000000000e+00 2.140555856571903348e+01
-3.000000000000000000e+00 2.135165086747363716e+01
-3.000000000000000000e+00 2.135165086747363716e+01
-3.000000000000000000e+00 2.020049628864076396e+01
-3.000000000000000000e+00 2.019834174003351634e+01
-3.000000000000000000e+00 2.003258030091872399e+01
-3.000000000000000000e+00 2.003258030091872399e+01
-3.000000000000000000e+00 1.996593347809881180e+01
-3.000000000000000000e+00 1.996536628805428393e+01
-3.000000000000000000e+00 1.990222859125085364e+01
-3.000000000000000000e+00 1.990222849355676971e+01
-3.000000000000000000e+00 1.828012643979402441e+01
-3.000000000000000000e+00 1.803295727594689879e+01
-3.000000000000000000e+00 1.731228570307205317e+01
-3.000000000000000000e+00 1.731228569574262011e+01
-3.000000000000000000e+00 1.724429661143811288e+01
-3.000000000000000000e+00 1.724277239259676620e+01
-3.000000000000000000e+00 1.724277237892227888e+01
-3.000000000000000000e+00 1.724070140049947142e+01
-3.000000000000000000e+00 1.719759034116028218e+01
-3.000000000000000000e+00 1.705932237812469410e+01
-3.000000000000000000e+00 1.704358039834280447e+01
-3.000000000000000000e+00 1.702451493833704887e+01
-3.000000000000000000e+00 1.702451493284046080e+01
-3.000000000000000000e+00 1.701932023448174292e+01
-3.000000000000000000e+00 1.690340581006398679e+01
-3.000000000000000000e+00 1.690340580519435321e+01
-3.000000000000000000e+00 1.689993416182248964e+01
-3.000000000000000000e+00 1.578460781973890725e+01
-3.000000000000000000e+00 1.569826040328463357e+01
-3.000000000000000000e+00 1.569826040328463357e+01
-3.000000000000000000e+00 1.567595510806144610e+01
-3.000000000000000000e+00 1.556635434344162761e+01
-3.000000000000000000e+00 1.554475314487346260e+01
-3.000000000000000000e+00 1.552434335084722328e+01
-3.000000000000000000e+00 1.552434334716849307e+01
-3.000000000000000000e+00 1.552198430023172016e+01
-3.000000000000000000e+00 1.551226859015554993e+01
-3.000000000000000000e+00 1.551226859015554993e+01
-3.000000000000000000e+00 1.550002648322486642e+01
-3.000000000000000000e+00 1.539679834801958158e+01
-3.000000000000000000e+00 1.539679834478136300e+01
-3.000000000000000000e+00 1.539679834154314619e+01
-3.000000000000000000e+00 1.539679834154314619e+01
-3.000000000000000000e+00 1.538387507859679459e+01
-3.000000000000000000e+00 1.477717112337232308e+01
-3.000000000000000000e+00 1.459006999477851529e+01
-3.000000000000000000e+00 1.414963276678567361e+01
-3.000000000000000000e+00 1.414963276058301922e+01
-3.000000000000000000e+00 1.411282452272278043e+01
-3.000000000000000000e+00 1.403754423549307795e+01
-3.000000000000000000e+00 1.403472114850466923e+01
-3.000000000000000000e+00 1.400804948640039171e+01
-3.000000000000000000e+00 1.400804947590198424e+01
-3.000000000000000000e+00 1.394090861475301324e+01
-3.000000000000000000e+00 1.392153894046989215e+01
-3.000000000000000000e+00 1.392153892343509902e+01
-3.000000000000000000e+00 1.364799394179054737e+01
-3.000000000000000000e+00 1.364799393878579536e+01
-3.000000000000000000e+00 1.363586850015684426e+01
-3.000000000000000000e+00 1.363540173058284033e+01
-3.000000000000000000e+00 1.315313402542763477e+01
-3.000000000000000000e+00 1.291500568579942865e+01
-3.000000000000000000e+00 1.260113363701845834e+01
-3.000000000000000000e+00 1.243072511478290210e+01
-3.000000000000000000e+00 1.243072511205874875e+01
-3.000000000000000000e+00 1.241906574688541376e+01
-3.000000000000000000e+00 1.124357340179568610e+01
-3.000000000000000000e+00 1.124357340094761604e+01
-3.000000000000000000e+00 1.122901586260043771e+01
-3.000000000000000000e+00 1.110198264228371912e+01
-3.000000000000000000e+00 1.091640102467895979e+01
-3.000000000000000000e+00 1.091640102222103259e+01
-3.000000000000000000e+00 1.087939442737422979e+01
-3.000000000000000000e+00 1.084720909189140414e+01
-3.000000000000000000e+00 1.070523564971310826e+01
-3.000000000000000000e+00 1.066104114146610016e+01
-3.000000000000000000e+00 1.066104112751288469e+01
-3.000000000000000000e+00 1.057985801506210244e+01
-3.000000000000000000e+00 9.661759448351842750e+00
-3.000000000000000000e+00 9.661759441354581313e+00
-3.000000000000000000e+00 9.344666140279455746e+00
-3.000000000000000000e+00 9.251242929681227523e+00
-3.000000000000000000e+00 9.215066785935125182e+00
-3.000000000000000000e+00 9.172817232193178683e+00
-3.000000000000000000e+00 9.172817221933971865e+00
-3.000000000000000000e+00 9.109600174910767123e+00
-3.000000000000000000e+00 9.062117608166273541e+00
-3.000000000000000000e+00 8.966126137862604040e+00
-3.000000000000000000e+00 8.907267169340260082e+00
-3.000000000000000000e+00 8.907267147760823178e+00
-3.000000000000000000e+00 7.850850599530254215e+00
-3.000000000000000000e+00 7.607305044091430268e+00
-3.000000000000000000e+00 7.607305038335044678e+00
-3.000000000000000000e+00 7.530706896761166114e+00
-3.000000000000000000e+00 4.317466871432764641e+00
-2.500000000000000000e+00 1.598070981858792372e+01
-2.500000000000000000e+00 1.598070980891084325e+01
-2.500000000000000000e+00 1.526391513176494286e+01
-2.500000000000000000e+00 1.526391512703948017e+01
-2.500000000000000000e+00 1.501444983478026174e+01
-2.500000000000000000e+00 1.501444983109809783e+01
-2.500000000000000000e+00 1.497913841349221364e+01
-2.500000000000000000e+00 1.497913841278133162e+01
-2.500000000000000000e+00 1.494878508270227968e+01
-2.500000000000000000e+00 1.494878507649562493e+01
-2.500000000000000000e+00 1.490482551867438765e+01
-2.500000000000000000e+00 1.490482551141472634e+01
-2.500000000000000000e+00 1.478132026456850667e+01
-2.500000000000000000e+00 1.478132026340192340e+01
-2.500000000000000000e+00 1.471426057073025362e+01
-2.500000000000000000e+00 1.471426056418474104e+01
-2.500000000000000000e+00 1.453963771839691432e+01
-2.500000000000000000e+00 1.453963771656466442e+01
-2.500000000000000000e+00 1.451908601593610548e+01
-2.500000000000000000e+00 1.451908601234615048e+01
-2.500000000000000000e+00 1.450433874122912492e+01
-2.500000000000000000e+00 1.450433873636519522e+01
-2.500000000000000000e+00 1.443431069602192629e+01
-2.500000000000000000e+00 1.443431069396057609e+01
-2.500000000000000000e+00 1.430797514475310628e+01
-2.500000000000000000e+00 1.430797513566957235e+01
-2.500000000000000000e+00 1.407014114055004939e+01
-2.500000000000000000e+00 1.407014113281632461e+01
-2.500000000000000000e+00 1.378693594570148839e+01
-2.500000000000000000e+00 1.378693594246464471e+01
-2.500000000000000000e+00 1.341571098083633728e+01
-2.500000000000000000e+00 1.341571095776136602e+01
-2.500000000000000000e+00 1.329589623118490138e+01
-2.500000000000000000e+00 1.329589621520552001e+01
-2.500000000000000000e+00 1.326122998258991359e+01
-2.500000000000000000e+00 1.326122997174719487e+01
-2.500000000000000000e+00 1.325118791829162923e+01
-2.500000000000000000e+00 1.325118790301092453e+01
-2.500000000000000000e+00 1.310248282450439561e+01
-2.500000000000000000e+00 1.310248281547093185e+01
-2.500000000000000000e+00 1.310156601012240074e+01
-2.500000000000000000e+00 1.310156600218458678e+01
-2.500000000000000000e+00 1.308057706231939754e+01
-2.500000000000000000e+00 1.308057705358814538e+01
-2.500000000000000000e+00 1.287622418537409708e+01
-2.500000000000000000e+00 1.287622418389851831e+01
-2.500000000000000000e+00 1.286839055653939035e+01
-2.500000000000000000e+00 1.286839055593653924e+01
-2.500000000000000000e+00 1.283602536520072768e+01
-2.500000000000000000e+00 1.283602536119854953e+01
-2.500000000000000000e+00 1.283394608822946736e+01
-2.500000000000000000e+00 1.283394608465162889e+01
-2.500000000000000000e+00 1.281158312038328262e+01
-2.500000000000000000e+00 1.281158310256424748e+01
-2.500000000000000000e+00 1.210472153071425438e+01
-2.500000000000000000e+00 1.210472152902885412e+01
-2.500000000000000000e+00 1.184197815156447042e+01
-2.500000000000000000e+00 1.184197813925274723e+01
-2.500000000000000000e+00 1.163967294871682689e+01
-2.500000000000000000e+00 1.163967292762027839e+01
-2.500000000000000000e+00 1.159425456656607700e+01
-2.500000000000000000e+00 1.159425456068914251e+01
-2.500000000000000000e+00 1.143729984342304107e+01
-2.500000000000000000e+00 1.143729983358237767e+01
-2.500000000000000000e+00 1.141849031191556740e+01
-2.500000000000000000e+00 1.141849030631918538e+01
-2.500000000000000000e+00 1.132512821772616540e+01
-2.500000000000000000e+00 1.132512820962898914e+01
-2.500000000000000000e+00 1.123982407359232916e+01
-2.500000000000000000e+00 1.123982405186157685e+01
-2.500000000000000000e+00 1.122515964170727365e+01
-2.500000000000000000e+00 1.122515963096676650e+01
-2.500000000000000000e+00 1.119556951116743804e+01
-2.500000000000000000e+00 1.119556949294786463e+01
-2.500000000000000000e+00 1.046558189684817997e+01
-2.500000000000000000e+00 1.046558189363835112e+01
-2.500000000000000000e+00 1.027040536528283354e+01
-2.500000000000000000e+00 1.027040536525719716e+01
-2.500000000000000000e+00 1.015249882452412322e+01
-2.500000000000000000e+00 1.015249882392598302e+01
-2.500000000000000000e+00 9.652478808305900770e+00
-2.500000000000000000e+00 9.652478806453975935e+00
-2.500000000000000000e+00 8.528506493680175993e+00
-2.500000000000000000e+00 8.528506491196420569e+00
-2.500000000000000000e+00 8.477817970072566212e+00
-2.500000000000000000e+00 8.477817966076381495e+00
-2.500000000000000000e+00 8.151379787474681393e+00
-2.500000000000000000e+00 8.151379771488457493e+00
-2.500000000000000000e+00 8.085036827305597029e+00
-2.500000000000000000e+00 8.085036815543073629e+00
-2.500000000000000000e+00 7.137425940666321189e+00
-2.500000000000000000e+00 7.137425924870833605e+00
-2.500000000000000000e+00 6.985102265085160411e+00
-2.500000000000000000e+00 6.985102263065555483e+00
-2.500000000000000000e+00 6.649942429813576972e+00
-2.500000000000000000e+00 6.649942428743587541e+00
-2.500000000000000000e+00 6.562457693806061698e+00
-2.500000000000000000e+00 6.562457678468602396e+00
-2.500000000000000000e+00 4.800869348506059175e+00
-2.500000000000000000e+00 4.800869346926988079e+00
-2.000000000000000000e+00 1.390944817520294663e+01
-2.000000000000000000e+00 1.390163884392902816e+01
-2.000000000000000000e+00 1.390163883594247807e+01
-2.000000000000000000e+00 1.388485468133188228e+01
-2.000000000000000000e+00 1.388485466681458291e+01
-2.000000000000000000e+00 1.381238937061526784e+01
-2.000000000000000000e+00 1.381238936596686351e+01
-2.000000000000000000e+00 1.375289777300901761e+01
-2.000000000000000000e+00 1.375289776466629554e+01
-2.000000000000000000e+00 1.357550558621470671e+01
-2.000000000000000000e+00 1.357550558359472248e+01
-2.000000000000000000e+00 1.352226465655470733e+01
-2.000000000000000000e+00 1.350076615590675644e+01
-2.000000000000000000e+00 1.345354029447769051e+01
-2.000000000000000000e+00 1.340011893111043761e+01
-2.000000000000000000e+00 1.338204149486308125e+01
-2.000000000000000000e+00 1.338204148795387383e+01
-2.000000000000000000e+00 1.317648085315767759e+01
-2.000000000000000000e+00 1.283324696651823693e+01
-2.000000000000000000e+00 1.272455609951142286e+01
-2.000000000000000000e+00 1.262613862570008472e+01
-2.000000000000000000e+00 1.243119292724048996e+01
-2.000000000000000000e+00 1.243119292501564921e+01
-2.000000000000000000e+00 1.237310978685744089e+01
-2.000000000000000000e+00 1.237310978465318101e+01
-2.000000000000000000e+00 1.234991716680561069e+01
-2.000000000000000000e+00 1.234470123179227485e+01
-2.000000000000000000e+00 1.233637220913462684e+01
-2.000000000000000000e+00 1.232865608781640532e+01
-2.000000000000000000e+00 1.227994067637390252e+01
-2.000000000000000000e+00 1.227994067326602412e+01
-2.000000000000000000e+00 1.218955803992244036e+01
-2.000000000000000000e+00 1.217722514720581017e+01
-2.000000000000000000e+00 1.215131910875309451e+01
-2.000000000000000000e+00 1.215131910219442624e+01
-2.000000000000000000e+00 1.211934976571584244e+01
-2.000000000000000000e+00 1.211934975899705513e+01
-2.000000000000000000e+00 1.196865580988253974e+01
-2.000000000000000000e+00 1.193621990768745711e+01
-2.000000000000000000e+00 1.193621990717886838e+01
-2.000000000000000000e+00 1.183490055544922903e+01
-2.000000000000000000e+00 1.141780665289821961e+01
-2.000000000000000000e+00 1.137932059966671794e+01
-2.000000000000000000e+00 1.115395464006446957e+01
-2.000000000000000000e+00 1.115395462568903717e+01
-2.000000000000000000e+00 1.113028457004316785e+01
-2.000000000000000000e+00 1.112713736073817472e+01
-2.000000000000000000e+00 1.108935290051673661e+01
-2.000000000000000000e+00 1.108935288770933880e+01
-2.000000000000000000e+00 1.085718173353413896e+01
-2.000000000000000000e+00 1.085718169472826666e+01
-2.000000000000000000e+00 1.082013843199604253e+01
-2.000000000000000000e+00 1.070698734461432622e+01
-2.000000000000000000e+00 1.070698732732222780e+01
-2.000000000000000000e+00 1.070103144847180232e+01
-2.000000000000000000e+00 1.070103143446196015e+01
-2.000000000000000000e+00 1.064370326904450614e+01
-2.000000000000000000e+00 1.061636998268869014e+01
-2.000000000000000000e+00 1.061298473992146718e+01
-2.000000000000000000e+00 1.058985466096310901e+01
-2.000000000000000000e+00 1.058985464530447018e+01
-2.000000000000000000e+00 1.051509023672983290e+01
-2.000000000000000000e+00 1.047763771887686346e+01
-2.000000000000000000e+00 1.047763770960370167e+01
-2.000000000000000000e+00 1.043959461980754710e+01
-2.000000000000000000e+00 1.040678041667799825e+01
-2.000000000000000000e+00 1.040678040317615682e+01
-2.000000000000000000e+00 1.035495995753590570e+01
-2.000000000000000000e+00 1.035068793519178243e+01
-2.000000000000000000e+00 1.035068791989143300e+01
-2.000000000000000000e+00 1.034682426331012728e+01
-2.000000000000000000e+00 1.025925911107049338e+01
-2.000000000000000000e+00 1.016735173720546115e+01
-2.000000000000000000e+00 1.016735170350031048e+01
-2.000000000000000000e+00 1.014530113997029126e+01
-2.000000000000000000e+00 9.302672418362867290e+00
-2.000000000000000000e+00 9.301175556240744768e+00
-2.000000000000000000e+00 9.301175554898508224e+00
-2.000000000000000000e+00 9.278937911796029780e+00
-2.000000000000000000e+00 8.880797592341410862e+00
-2.000000000000000000e+00 8.749131796127789684e+00
-2.000000000000000000e+00 8.706278633716173943e+00
-2.000000000000000000e+00 8.706278605304555995e+00
-2.000000000000000000e+00 8.610222859110495008e+00
-2.000000000000000000e+00 8.516254123997748948e+00
-2.000000000000000000e+00 8.440875409470859125e+00
-2.000000000000000000e+00 8.440875392582553260e+00
-2.000000000000000000e+00 8.366987206882313899e+00
-2.000000000000000000e+00 7.743802759434253780e+00
-2.000000000000000000e+00 7.513498745502996456e+00
-2.000000000000000000e+00 7.378846044966690165e+00
-2.000000000000000000e+00 7.378846043581758884e+00
-2.000000000000000000e+00 6.113370648910547267e+00
-2.000000000000000000e+00 5.815240739106664059e+00
-2.000000000000000000e+00 5.815240726427518325e+00
-2.000000000000000000e+00 5.798621403271116748e+00
-2.000000000000000000e+00 4.196219469982691130e+00
-2.000000000000000000e+00 4.196219455026511724e+00
-2.000000000000000000e+00 3.764943609414266312e+00
-2.000000000000000000e+00 3.720506715459540370e+00
-1.500000000000000000e+00 1.299459336846094004e+01
-1.500000000000000000e+00 1.299459334804042498e+01
-1.500000000000000000e+00 1.298749124288514700e+01
-1.500000000000000000e+00 1.298749122600465000e+01
-1.500000000000000000e+00 1.292207607236216660e+01
-1.500000000000000000e+00 1.292207606527420793e+01
-1.500000000000000000e+00 1.279261093958185214e+01
-1.500000000000000000e+00 1.279261093231674451e+01
-1.500000000000000000e+00 1.278826091239502460e+01
-1.500000000000000000e+00 1.278826089792788068e+01
-1.500000000000000000e+00 1.276837831027089543e+01
-1.500000000000000000e+00 1.276837830333557555e+01
-1.500000000000000000e+00 1.261664019410108573e+01
-1.500000000000000000e+00 1.261664018492836803e+01
-1.500000000000000000e+00 1.255153896201324670e+01
-1.500000000000000000e+00 1.255153896182504347e+01
-1.500000000000000000e+00 1.252282971285806568e+01
-1.500000000000000000e+00 1.252282970042248067e+01
-1.500000000000000000e+00 1.248925378033849576e+01
-1.500000000000000000e+00 1.248925377579965534e+01
-1.500000000000000000e+00 1.240984474593764553e+01
-1.500000000000000000e+00 1.240984473270722610e+01
-1.500000000000000000e+00 1.236314295181748335e+01
-1.500000000000000000e+00 1.236314294241237910e+01
-1.500000000000000000e+00 1.226622271063106773e+01
-1.500000000000000000e+00 1.226622269775581664e+01
-1.500000000000000000e+00 1.192827698636999934e+01
-1.500000000000000000e+00 1.192827696036812846e+01
-1.500000000000000000e+00 1.180131025241953502e+01
-1.500000000000000000e+00 1.180131024530911255e+01
-1.500000000000000000e+00 1.170576699114852204e+01
-1.500000000000000000e+00 1.170576698673247051e+01
-1.500000000000000000e+00 1.152298297122972848e+01
-1.500000000000000000e+00 1.152298296622808316e+01
-1.500000000000000000e+00 1.149730085382925360e+01
-1.500000000000000000e+00 1.149730084613445591e+01
-1.500000000000000000e+00 1.143440301484258548e+01
-1.500000000000000000e+00 1.143440300728842551e+01
-1.500000000000000000e+00 1.140201270839741099e+01
-1.500000000000000000e+00 1.140201270511830600e+01
-1.500000000000000000e+00 1.132958212451370805e+01
-1.500000000000000000e+00 1.132958212447673851e+01
-1.500000000000000000e+00 1.129472596830564690e+01
-1.500000000000000000e+00 1.129472596477102719e+01
-1.500000000000000000e+00 1.127007419173423131e+01
-1.500000000000000000e+00 1.127007418725808385e+01
-1.500000000000000000e+00 1.125429773001175171e+01
-1.500000000000000000e+00 1.125429772377122895e+01
-1.500000000000000000e+00 1.105142790714816137e+01
-1.500000000000000000e+00 1.105142790651832740e+01
-1.500000000000000000e+00 1.070528821444485068e+01
-1.500000000000000000e+00 1.070528820747440513e+01
-1.500000000000000000e+00 1.052413643261728460e+01
-1.500000000000000000e+00 1.052413642809870353e+01
-1.500000000000000000e+00 1.012947456693499859e+01
-1.500000000000000000e+00 1.012947456252042855e+01
-1.500000000000000000e+00 1.008224023672566005e+01
-1.500000000000000000e+00 1.008224022989688962e+01
-1.500000000000000000e+00 9.970529156245254043e+00
-1.500000000000000000e+00 9.970529151420450376e+00
-1.500000000000000000e+00 9.928577568164094203e+00
-1.500000000000000000e+00 9.928577563660461180e+00
-1.500000000000000000e+00 9.718094235470200459e+00
-1.500000000000000000e+00 9.718094232446741643e+00
-1.500000000000000000e+00 9.679771568144142080e+00
-1.500000000000000000e+00 9.679771563253080302e+00
-1.500000000000000000e+00 9.637600088975855073e+00
-1.500000000000000000e+00 9.637600087590403319e+00
-1.500000000000000000e+00 9.584816931639538851e+00
-1.500000000000000000e+00 9.584816930338236673e+00
-1.500000000000000000e+00 9.457350597803028336e+00
-1.500000000000000000e+00 9.457350583260298649e+00
-1.500000000000000000e+00 9.425345691188947939e+00
-1.500000000000000000e+00 9.425345668640002117e+00
-1.500000000000000000e+00 9.304853339126788470e+00
-1.500000000000000000e+00 9.304853335550172133e+00
-1.500000000000000000e+00 8.418470901838993825e+00
-1.500000000000000000e+00 8.418470894571685292e+00
-1.500000000000000000e+00 8.098625766219560873e+00
-1.500000000000000000e+00 8.098625752106389797e+00
-1.500000000000000000e+00 8.080526741389851608e+00
-1.500000000000000000e+00 8.080526717102598511e+00
-1.500000000000000000e+00 7.940453899359428469e+00
-1.500000000000000000e+00 7.940453849582175927e+00
-1.500000000000000000e+00 7.832093789819965401e+00
-1.500000000000000000e+00 7.832093744512478750e+00
-1.500000000000000000e+00 7.736313576024207883e+00
-1.500000000000000000e+00 7.736313549890598829e+00
-1.500000000000000000e+00 7.577527565258038500e+00
-1.500000000000000000e+00 7.577527526443353700e+00
-1.500000000000000000e+00 7.556436100546521928e+00
-1.500000000000000000e+00 7.556436085912181078e+00
-1.500000000000000000e+00 7.553889945444565157e+00
-1.500000000000000000e+00 7.553889915109937903e+00
-1.500000000000000000e+00 6.529513734653750845e+00
-1.500000000000000000e+00 6.529513732987330954e+00
-1.500000000000000000e+00 6.126834636139367518e+00
-1.500000000000000000e+00 6.126834626847736942e+00
-1.500000000000000000e+00 3.012062856596537053e+00
-1.500000000000000000e+00 3.012062856471895866e+00
-1.000000000000000000e+00 1.328886483205833891e+01
-1.000000000000000000e+00 1.324399985153292647e+01
-1.000000000000000000e+00 1.324355719805077136e+01
-1.000000000000000000e+00 1.324355718865125908e+01
-1.000000000000000000e+00 1.319523590071567476e+01
-1.000000000000000000e+00 1.287214578081593963e+01
-1.000000000000000000e+00 1.287214577804968485e+01
-1.000000000000000000e+00 1.275194149314814851e+01
-1.000000000000000000e+00 1.272586562012038236e+01
-1.000000000000000000e+00 1.227455178207928199e+01
-1.000000000000000000e+00 1.220203042919258607e+01
-1.000000000000000000e+00 1.216214844629464942e+01
-1.000000000000000000e+00 1.209269478920923468e+01
-1.000000000000000000e+00 1.209269477065356213e+01
-1.000000000000000000e+00 1.204096545357171166e+01
-1.000000000000000000e+00 1.201368049457649434e+01
-1.000000000000000000e+00 1.200670199002596839e+01
-1.000000000000000000e+00 1.200670196583204508e+01
-1.000000000000000000e+00 1.196043725712115879e+01
-1.000000000000000000e+00 1.196043725555799497e+01
-1.000000000000000000e+00 1.195500053235553928e+01
-1.000000000000000000e+00 1.195500052496213073e+01
-1.000000000000000000e+00 1.194270277345468401e+01
-1.000000000000000000e+00 1.189914600841369996e+01
-1.000000000000000000e+00 1.185394160490289117e+01
-1.000000000000000000e+00 1.185394159628401312e+01
-1.000000000000000000e+00 1.181103918444726553e+01
-1.000000000000000000e+00 1.174169704695677474e+01
-1.000000000000000000e+00 1.174169704154180316e+01
-1.000000000000000000e+00 1.168095716670612738e+01
-1.000000000000000000e+00 1.158822614414322238e+01
-1.000000000000000000e+00 1.157559105385784370e+01
-1.000000000000000000e+00 1.157559104132841021e+01
-1.000000000000000000e+00 1.154693797949221157e+01
-1.000000000000000000e+00 1.154693794305754118e+01
-1.000000000000000000e+00 1.153914068802340509e+01
-1.000000000000000000e+00 1.152135698932952224e+01
-1.000000000000000000e+00 1.142595009625624947e+01
-1.000000000000000000e+00 1.140854958379089723e+01
-1.000000000000000000e+00 1.140854957108854784e+01
-1.000000000000000000e+00 1.129397470528598824e+01
-1.000000000000000000e+00 1.103991513868199270e+01
-1.000000000000000000e+00 1.103991512925959206e+01
-1.000000000000000000e+00 1.098411984373199957e+01
-1.000000000000000000e+00 1.088203686090419176e+01
-1.000000000000000000e+00 1.069438129078874766e+01
-1.000000000000000000e+00 1.060504290401933503e+01
-1.000000000000000000e+00 1.052630391434314561e+01
-1.000000000000000000e+00 1.048288149561765259e+01
-1.000000000000000000e+00 1.048288148873719194e+01
-1.000000000000000000e+00 1.043874644740988344e+01
-1.000000000000000000e+00 1.043451198172722805e+01
-1.000000000000000000e+00 1.043451197601753044e+01
-1.000000000000000000e+00 1.040106755964888308e+01
-1.000000000000000000e+00 1.040106755434610797e+01
-1.000000000000000000e+00 1.037999400157755758e+01
-1.000000000000000000e+00 1.026332583257037889e+01
-1.000000000000000000e+00 1.016367040070829120e+01
-1.000000000000000000e+00 1.015203189989977695e+01
-1.000000000000000000e+00 1.012747537527284614e+01
-1.000000000000000000e+00 1.008798696602737621e+01
-1.000000000000000000e+00 1.008798695746091134e+01
-1.000000000000000000e+00 9.989667499436306386e+00
-1.000000000000000000e+00 9.902944690743627376e+00
-1.000000000000000000e+00 9.745161797007437343e+00
-1.000000000000000000e+00 9.745161756252588958e+00
-1.000000000000000000e+00 9.734382213087082292e+00
-1.000000000000000000e+00 9.684487679971180540e+00
-1.000000000000000000e+00 9.670370575410302649e+00
-1.000000000000000000e+00 9.670370571857670683e+00
-1.000000000000000000e+00 9.115245180245672429e+00
-1.000000000000000000e+00 9.115245178889900046e+00
-1.000000000000000000e+00 9.016032066919860810e+00
-1.000000000000000000e+00 9.016032058973962648e+00
-1.000000000000000000e+00 8.980297351244024284e+00
-1.000000000000000000e+00 8.973190114274792961e+00
-1.000000000000000000e+00 8.966901533718203865e+00
-1.000000000000000000e+00 8.966901532994086210e+00
-1.000000000000000000e+00 8.746343356420753778e+00
-1.000000000000000000e+00 8.746343352172301522e+00
-1.000000000000000000e+00 8.444176550884700205e+00
-1.000000000000000000e+00 8.276844822653501410e+00
-1.000000000000000000e+00 7.806450453559138580e+00
-1.000000000000000000e+00 7.317273927273851619e+00
-1.000000000000000000e+00 7.206945498987983534e+00
-1.000000000000000000e+00 7.187771277712586837e+00
-1.000000000000000000e+00 7.187771274379148423e+00
-1.000000000000000000e+00 7.058572927798767438e+00
-1.000000000000000000e+00 6.971811304982646895e+00
-1.000000000000000000e+00 6.897369178961461955e+00
-1.000000000000000000e+00 6.897369146914059002e+00
-1.000000000000000000e+00 6.871196064590123775e+00
-1.000000000000000000e+00 6.761603476326960127e+00
-1.000000000000000000e+00 6.761603449496590201e+00
-1.000000000000000000e+00 6.729694932803161223e+00
-1.000000000000000000e+00 5.366934905478016660e+00
-1.000000000000000000e+00 5.346549027730560510e+00
-1.000000000000000000e+00 5.346549023196195627e+00
-1.000000000000000000e+00 5.250953298922097723e+00
-1.000000000000000000e+00 3.133111243081675656e+00
-5.000000000000000000e-01 1.267795399496720243e+01
-5.000000000000000000e-01 1.267795399311632032e+01
-5.000000000000000000e-01 1.266778889701311073e+01
-5.000000000000000000e-01 1.266778889053006907e+01
-5.000000000000000000e-01 1.263877404052799847e+01
-5.000000000000000000e-01 1.263877402334639122e+01
-5.000000000000000000e-01 1.261167670837431665e+01
-5.000000000000000000e-01 1.261167670317775169e+01
-5.000000000000000000e-01 1.260783843412233374e+01
-5.000000000000000000e-01 1.260783842476452854e+01
-5.000000000000000000e-01 1.249649712301161131e+01
-5.000000000000000000e-01 1.249649710893985421e+01
-5.000000000000000000e-01 1.249447866905859428e+01
-5.000000000000000000e-01 1.249447866259982298e+01
-5.000000000000000000e-01 1.235639884814448664e+01
-5.000000000000000000e-01 1.235639884122839227e+01
-5.000000000000000000e-01 1.232453708505188850e+01
-5.000000000000000000e-01 1.232453707640291007e+01
-5.000000000000000000e-01 1.223644891989811079e+01
-5.000000000000000000e-01 1.223644891879942520e+01
-5.000000000000000000e-01 1.212997989558278178e+01
-5.000000000000000000e-01 1.212997987788609322e+01
-5.000000000000000000e-01 1.198191870527354297e+01
-5.000000000000000000e-01 1.198191870321505093e+01
-5.000000000000000000e-01 1.170796298698957827e+01
-5.000000000000000000e-01 1.170796297627600246e+01
-5.000000000000000000e-01 1.157699031200345985e+01
-5.000000000000000000e-01 1.157699030530384654e+01
-5.000000000000000000e-01 1.126882641568958654e+01
-5.000000000000000000e-01 1.126882641356737302e+01
-5.000000000000000000e-01 1.117157049734610119e+01
-5.000000000000000000e-01 1.117157049324250018e+01
-5.000000000000000000e-01 1.110881705779375039e+01
-5.000000000000000000e-01 1.110881704766959466e+01
-5.000000000000000000e-01 1.106446254118034744e+01
-5.000000000000000000e-01 1.106446254004594998e+01
-5.000000000000000000e-01 1.103239776581629883e+01
-5.000000000000000000e-01 1.103239776552791618e+01
-5.000000000000000000e-01 1.101998408755378556e+01
-5.000000000000000000e-01 1.101998407545551473e+01
-5.000000000000000000e-01 1.091159645754330931e+01
-5.000000000000000000e-01 1.091159645054562688e+01
-5.000000000000000000e-01 1.090240778862558635e+01
-5.000000000000000000e-01 1.090240777192446764e+01
-5.000000000000000000e-01 1.082904984025550910e+01
-5.000000000000000000e-01 1.082904983736445281e+01
-5.000000000000000000e-01 1.080491601748537533e+01
-5.000000000000000000e-01 1.080491601017849312e+01
-5.000000000000000000e-01 1.069617873290069099e+01
-5.000000000000000000e-01 1.069617873260634866e+01
-5.000000000000000000e-01 1.066607552200750320e+01
-5.000000000000000000e-01 1.066607552102689560e+01
-5.000000000000000000e-01 1.065410209437814260e+01
-5.000000000000000000e-01 1.065410209115148987e+01
-5.000000000000000000e-01 1.036879783136138578e+01
-5.000000000000000000e-01 1.036879782911243986e+01
-5.000000000000000000e-01 9.813381680199244173e+00
-5.000000000000000000e-01 9.813381679160334770e+00
-5.000000000000000000e-01 9.734381825691944101e+00
-5.000000000000000000e-01 9.734381804039580643e+00
-5.000000000000000000e-01 9.484568383632087318e+00
-5.000000000000000000e-01 9.484568379387830817e+00
-5.000000000000000000e-01 9.351257885230069178e+00
-5.000000000000000000e-01 9.351257876068975960e+00
-5.000000000000000000e-01 9.347008879077375099e+00
-5.000000000000000000e-01 9.347008849100083339e+00
-5.000000000000000000e-01 9.196992013404615918e+00
-5.000000000000000000e-01 9.196992000385671773e+00
-5.000000000000000000e-01 9.121360652670599478e+00
-5.000000000000000000e-01 9.121360633819147523e+00
-5.000000000000000000e-01 9.026600831020601845e+00
-5.000000000000000000e-01 9.026600802242823463e+00
-5.000000000000000000e-01 8.917353896085469245e+00
-5.000000000000000000e-01 8.917353834543934710e+00
-5.000000000000000000e-01 8.817643088874952184e+00
-5.000000000000000000e-01 8.817643043006295756e+00
-5.000000000000000000e-01 8.641878696006601857e+00
-5.000000000000000000e-01 8.641878684136253597e+00
-5.000000000000000000e-01 8.098767011866351950e+00
-5.000000000000000000e-01 8.098767007705120591e+00
-5.000000000000000000e-01 8.060033116320916236e+00
-5.000000000000000000e-01 8.060033115101456147e+00
-5.000000000000000000e-01 7.630614500734305139e+00
-5.000000000000000000e-01 7.630614499921130722e+00
-5.000000000000000000e-01 7.623172542891339276e+00
-5.000000000000000000e-01 7.623172528936016157e+00
-5.000000000000000000e-01 6.866000964646738147e+00
-5.000000000000000000e-01 6.866000945819000556e+00
-5.000000000000000000e-01 6.698935519785154113e+00
-5.000000000000000000e-01 6.698935477773967584e+00
-5.000000000000000000e-01 6.331605430516427546e+00
-5.000000000000000000e-01 6.331605423177009584e+00
-5.000000000000000000e-01 6.204859019686169930e+00
-5.000000000000000000e-01 6.204859018355502798e+00
-5.000000000000000000e-01 6.114022139320692162e+00
-5.000000000000000000e-01 6.114022136309245070e+00
-5.000000000000000000e-01 4.415672919602231516e+00
-5.000000000000000000e-01 4.415672903238307079e+00
-5.000000000000000000e-01 2.251813258947013008e+00
-5.000000000000000000e-01 2.251813231393032133e+00
0.000000000000000000e+00 1.212397917788966595e+01
0.000000000000000000e+00 1.211315218952501915e+01
0.000000000000000000e+00 1.210234665011361166e+01
0.000000000000000000e+00 1.205878351100201051e+01
0.000000000000000000e+00 1.205878350667107490e+01
0.000000000000000000e+00 1.204438033033310340e+01
0.000000000000000000e+00 1.204438032723524188e+01
0.000000000000000000e+00 1.203462772929761648e+01
0.000000000000000000e+00 1.203462772327426045e+01
0.000000000000000000e+00 1.200698501456476919e+01
0.000000000000000000e+00 1.200698500837810556e+01
0.000000000000000000e+00 1.199983282435551324e+01
0.000000000000000000e+00 1.195889991894279980e+01
0.000000000000000000e+00 1.194332403769583451e+01
0.000000000000000000e+00 1.194332403513476493e+01
0.000000000000000000e+00 1.187912393768026931e+01
0.000000000000000000e+00 1.184837525590414131e+01
0.000000000000000000e+00 1.179128911115891221e+01
0.000000000000000000e+00 1.174728758915438576e+01
0.000000000000000000e+00 1.173042851207749848e+01
0.000000000000000000e+00 1.173042850509483515e+01
0.000000000000000000e+00 1.172110355448754149e+01
0.000000000000000000e+00 1.172110354070652249e+01
0.000000000000000000e+00 1.168448214593529322e+01
0.000000000000000000e+00 1.164718361536670876e+01
0.000000000000000000e+00 1.164718360444686951e+01
0.000000000000000000e+00 1.157686014731622137e+01
0.000000000000000000e+00 1.152432143554309185e+01
0.000000000000000000e+00 1.152432141847429037e+01
0.000000000000000000e+00 1.152381670055466678e+01
0.000000000000000000e+00 1.151911606272035904e+01
0.000000000000000000e+00 1.151700026221665851e+01
0.000000000000000000e+00 1.151700025619697598e+01
0.000000000000000000e+00 1.137200145099921045e+01
0.000000000000000000e+00 1.135712520568550232e+01
0.000000000000000000e+00 1.135712520522947777e+01
0.000000000000000000e+00 1.104747174617052075e+01
0.000000000000000000e+00 1.081937753359676968e+01
0.000000000000000000e+00 1.079345059614553115e+01
0.000000000000000000e+00 1.079345059496683312e+01
0.000000000000000000e+00 1.078503870891429628e+01
0.000000000000000000e+00 1.072044371759550785e+01
0.000000000000000000e+00 1.072044371502209259e+01
0.000000000000000000e+00 1.068449709381069823e+01
0.000000000000000000e+00 1.055691940846633692e+01
0.000000000000000000e+00 1.052773465325634916e+01
0.000000000000000000e+00 1.046491511357987569e+01
0.000000000000000000e+00 1.026889311243634495e+01
0.000000000000000000e+00 1.025598178186972831e+01
0.000000000000000000e+00 1.025598177159404756e+01
0.000000000000000000e+00 1.023363709617050787e+01
0.000000000000000000e+00 1.023363708946113171e+01
0.000000000000000000e+00 1.018426516246057822e+01
0.000000000000000000e+00 1.018426514122922200e+01
0.000000000000000000e+00 1.012241000915259370e+01
0.000000000000000000e+00 1.009795508760693750e+01
0.000000000000000000e+00 1.009795508098826389e+01
0.000000000000000000e+00 1.006376613936899211e+01
0.000000000000000000e+00 1.006376612045663776e+01
0.000000000000000000e+00 1.005230597193891917e+01
0.000000000000000000e+00 1.004860405822933522e+01
0.000000000000000000e+00 1.004860405038390248e+01
0.000000000000000000e+00 1.002335436665031487e+01
0.000000000000000000e+00 9.985172956267092559e+00
0.000000000000000000e+00 9.985172945455945026e+00
0.000000000000000000e+00 9.980801790373286408e+00
0.000000000000000000e+00 9.980801769034814086e+00
0.000000000000000000e+00 9.978130051273231160e+00
0.000000000000000000e+00 9.977813561082017557e+00
0.000000000000000000e+00 9.867164096641660720e+00
0.000000000000000000e+00 9.867164094620330062e+00
0.000000000000000000e+00 9.774370036526745409e+00
0.000000000000000000e+00 9.654273835999509501e+00
0.000000000000000000e+00 8.787990722460673254e+00
0.000000000000000000e+00 8.787990718124699896e+00
0.000000000000000000e+00 8.787537751205396930e+00
0.000000000000000000e+00 8.745311400433795512e+00
0.000000000000000000e+00 8.479473717648488673e+00
0.000000000000000000e+00 8.404914950272651453e+00
0.000000000000000000e+00 8.404914938524665757e+00
0.000000000000000000e+00 8.377724895608707811e+00
0.000000000000000000e+00 8.250794466641938385e+00
0.000000000000000000e+00 8.241651212129781356e+00
0.000000000000000000e+00 8.226894905376930467e+00
0.000000000000000000e+00 8.124453119821268388e+00
0.000000000000000000e+00 8.124453077267926204e+00
0.000000000000000000e+00 6.995171482919539940e+00
0.000000000000000000e+00 6.453113004913634043e+00
0.000000000000000000e+00 6.423605000010138788e+00
0.000000000000000000e+00 6.303108548590896199e+00
0.000000000000000000e+00 6.303108508532802468e+00
0.000000000000000000e+00 6.256870011178532032e+00
0.000000000000000000e+00 6.256869940077234737e+00
0.000000000000000000e+00 6.108559475682504569e+00
0.000000000000000000e+00 5.878728693127529326e+00
0.000000000000000000e+00 5.288592709488987076e+00
0.000000000000000000e+00 5.288592701903462867e+00
0.000000000000000000e+00 5.261830792180955285e+00
0.000000000000000000e+00 4.023092130327865945e+00
0.000000000000000000e+00 1.465096944572952697e+00
5.000000000000000000e-01 1.375640574696094554e+01
5.000000000000000000e-01 1.375640574549583839e+01
5.000000000000000000e-01 1.362309337225918959e+01
5.000000000000000000e-01 1.362309336474887189e+01
5.000000000000000000e-01 1.328857107186877329e+01
5.000000000000000000e-01 1.328857107134438387e+01
5.000000000000000000e-01 1.324781348785015744e+01
5.000000000000000000e-01 1.324781346255201875e+01
5.000000000000000000e-01 1.297343499502844288e+01
5.000000000000000000e-01 1.297343499397618061e+01
5.000000000000000000e-01 1.291734426973296301e+01
5.000000000000000000e-01 1.291734426575350270e+01
5.000000000000000000e-01 1.271942483678479974e+01
5.000000000000000000e-01 1.271942483389091727e+01
5.000000000000000000e-01 1.267630753422074008e+01
5.000000000000000000e-01 1.267630752483940526e+01
5.000000000000000000e-01 1.260184126685559569e+01
5.000000000000000000e-01 1.260184126276542038e+01
5.000000000000000000e-01 1.257593015782616419e+01
5.000000000000000000e-01 1.257593014683374122e+01
5.000000000000000000e-01 1.255018463708182708e+01
5.000000000000000000e-01 1.255018463595414069e+01
5.000000000000000000e-01 1.248833149033087153e+01
5.000000000000000000e-01 1.248833148108488444e+01
5.000000000000000000e-01 1.247818167024827929e+01
5.000000000000000000e-01 1.247818166908234083e+01
5.000000000000000000e-01 1.243935400414841652e+01
5.000000000000000000e-01 1.243935398362431677e+01
5.000000000000000000e-01 1.242845002015558187e+01
5.000000000000000000e-01 1.242845000395873889e+01
5.000000000000000000e-01 1.227642215913934010e+01
5.000000000000000000e-01 1.227642215375539081e+01
5.000000000000000000e-01 1.224320239654513642e+01
5.000000000000000000e-01 1.224320238792653015e+01
5.000000000000000000e-01 1.215562574072755631e+01
5.000000000000000000e-01 1.215562573844744954e+01
5.000000000000000000e-01 1.205943834530390824e+01
5.000000000000000000e-01 1.205943832877420618e+01
5.000000000000000000e-01 1.205899807088146680e+01
5.000000000000000000e-01 1.205899805696582838e+01
5.000000000000000000e-01 1.203398173947898719e+01
5.000000000000000000e-01 1.203398173936682447e+01
5.000000000000000000e-01 1.196936020593512673e+01
5.000000000000000000e-01 1.196936018721931916e+01
5.000000000000000000e-01 1.146600243615376691e+01
5.000000000000000000e-01 1.146600243022151133e+01
5.000000000000000000e-01 1.120408444434476358e+01
5.000000000000000000e-01 1.120408444263277303e+01
5.000000000000000000e-01 1.112795887559853725e+01
5.000000000000000000e-01 1.112795886843661286e+01
5.000000000000000000e-01 1.091926193710161996e+01
5.000000000000000000e-01 1.091926193599790196e+01
5.000000000000000000e-01 1.083330831752645729e+01
5.000000000000000000e-01 1.083330831668244798e+01
5.000000000000000000e-01 1.054878522776796501e+01
5.000000000000000000e-01 1.054878522497392090e+01
5.000000000000000000e-01 1.049158847092287417e+01
5.000000000000000000e-01 1.049158846047994231e+01
5.000000000000000000e-01 1.032212957803108289e+01
5.000000000000000000e-01 1.032212954701623531e+01
5.000000000000000000e-01 1.023912767267970914e+01
5.000000000000000000e-01 1.023912766299507915e+01
5.000000000000000000e-01 9.999464233453245754e+00
5.000000000000000000e-01 9.999464195087909957e+00
5.000000000000000000e-01 9.880807767316111878e+00
5.000000000000000000e-01 9.880807767072997905e+00
5.000000000000000000e-01 9.557346721700074710e+00
5.000000000000000000e-01 9.557346705728463121e+00
5.000000000000000000e-01 9.531327869915877216e+00
5.000000000000000000e-01 9.531327869349619064e+00
5.000000000000000000e-01 9.361254611322916475e+00
5.000000000000000000e-01 9.361254603624235671e+00
5.000000000000000000e-01 9.322672999329967070e+00
5.000000000000000000e-01 9.322672966442409503e+00
5.000000000000000000e-01 9.206502405291701052e+00
5.000000000000000000e-01 9.206502390583402473e+00
5.000000000000000000e-01 9.202092048559766368e+00
5.000000000000000000e-01 9.202092031423296348e+00
5.000000000000000000e-01 9.191880702860782293e+00
5.000000000000000000e-01 9.191880687890776613e+00
5.000000000000000000e-01 9.123776168674829989e+00
5.000000000000000000e-01 9.123776156358152534e+00
5.000000000000000000e-01 9.105289966450010652e+00
5.000000000000000000e-01 9.105289965752351833e+00
5.000000000000000000e-01 8.982815496694488644e+00
5.000000000000000000e-01 8.982815481051300566e+00
5.000000000000000000e-01 8.115065945635054234e+00
5.000000000000000000e-01 8.115065928478227164e+00
5.000000000000000000e-01 8.027350272823028376e+00
5.000000000000000000e-01 8.027350266970422865e+00
5.000000000000000000e-01 7.802076661567386218e+00
5.000000000000000000e-01 7.802076659347130239e+00
5.000000000000000000e-01 7.249713676271471563e+00
5.000000000000000000e-01 7.249713669569134211e+00
5.000000000000000000e-01 5.869175858490874198e+00
5.000000000000000000e-01 5.869175855650870410e+00
5.000000000000000000e-01 5.387114051954201344e+00
5.000000000000000000e-01 5.387113995114809484e+00
5.000000000000000000e-01 5.218343236408635732e+00
5.000000000000000000e-01 5.218343177319766824e+00
1.000000000000000000e+00 1.386738888672045000e+01
1.000000000000000000e+00 1.368605285745373834e+01
1.000000000000000000e+00 1.368605285667340965e+01
1.000000000000000000e+00 1.366190771945091953e+01
1.000000000000000000e+00 1.362978825417046025e+01
1.000000000000000000e+00 1.362978824882259943e+01
1.000000000000000000e+00 1.359023254145485105e+01
1.000000000000000000e+00 1.358867165697508916e+01
1.000000000000000000e+00 1.356988692712133648e+01
1.000000000000000000e+00 1.356543268015623482e+01
1.000000000000000000e+00 1.352296622447291696e+01
1.000000000000000000e+00 1.352296622016404903e+01
1.000000000000000000e+00 1.331886132606959450e+01
1.000000000000000000e+00 1.327775303549948305e+01
1.000000000000000000e+00 1.326330391645137929e+01
1.000000000000000000e+00 1.321478853243759488e+01
1.000000000000000000e+00 1.321478852805377713e+01
1.000000000000000000e+00 1.319058328368459598e+01
1.000000000000000000e+00 1.314892464444471720e+01
1.000000000000000000e+00 1.308963457407469200e+01
1.000000000000000000e+00 1.308963457278532161e+01
1.000000000000000000e+00 1.306699338561560353e+01
1.000000000000000000e+00 1.306699338488030904e+01
1.000000000000000000e+00 1.304623458495160904e+01
1.000000000000000000e+00 1.304623458464295638e+01
1.000000000000000000e+00 1.302772929396990165e+01
1.000000000000000000e+00 1.300946996577251369e+01
1.000000000000000000e+00 1.296320085821268897e+01
1.000000000000000000e+00 1.295338337007710017e+01
1.000000000000000000e+00 1.295338336829563808e+01
1.000000000000000000e+00 1.294629735244362934e+01
1.000000000000000000e+00 1.282174937128272241e+01
1.000000000000000000e+00 1.277037204887654021e+01
1.000000000000000000e+00 1.277037204325474740e+01
1.000000000000000000e+00 1.229280175052122637e+01
1.000000000000000000e+00 1.229280174596857833e+01
1.000000000000000000e+00 1.223954719533159441e+01
1.000000000000000000e+00 1.223103968829576438e+01
1.000000000000000000e+00 1.220751839751771506e+01
1.000000000000000000e+00 1.205044849724876244e+01
1.000000000000000000e+00 1.205044848060093443e+01
1.000000000000000000e+00 1.204578313578819149e+01
1.000000000000000000e+00 1.200345304837569493e+01
1.000000000000000000e+00 1.189110085411555140e+01
1.000000000000000000e+00 1.189110083693822517e+01
1.000000000000000000e+00 1.186442578998925335e+01
1.000000000000000000e+00 1.176038675433708747e+01
1.000000000000000000e+00 1.176038672331035428e+01
1.000000000000000000e+00 1.175153306797545483e+01
1.000000000000000000e+00 1.175153305142902660e+01
1.000000000000000000e+00 1.174933781051972481e+01
1.000000000000000000e+00 1.174213947358673948e+01
1.000000000000000000e+00 1.167047382532275535e+01
1.000000000000000000e+00 1.166281103006253517e+01
1.000000000000000000e+00 1.166281102892755683e+01
1.000000000000000000e+00 1.161069244746115636e+01
1.000000000000000000e+00 1.160473649076945790e+01
1.000000000000000000e+00 1.160473647718796641e+01
1.000000000000000000e+00 1.151649499923583342e+01
1.000000000000000000e+00 1.151649498385996928e+01
1.000000000000000000e+00 1.146644679714581017e+01
1.000000000000000000e+00 1.146644678271130502e+01
1.000000000000000000e+00 1.136713393617165480e+01
1.000000000000000000e+00 1.129343185117314619e+01
1.000000000000000000e+00 1.125715573192847963e+01
1.000000000000000000e+00 1.125715572056366653e+01
1.000000000000000000e+00 1.119126830582323073e+01
1.000000000000000000e+00 1.112658843613540149e+01
1.000000000000000000e+00 1.112658840198933241e+01
1.000000000000000000e+00 1.103828123232796798e+01
1.000000000000000000e+00 1.044008586320533638e+01
1.000000000000000000e+00 1.013224861737152871e+01
1.000000000000000000e+00 1.009355431283061044e+01
1.000000000000000000e+00 1.009355430942571097e+01
1.000000000000000000e+00 1.004555149658763469e+01
1.000000000000000000e+00 1.002361936286084720e+01
1.000000000000000000e+00 9.973030404167406715e+00
1.000000000000000000e+00 9.973030387685806630e+00
1.000000000000000000e+00 9.920793825370481045e+00
1.000000000000000000e+00 9.671243334861742369e+00
1.000000000000000000e+00 9.671243315438987409e+00
1.000000000000000000e+00 9.555748014341361340e+00
1.000000000000000000e+00 9.330765496728538722e+00
1.000000000000000000e+00 9.289214332232372584e+00
1.000000000000000000e+00 9.282777854556307773e+00
1.000000000000000000e+00 9.235743827655895188e+00
1.000000000000000000e+00 9.235743818274560368e+00
1.000000000000000000e+00 8.740653723556830457e+00
1.000000000000000000e+00 8.740653718391268256e+00
1.000000000000000000e+00 8.433200173420738466e+00
1.000000000000000000e+00 8.270137414157925804e+00
1.000000000000000000e+00 8.200372121571872341e+00
1.000000000000000000e+00 7.088543682936331081e+00
1.000000000000000000e+00 7.051703584689013482e+00
1.000000000000000000e+00 7.051703575338181373e+00
1.000000000000000000e+00 6.332826813314281544e+00
1.000000000000000000e+00 5.266187199533334251e+00
1.000000000000000000e+00 5.136134164826422932e+00
1.000000000000000000e+00 4.842499723067158257e+00
1.000000000000000000e+00 4.842499708064990749e+00
1.500000000000000000e+00 1.507048563189862911e+01
1.500000000000000000e+00 1.507048561787884111e+01
1.500000000000000000e+00 1.468426970910498675e+01
1.500000000000000000e+00 1.468426970169417878e+01
1.500000000000000000e+00 1.464319793471498521e+01
1.500000000000000000e+00 1.464319792607825832e+01
1.500000000000000000e+00 1.443515461143283396e+01
1.500000000000000000e+00 1.443515460441832765e+01
1.500000000000000000e+00 1.422251075541051080e+01
1.500000000000000000e+00 1.422251075140756704e+01
1.500000000000000000e+00 1.418631504243345809e+01
1.500000000000000000e+00 1.418631501219174318e+01
1.500000000000000000e+00 1.408202721745591468e+01
1.500000000000000000e+00 1.408202721078915509e+01
1.500000000000000000e+00 1.401471675621236024e+01
1.500000000000000000e+00 1.401471674455975958e+01
1.500000000000000000e+00 1.395660743564293860e+01
1.500000000000000000e+00 1.395660742081277839e+01
1.500000000000000000e+00 1.391451492066099860e+01
1.500000000000000000e+00 1.391451491355156200e+01
1.500000000000000000e+00 1.384531306686303509e+01
1.500000000000000000e+00 1.384531305885637664e+01
1.500000000000000000e+00 1.383019155385139953e+01
1.500000000000000000e+00 1.383019155227410124e+01
1.500000000000000000e+00 1.379613403652597725e+01
1.500000000000000000e+00 1.379613403238808900e+01
1.500000000000000000e+00 1.377539820417377392e+01
1.500000000000000000e+00 1.377539820225394784e+01
1.500000000000000000e+00 1.376201717118951251e+01
1.500000000000000000e+00 1.376201715835030548e+01
1.500000000000000000e+00 1.374423699968737367e+01
1.500000000000000000e+00 1.374423697776980546e+01
1.500000000000000000e+00 1.370901249211921424e+01
1.500000000000000000e+00 1.370901248852618259e+01
1.500000000000000000e+00 1.359505498915756050e+01
1.500000000000000000e+00 1.359505498755453701e+01
1.500000000000000000e+00 1.329958090656655578e+01
1.500000000000000000e+00 1.329958088960034779e+01
1.500000000000000000e+00 1.307983235429605351e+01
1.500000000000000000e+00 1.307983233024978631e+01
1.500000000000000000e+00 1.294838122343081821e+01
1.500000000000000000e+00 1.294838120579837337e+01
1.500000000000000000e+00 1.286727517459601344e+01
1.500000000000000000e+00 1.286727517098294626e+01
1.500000000000000000e+00 1.269551636078581680e+01
1.500000000000000000e+00 1.269551635861234473e+01
1.500000000000000000e+00 1.259396084578935238e+01
1.500000000000000000e+00 1.259396082857527865e+01
1.500000000000000000e+00 1.249077269260652834e+01
1.500000000000000000e+00 1.249077268286565712e+01
1.500000000000000000e+00 1.247052334188428091e+01
1.500000000000000000e+00 1.247052334049582889e+01
1.500000000000000000e+00 1.238787622206116090e+01
1.500000000000000000e+00 1.238787621945126816e+01
1.500000000000000000e+00 1.229614942023481916e+01
1.500000000000000000e+00 1.229614941974887188e+01
1.500000000000000000e+00 1.228665315490169618e+01
1.500000000000000000e+00 1.228665315466101937e+01
1.500000000000000000e+00 1.201428082230261829e+01
1.500000000000000000e+00 1.201428081914997748e+01
1.500000000000000000e+00 1.174475766709758595e+01
1.500000000000000000e+00 1.174475765539451189e+01
1.500000000000000000e+00 1.115096678719161005e+01
1.500000000000000000e+00 1.115096678661954499e+01
1.500000000000000000e+00 1.111555449558184172e+01
1.500000000000000000e+00 1.111555448979161120e+01
1.500000000000000000e+00 1.106108438562871044e+01
1.500000000000000000e+00 1.106108438121948190e+01
1.500000000000000000e+00 1.086279652273358742e+01
1.500000000000000000e+00 1.086279651778455069e+01
1.500000000000000000e+00 1.073158610998901352e+01
1.500000000000000000e+00 1.073158610974505223e+01
1.500000000000000000e+00 1.068977651385687899e+01
1.500000000000000000e+00 1.068977649064498614e+01
1.500000000000000000e+00 1.068803973025128684e+01
1.500000000000000000e+00 1.068803971686994814e+01
1.500000000000000000e+00 1.037569056413935265e+01
1.500000000000000000e+00 1.037569055045977251e+01
1.500000000000000000e+00 1.030351764235448009e+01
1.500000000000000000e+00 1.030351762388333370e+01
1.500000000000000000e+00 9.396100442987073365e+00
1.500000000000000000e+00 9.396100426415399554e+00
1.500000000000000000e+00 9.134270801625252290e+00
1.500000000000000000e+00 9.134270778089140563e+00
1.500000000000000000e+00 9.007960772276105033e+00
1.500000000000000000e+00 9.007960723493177113e+00
1.500000000000000000e+00 9.006095575738102710e+00
1.500000000000000000e+00 9.006095547436700599e+00
1.500000000000000000e+00 8.790313766084043579e+00
1.500000000000000000e+00 8.790313745280883495e+00
1.500000000000000000e+00 8.740889520589767869e+00
1.500000000000000000e+00 8.740889478527929413e+00
1.500000000000000000e+00 8.720208817672727264e+00
1.500000000000000000e+00 8.720208772726719459e+00
1.500000000000000000e+00 8.478392986492442773e+00
1.500000000000000000e+00 8.478392982695270419e+00
1.500000000000000000e+00 7.598274247362121869e+00
1.500000000000000000e+00 7.598274245205526967e+00
1.500000000000000000e+00 4.099605487695180628e+00
1.500000000000000000e+00 4.099605487512507196e+00
2.000000000000000000e+00 1.634170267564319090e+01
2.000000000000000000e+00 1.632678014758137408e+01
2.000000000000000000e+00 1.632678013116708726e+01
2.000000000000000000e+00 1.627483309647224985e+01
2.000000000000000000e+00 1.627483308088886815e+01
2.000000000000000000e+00 1.625917752433593222e+01
2.000000000000000000e+00 1.625147278877317447e+01
2.000000000000000000e+00 1.625147278623591518e+01
2.000000000000000000e+00 1.620551915136498877e+01
2.000000000000000000e+00 1.619638773591726633e+01
2.000000000000000000e+00 1.611849154988572508e+01
2.000000000000000000e+00 1.611849153211512231e+01
2.000000000000000000e+00 1.611607007406550096e+01
2.000000000000000000e+00 1.603569073015131963e+01
2.000000000000000000e+00 1.600344304058237199e+01
2.000000000000000000e+00 1.600344302078319103e+01
2.000000000000000000e+00 1.598094104623794642e+01
2.000000000000000000e+00 1.595338130426134704e+01
2.000000000000000000e+00 1.594945203108804321e+01
2.000000000000000000e+00 1.593939921574204455e+01
2.000000000000000000e+00 1.593939921388495407e+01
2.000000000000000000e+00 1.530313257719046582e+01
2.000000000000000000e+00 1.504350573646558864e+01
2.000000000000000000e+00 1.497399526945480197e+01
2.000000000000000000e+00 1.497399526167521699e+01
2.000000000000000000e+00 1.489763679346103942e+01
2.000000000000000000e+00 1.489763678428765203e+01
2.000000000000000000e+00 1.487295930281798917e+01
2.000000000000000000e+00 1.486209115055225460e+01
2.000000000000000000e+00 1.485834153370493205e+01
2.000000000000000000e+00 1.477072626485432671e+01
2.000000000000000000e+00 1.474159867371130161e+01
2.000000000000000000e+00 1.474159866810553332e+01
2.000000000000000000e+00 1.473991894516624868e+01
2.000000000000000000e+00 1.473991893845061618e+01
2.000000000000000000e+00 1.464025304616317946e+01
2.000000000000000000e+00 1.464025304312388620e+01
2.000000000000000000e+00 1.463744861639590589e+01
2.000000000000000000e+00 1.460251328790724656e+01
2.000000000000000000e+00 1.456404809469096229e+01
2.000000000000000000e+00 1.456404808999714717e+01
2.000000000000000000e+00 1.455467077543656629e+01
2.000000000000000000e+00 1.453247568169539861e+01
2.000000000000000000e+00 1.453247566759680076e+01
2.000000000000000000e+00 1.449222150616644988e+01
2.000000000000000000e+00 1.439286997720522265e+01
2.000000000000000000e+00 1.431221775148175368e+01
2.000000000000000000e+00 1.429687461539807991e+01
2.000000000000000000e+00 1.422345752020331133e+01
2.000000000000000000e+00 1.422345751385931401e+01
2.000000000000000000e+00 1.421385281199507666e+01
2.000000000000000000e+00 1.376159454468985288e+01
2.000000000000000000e+00 1.365170849222078076e+01
2.000000000000000000e+00 1.365170847808358801e+01
2.000000000000000000e+00 1.320202529780201672e+01
2.000000000000000000e+00 1.318737331634743981e+01
2.000000000000000000e+00 1.318737330319620149e+01
2.000000000000000000e+00 1.308136612348163830e+01
2.000000000000000000e+00 1.305695350030913282e+01
2.000000000000000000e+00 1.297898007847225443e+01
2.000000000000000000e+00 1.297536967189595813e+01
2.000000000000000000e+00 1.292794871760193587e+01
2.000000000000000000e+00 1.292794871184332806e+01
2.000000000000000000e+00 1.267388700171516369e+01
2.000000000000000000e+00 1.267388699611415248e+01
2.000000000000000000e+00 1.259359749085830593e+01
2.000000000000000000e+00 1.259359743269194887e+01
2.000000000000000000e+00 1.257650428715308344e+01
2.000000000000000000e+00 1.257650427615434907e+01
2.000000000000000000e+00 1.254932854453548252e+01
2.000000000000000000e+00 1.254932854441029022e+01
2.000000000000000000e+00 1.254867796638319533e+01
2.000000000000000000e+00 1.245340552367903442e+01
2.000000000000000000e+00 1.226812426570161030e+01
2.000000000000000000e+00 1.211913840883353366e+01
2.000000000000000000e+00 1.158718293260339927e+01
2.000000000000000000e+00 1.158718290407152729e+01
2.000000000000000000e+00 1.153873986340707702e+01
2.000000000000000000e+00 1.153177743561196067e+01
2.000000000000000000e+00 1.149909338457548991e+01
2.000000000000000000e+00 1.147148400971564186e+01
2.000000000000000000e+00 1.144605523691742199e+01
2.000000000000000000e+00 1.144605523081157195e+01
2.000000000000000000e+00 1.135108255852994397e+01
2.000000000000000000e+00 1.135108255021986068e+01
2.000000000000000000e+00 1.131931281611252693e+01
2.000000000000000000e+00 1.130939895682515228e+01
2.000000000000000000e+00 1.006088425235905248e+01
2.000000000000000000e+00 9.973332468573840259e+00
2.000000000000000000e+00 9.965510950279348634e+00
2.000000000000000000e+00 9.965510947241138950e+00
2.000000000000000000e+00 8.312257778558517884e+00
2.000000000000000000e+00 8.112073593403382077e+00
2.000000000000000000e+00 8.112073561872888305e+00
2.000000000000000000e+00 8.026845851908779750e+00
2.000000000000000000e+00 8.026845820543249133e+00
2.000000000000000000e+00 8.024447245254128447e+00
2.000000000000000000e+00 7.976033051544352048e+00
2.000000000000000000e+00 7.974386029394863407e+00
2.000000000000000000e+00 7.620844795560631546e+00
2.500000000000000000e+00 1.961707037947667942e+01
2.500000000000000000e+00 1.961707023256524351e+01
2.500000000000000000e+00 1.945006650588650032e+01
2.500000000000000000e+00 1.945006631941262398e+01
2.500000000000000000e+00 1.894552600308001189e+01
2.500000000000000000e+00 1.894552581543043601e+01
2.500000000000000000e+00 1.864433950258391803e+01
2.500000000000000000e+00 1.864433941927428506e+01
2.500000000000000000e+00 1.859013695688738821e+01
2.500000000000000000e+00 1.859013685166840801e+01
2.500000000000000000e+00 1.856313147994336532e+01
2.500000000000000000e+00 1.856313127511234384e+01
2.500000000000000000e+00 1.852019397191583039e+01
2.500000000000000000e+00 1.852019392286026900e+01
2.500000000000000000e+00 1.844816328587002729e+01
2.500000000000000000e+00 1.844816326304686882e+01
2.500000000000000000e+00 1.837065032262393061e+01
2.500000000000000000e+00 1.837065028038214365e+01
2.500000000000000000e+00 1.835399014946435869e+01
2.500000000000000000e+00 1.835399014946435869e+01
2.500000000000000000e+00 1.832544932043655095e+01
2.500000000000000000e+00 1.832544925987416207e+01
2.500000000000000000e+00 1.832008070967904345e+01
2.500000000000000000e+00 1.832008062936154857e+01
2.500000000000000000e+00 1.813259289568508592e+01
2.500000000000000000e+00 1.813259286239190970e+01
2.500000000000000000e+00 1.801584247782711046e+01
2.500000000000000000e+00 1.801584235932907063e+01
2.500000000000000000e+00 1.792204693655759229e+01
2.500000000000000000e+00 1.792204689609929602e+01
2.500000000000000000e+00 1.719345814266885242e+01
2.500000000000000000e+00 1.719345814266885242e+01
2.500000000000000000e+00 1.699390620254113671e+01
2.500000000000000000e+00 1.699390617055578190e+01
2.500000000000000000e+00 1.690474647057183688e+01
2.500000000000000000e+00 1.690474646081950993e+01
2.500000000000000000e+00 1.684311207013259803e+01
2.500000000000000000e+00 1.684311203803970258e+01
2.500000000000000000e+00 1.656886265845066930e+01
2.500000000000000000e+00 1.656886263405549542e+01
2.500000000000000000e+00 1.644722729466313282e+01
2.500000000000000000e+00 1.644722728540546797e+01
2.500000000000000000e+00 1.637937254352519290e+01
2.500000000000000000e+00 1.637937253775830726e+01
2.500000000000000000e+00 1.633832343245757102e+01
2.500000000000000000e+00 1.633832341585271308e+01
2.500000000000000000e+00 1.631963825090920395e+01
2.500000000000000000e+00 1.631963823461173035e+01
2.500000000000000000e+00 1.618016666433118189e+01
2.500000000000000000e+00 1.618016665960590572e+01
2.500000000000000000e+00 1.559834051889789741e+01
2.500000000000000000e+00 1.559834051757747453e+01
2.500000000000000000e+00 1.532459673034513692e+01
2.500000000000000000e+00 1.532459672733248190e+01
2.500000000000000000e+00 1.531463646094446496e+01
2.500000000000000000e+00 1.531463645696740272e+01
2.500000000000000000e+00 1.525004993785585761e+01
2.500000000000000000e+00 1.525004993226338179e+01
2.500000000000000000e+00 1.523222467358029597e+01
2.500000000000000000e+00 1.523222467083346210e+01
2.500000000000000000e+00 1.523169962204873151e+01
2.500000000000000000e+00 1.523169961838820718e+01
2.500000000000000000e+00 1.420190768128992787e+01
2.500000000000000000e+00 1.420190767769538986e+01
2.500000000000000000e+00 1.417806756974032290e+01
2.500000000000000000e+00 1.417806756750677799e+01
2.500000000000000000e+00 1.387718744179458064e+01
2.500000000000000000e+00 1.387718744014138395e+01
2.500000000000000000e+00 1.387135504254160523e+01
2.500000000000000000e+00 1.387135503103653456e+01
2.500000000000000000e+00 1.377486214203823600e+01
2.500000000000000000e+00 1.377486214182503588e+01
2.500000000000000000e+00 1.375133621812676310e+01
2.500000000000000000e+00 1.375133620417450508e+01
2.500000000000000000e+00 1.372131318726206395e+01
2.500000000000000000e+00 1.372131317756205604e+01
2.500000000000000000e+00 1.372052065331170922e+01
2.500000000000000000e+00 1.372052063534052735e+01
2.500000000000000000e+00 1.366793637318354016e+01
2.500000000000000000e+00 1.366793636647824961e+01
2.500000000000000000e+00 1.304675783221427210e+01
2.500000000000000000e+00 1.304675782717031751e+01
2.500000000000000000e+00 1.222211178460121950e+01
2.500000000000000000e+00 1.222211177760654266e+01
2.500000000000000000e+00 1.202672797993633402e+01
2.500000000000000000e+00 1.202672797804332916e+01
2.500000000000000000e+00 1.201459456636777468e+01
2.500000000000000000e+00 1.201459456255408220e+01
2.500000000000000000e+00 1.190181540347356481e+01
2.500000000000000000e+00 1.190181539754415319e+01
2.500000000000000000e+00 1.177511547843671202e+01
2.500000000000000000e+00 1.177511547494455790e+01
2.500000000000000000e+00 1.167589497449813329e+01
2.500000000000000000e+00 1.167589496890531464e+01
2.500000000000000000e+00 1.054958113283000465e+01
2.500000000000000000e+00 1.054958113190638791e+01
2.500000000000000000e+00 9.063857865152952442e+00
2.500000000000000000e+00 9.063857859662032723e+00
2.500000000000000000e+00 7.392072581721242486e+00
2.500000000000000000e+00 7.392072574337687385e+00
3.000000000000000000e+00 2.503355231002743153e+01
3.000000000000000000e+00 2.503351924288459784e+01
3.000000000000000000e+00 2.495451994894797565e+01
3.000000000000000000e+00 2.419174455733959661e+01
3.000000000000000000e+00 2.398872926773004366e+01
3.000000000000000000e+00 2.398872345189993638e+01
3.000000000000000000e+00 2.391861727827636130e+01
3.000000000000000000e+00 2.370892810776576809e+01
3.000000000000000000e+00 2.370892810776576809e+01
3.000000000000000000e+00 2.355484840086111475e+01
3.000000000000000000e+00 2.355169904082855581e+01
3.000000000000000000e+00 2.350036592560471149e+01
3.000000000000000000e+00 2.350035521932958460e+01
3.000000000000000000e+00 2.342792111147397094e+01
3.000000000000000000e+00 2.335861427584870498e+01
3.000000000000000000e+00 2.234070700877037652e+01
3.000000000000000000e+00 2.230609788615714351e+01
3.000000000000000000e+00 2.229308890199422066e+01
3.000000000000000000e+00 2.224229652376641653e+01
3.000000000000000000e+00 2.224229550951260137e+01
3.000000000000000000e+00 2.206915899273314707e+01
3.000000000000000000e+00 2.200663661954804695e+01
3.000000000000000000e+00 2.200065035015696679e+01
3.000000000000000000e+00 2.200065035015696679e+01
3.000000000000000000e+00 2.200001014628909957e+01
3.000000000000000000e+00 2.200001014628909957e+01
3.000000000000000000e+00 2.173809518217983694e+01
3.000000000000000000e+00 2.057140557956264004e+01
3.000000000000000000e+00 2.054105911208806745e+01
3.000000000000000000e+00 2.032776859708437200e+01
3.000000000000000000e+00 2.008087139398059762e+01
3.000000000000000000e+00 2.008087127717817566e+01
3.000000000000000000e+00 1.998257199768363535e+01
3.000000000000000000e+00 1.932679305283563664e+01
3.000000000000000000e+00 1.927861812205173919e+01
3.000000000000000000e+00 1.926201255527334411e+01
3.000000000000000000e+00 1.926201250377112117e+01
3.000000000000000000e+00 1.908637395086419986e+01
3.000000000000000000e+00 1.908637390765789732e+01
3.000000000000000000e+00 1.905610342625586284e+01
3.000000000000000000e+00 1.901884783621172659e+01
3.000000000000000000e+00 1.896969562385382702e+01
3.000000000000000000e+00 1.891366130651432087e+01
3.000000000000000000e+00 1.890299782358982128e+01
3.000000000000000000e+00 1.890299782358982128e+01
3.000000000000000000e+00 1.888624421106510454e+01
3.000000000000000000e+00 1.888624414032562626e+01
3.000000000000000000e+00 1.888254301150567116e+01
3.000000000000000000e+00 1.792109780398713426e+01
3.000000000000000000e+00 1.784935923068438868e+01
3.000000000000000000e+00 1.784935921814378545e+01
3.000000000000000000e+00 1.782503598490598051e+01
3.000000000000000000e+00 1.772095793588985302e+01
3.000000000000000000e+00 1.770862456844866983e+01
3.000000000000000000e+00 1.769150689326409776e+01
3.000000000000000000e+00 1.769150689326409776e+01
3.000000000000000000e+00 1.768498883538857669e+01
3.000000000000000000e+00 1.767605383161610888e+01
3.000000000000000000e+00 1.767605379998065018e+01
3.000000000000000000e+00 1.767386499888716145e+01
3.000000000000000000e+00 1.757004609052319566e+01
3.000000000000000000e+00 1.757004608103870069e+01
3.000000000000000000e+00 1.757004607155420217e+01
3.000000000000000000e+00 1.757004607155420217e+01
3.000000000000000000e+00 1.755434771135860572e+01
3.000000000000000000e+00 1.690740480411493962e+01
3.000000000000000000e+00 1.613667824724122468e+01
3.000000000000000000e+00 1.610776404847908339e+01
3.000000000000000000e+00 1.610776404628145997e+01
3.000000000000000000e+00 1.594233907582460397e+01
3.000000000000000000e+00 1.594233906278668833e+01
3.000000000000000000e+00 1.593230385828386453e+01
3.000000000000000000e+00 1.592603066879787477e+01
3.000000000000000000e+00 1.589086080766345077e+01
3.000000000000000000e+00 1.568844930400909732e+01
3.000000000000000000e+00 1.568844929100471575e+01
3.000000000000000000e+00 1.565195068428736924e+01
3.000000000000000000e+00 1.565195067174907173e+01
3.000000000000000000e+00 1.559333912709134218e+01
3.000000000000000000e+00 1.555936902192392068e+01
3.000000000000000000e+00 1.535211032101504536e+01
3.000000000000000000e+00 1.488167079370479584e+01
3.000000000000000000e+00 1.468206330997442954e+01
3.000000000000000000e+00 1.319895268772350860e+01
3.000000000000000000e+00 1.309495074953286853e+01
3.000000000000000000e+00 1.309495074596820174e+01
3.000000000000000000e+00 1.303738459210054934e+01
3.000000000000000000e+00 1.294459235271233588e+01
3.000000000000000000e+00 1.283406429008525329e+01
3.000000000000000000e+00 1.279316720101058280e+01
3.000000000000000000e+00 1.279316718687169008e+01
3.000000000000000000e+00 1.132153059863420808e+01
3.000000000000000000e+00 1.132153058845740290e+01
3.000000000000000000e+00 1.128732194280232370e+01
3.000000000000000000e+00 1.125744346974994237e+01
3.000000000000000000e+00 1.124218967858316631e+01
3.000000000000000000e+00 1.111775287728376327e+01
3.000000000000000000e+00 1.105797655995881357e+01
3.000000000000000000e+00 1.105797653866435759e+01
3.000000000000000000e+00 6.491081334563387983e+00
3.500000000000000000e+00 2.733274832760437434e+01
3.500000000000000000e+00 2.733274832360736184e+01
3.500000000000000000e+00 2.575000978377547156e+01
3.500000000000000000e+00 2.575000978047365408e+01
3.500000000000000000e+00 2.315128193443918647e+01
3.500000000000000000e+00 2.315128193406443202e+01
3.500000000000000000e+00 2.268736353652219861e+01
3.500000000000000000e+00 2.268736353617590140e+01
3.500000000000000000e+00 2.259663390408238826e+01
3.500000000000000000e+00 2.259663390154967999e+01
3.500000000000000000e+00 2.175505811737785322e+01
3.500000000000000000e+00 2.175505811156329017e+01
3.500000000000000000e+00 2.141484599629910690e+01
3.500000000000000000e+00 2.141484598161366293e+01
3.500000000000000000e+00 2.134261009404474763e+01
3.500000000000000000e+00 2.134261009293821942e+01
3.500000000000000000e+00 2.130613632918383971e+01
3.500000000000000000e+00 2.130613631894570403e+01
3.500000000000000000e+00 2.125236174974167724e+01
3.500000000000000000e+00 2.125236171897775961e+01
3.500000000000000000e+00 2.122657821808077472e+01
3.500000000000000000e+00 2.122657821232157360e+01
3.500000000000000000e+00 2.120190805526089051e+01
3.500000000000000000e+00 2.120190804366699311e+01
3.500000000000000000e+00 2.117947703297629758e+01
3.500000000000000000e+00 2.117947702052511616e+01
3.500000000000000000e+00 1.967720780101166511e+01
3.500000000000000000e+00 1.967720779788087881e+01
3.500000000000000000e+00 1.939912356428069629e+01
3.500000000000000000e+00 1.939912355946979616e+01
3.500000000000000000e+00 1.932815611611414397e+01
3.500000000000000000e+00 1.932815611502421049e+01
3.500000000000000000e+00 1.818234335666371493e+01
3.500000000000000000e+00 1.818234333224698673e+01
3.500000000000000000e+00 1.694482074308719532e+01
3.500000000000000000e+00 1.694482074035735764e+01
3.500000000000000000e+00 1.682039461003119740e+01
3.500000000000000000e+00 1.682039460452637769e+01
3.500000000000000000e+00 1.673117680100387972e+01
3.500000000000000000e+00 1.673117679579924655e+01
3.500000000000000000e+00 1.673038172777403076e+01
3.500000000000000000e+00 1.673038172500032061e+01
3.500000000000000000e+00 1.623317390091243695e+01
3.500000000000000000e+00 1.623317388311323128e+01
3.500000000000000000e+00 1.520344180852205440e+01
3.500000000000000000e+00 1.520344180192078731e+01
3.500000000000000000e+00 1.504058287352157031e+01
3.500000000000000000e+00 1.504058287294265206e+01
3.500000000000000000e+00 1.502115459586369006e+01
3.500000000000000000e+00 1.502115458969551653e+01
3.500000000000000000e+00 1.500820990396264598e+01
3.500000000000000000e+00 1.500820990011339084e+01
3.500000000000000000e+00 1.496775329754200534e+01
3.500000000000000000e+00 1.496775327188656135e+01
3.500000000000000000e+00 1.359206553164715459e+01
3.500000000000000000e+00 1.359206551051670253e+01
3.500000000000000000e+00 1.034660539641732058e+01
3.500000000000000000e+00 1.034660538037394950e+01
3.500000000000000000e+00 1.029637430446688917e+01
3.500000000000000000e+00 1.029637428882456973e+01
4.000000000000000000e+00 2.644966390922228072e+01
4.000000000000000000e+00 2.502803985241575546e+01
4.000000000000000000e+00 2.494785444028913091e+01
4.000000000000000000e+00 2.493841274389438212e+01
4.000000000000000000e+00 2.493841274253344054e+01
4.000000000000000000e+00 2.313948395431093275e+01
4.000000000000000000e+00 2.095552915798903726e+01
4.000000000000000000e+00 2.052789791966130295e+01
4.000000000000000000e+00 2.046977168812771808e+01
4.000000000000000000e+00 2.046977167268654441e+01
4.000000000000000000e+00 2.036012743846748307e+01
4.000000000000000000e+00 2.036012743208013376e+01
4.000000000000000000e+00 2.029687753280312990e+01
4.000000000000000000e+00 2.025544392878851241e+01
4.000000000000000000e+00 1.891321164657864884e+01
4.000000000000000000e+00 1.874137918742268738e+01
4.000000000000000000e+00 1.874137918103214417e+01
4.000000000000000000e+00 1.869754758924505111e+01
4.000000000000000000e+00 1.867278145632339204e+01
4.000000000000000000e+00 1.864257084966628497e+01
4.000000000000000000e+00 1.864257083422192807e+01
4.000000000000000000e+00 1.862779077222928592e+01
4.000000000000000000e+00 1.538877522978351564e+01
4.000000000000000000e+00 1.417905776773155679e+01
4.000000000000000000e+00 1.416975482164583688e+01
4.000000000000000000e+00 1.416975482029047129e+01
4.000000000000000000e+00 1.414294148973360521e+01
4.000000000000000000e+00 1.263581456903355615e+01
4.500000000000000000e+00 2.409912900189808482e+01
4.500000000000000000e+00 2.409912899804885100e+01
4.500000000000000000e+00 2.237616210621218826e+01
4.500000000000000000e+00 2.237616210100759417e+01
4.500000000000000000e+00 1.790543085834478987e+01
4.500000000000000000e+00 1.790543084675121221e+01
4.500000000000000000e+00 1.780120258306627079e+01
4.500000000000000000e+00 1.780120257282802143e+01
5.000000000000000000e+00 2.153729281603350643e+01
