-5.000000000000000000e+00 1.324189903395059886e+01
-4.500000000000000000e+00 1.744503412738337289e+01
-4.500000000000000000e+00 1.744503412738317749e+01
-4.500000000000000000e+00 1.726798515706441250e+01
-4.500000000000000000e+00 1.726798515706391157e+01
-4.500000000000000000e+00 1.218161343831928711e+01
-4.500000000000000000e+00 1.218161343831928534e+01
-4.500000000000000000e+00 1.004021014309154225e+01
-4.500000000000000000e+00 1.004021014309154225e+01
-4.000000000000000000e+00 2.164817209162457345e+01
-4.000000000000000000e+00 2.147111905950109900e+01
-4.000000000000000000e+00 2.147111905950087163e+01
-4.000000000000000000e+00 2.147111905947139476e+01
-4.000000000000000000e+00 2.147110640534614490e+01
-4.000000000000000000e+00 2.129408275723454480e+01
-4.000000000000000000e+00 1.638475024848697004e+01
-4.000000000000000000e+00 1.638474472603249410e+01
-4.000000000000000000e+00 1.638474472603244436e+01
-4.000000000000000000e+00 1.638474472603243015e+01
-4.000000000000000000e+00 1.620770455816373712e+01
-4.000000000000000000e+00 1.620770455816353817e+01
-4.000000000000000000e+00 1.620770455816350619e+01
-4.000000000000000000e+00 1.620770131665809188e+01
-4.000000000000000000e+00 1.424335162348566719e+01
-4.000000000000000000e+00 1.424335023323205540e+01
-4.000000000000000000e+00 1.424335023323205185e+01
-4.000000000000000000e+00 1.424335023323199323e+01
-4.000000000000000000e+00 1.406629246047690174e+01
-4.000000000000000000e+00 1.406629246047687687e+01
-4.000000000000000000e+00 1.406629246047685911e+01
-4.000000000000000000e+00 1.406628540174356345e+01
-4.000000000000000000e+00 1.112132817275151808e+01
-4.000000000000000000e+00 8.979923356464418305e+00
-4.000000000000000000e+00 8.979923356464416528e+00
-4.000000000000000000e+00 8.979923356464416528e+00
-4.000000000000000000e+00 8.979920415368896514e+00
-4.000000000000000000e+00 6.838525557024968116e+00
-3.500000000000000000e+00 2.567424919259640959e+01
-3.500000000000000000e+00 2.567424919113772930e+01
-3.500000000000000000e+00 2.549720925900889767e+01
-3.500000000000000000e+00 2.549720925667645233e+01
-3.500000000000000000e+00 2.058788064572060961e+01
-3.500000000000000000e+00 2.058788064569810317e+01
-3.500000000000000000e+00 2.041083813887322762e+01
-3.500000000000000000e+00 2.041083813886890042e+01
-3.500000000000000000e+00 2.041083465486860149e+01
-3.500000000000000000e+00 2.041083465486470772e+01
-3.500000000000000000e+00 2.041083465486291004e+01
-3.500000000000000000e+00 2.041083465485012027e+01
-3.500000000000000000e+00 2.041082265406631180e+01
-3.500000000000000000e+00 2.041082265404985563e+01
-3.500000000000000000e+00 2.023380504247883849e+01
-3.500000000000000000e+00 2.023380504247086265e+01
-3.500000000000000000e+00 1.844649520239913443e+01
-3.500000000000000000e+00 1.844649520239518381e+01
-3.500000000000000000e+00 1.826943135963829334e+01
-3.500000000000000000e+00 1.826943135963754372e+01
-3.500000000000000000e+00 1.826943135963740161e+01
-3.500000000000000000e+00 1.826943135963725950e+01
-3.500000000000000000e+00 1.826942799692343300e+01
-3.500000000000000000e+00 1.826942799692096742e+01
-3.500000000000000000e+00 1.826941493481200141e+01
-3.500000000000000000e+00 1.826941493481127665e+01
-3.500000000000000000e+00 1.809238310018458407e+01
-3.500000000000000000e+00 1.809238310018379181e+01
-3.500000000000000000e+00 1.610602111379555268e+01
-3.500000000000000000e+00 1.610602111379434120e+01
-3.500000000000000000e+00 1.532445895492463350e+01
-3.500000000000000000e+00 1.532445895492439547e+01
-3.500000000000000000e+00 1.514742196095191318e+01
-3.500000000000000000e+00 1.514742196095180837e+01
-3.500000000000000000e+00 1.318306454046287968e+01
-3.500000000000000000e+00 1.318306454046279619e+01
-3.500000000000000000e+00 1.318305964089282689e+01
-3.500000000000000000e+00 1.318305964089281801e+01
-3.500000000000000000e+00 1.318305964089281446e+01
-3.500000000000000000e+00 1.318305964089281090e+01
-3.500000000000000000e+00 1.318305777882242680e+01
-3.500000000000000000e+00 1.318305777882219409e+01
-3.500000000000000000e+00 1.300601067057356985e+01
-3.500000000000000000e+00 1.300601067057355031e+01
-3.500000000000000000e+00 1.300601067057354676e+01
-3.500000000000000000e+00 1.300601067057354499e+01
-3.500000000000000000e+00 1.300600684303141996e+01
-3.500000000000000000e+00 1.300600684303135246e+01
-3.500000000000000000e+00 1.300600179943999279e+01
-3.500000000000000000e+00 1.300600179943997681e+01
-3.500000000000000000e+00 1.146440082532331495e+01
-3.500000000000000000e+00 1.146440082532331317e+01
-3.500000000000000000e+00 1.104167122544793145e+01
-3.500000000000000000e+00 1.104167122544790658e+01
-3.500000000000000000e+00 1.086460062579878283e+01
-3.500000000000000000e+00 1.086460062579875085e+01
-3.500000000000000000e+00 7.919635598016546929e+00
-3.500000000000000000e+00 7.919635598016546929e+00
-3.500000000000000000e+00 5.778236135922295347e+00
-3.500000000000000000e+00 5.778236135922295347e+00
-3.000000000000000000e+00 2.461396823872067330e+01
-3.000000000000000000e+00 2.461393563516362093e+01
-3.000000000000000000e+00 2.461391390004945734e+01
-3.000000000000000000e+00 2.443692797507625514e+01
-3.000000000000000000e+00 2.443692797507625514e+01
-3.000000000000000000e+00 2.443691887046886890e+01
-3.000000000000000000e+00 2.443690976594437814e+01
-3.000000000000000000e+00 2.247256875404502097e+01
-3.000000000000000000e+00 2.247256747715776726e+01
-3.000000000000000000e+00 2.247256747715776726e+01
-3.000000000000000000e+00 2.247256236962504872e+01
-3.000000000000000000e+00 2.229551523059985740e+01
-3.000000000000000000e+00 2.229551523059985740e+01
-3.000000000000000000e+00 2.229551309121463376e+01
-3.000000000000000000e+00 2.229551202152373435e+01
-3.000000000000000000e+00 2.030915103767432939e+01
-3.000000000000000000e+00 2.030915074416467903e+01
-3.000000000000000000e+00 2.030915030390036335e+01
-3.000000000000000000e+00 2.030915015714563765e+01
-3.000000000000000000e+00 2.013211424328742538e+01
-3.000000000000000000e+00 2.013211412034371506e+01
-3.000000000000000000e+00 2.013211412034371506e+01
-3.000000000000000000e+00 2.013211399740001539e+01
-3.000000000000000000e+00 1.952758811783152737e+01
-3.000000000000000000e+00 1.935055195746005552e+01
-3.000000000000000000e+00 1.935055173237943649e+01
-3.000000000000000000e+00 1.935055156356900241e+01
-3.000000000000000000e+00 1.935054846871612355e+01
-3.000000000000000000e+00 1.917352184159550887e+01
-3.000000000000000000e+00 1.738620506385557007e+01
-3.000000000000000000e+00 1.738620225439763445e+01
-3.000000000000000000e+00 1.738620225439763445e+01
-3.000000000000000000e+00 1.738620223861418523e+01
-3.000000000000000000e+00 1.720914783692265715e+01
-3.000000000000000000e+00 1.720914783692265715e+01
-3.000000000000000000e+00 1.720914782370032015e+01
-3.000000000000000000e+00 1.720914576762933024e+01
-3.000000000000000000e+00 1.720914576101817417e+01
-3.000000000000000000e+00 1.720914576101817417e+01
-3.000000000000000000e+00 1.720914575440702166e+01
-3.000000000000000000e+00 1.720914575440702166e+01
-3.000000000000000000e+00 1.720914283228128028e+01
-3.000000000000000000e+00 1.720914088860961400e+01
-3.000000000000000000e+00 1.720914087538736936e+01
-3.000000000000000000e+00 1.720914087538736936e+01
-3.000000000000000000e+00 1.720912961671064778e+01
-3.000000000000000000e+00 1.720912959026646050e+01
-3.000000000000000000e+00 1.720912958365541456e+01
-3.000000000000000000e+00 1.720911601126811163e+01
-3.000000000000000000e+00 1.703210836542577766e+01
-3.000000000000000000e+00 1.703210432234064697e+01
-3.000000000000000000e+00 1.703210431680218662e+01
-3.000000000000000000e+00 1.703210430572526235e+01
-3.000000000000000000e+00 1.566754141720201332e+01
-3.000000000000000000e+00 1.566754141720201332e+01
-3.000000000000000000e+00 1.566754141578697990e+01
-3.000000000000000000e+00 1.566754141012684087e+01
-3.000000000000000000e+00 1.549048015317996807e+01
-3.000000000000000000e+00 1.549048015199455364e+01
-3.000000000000000000e+00 1.549048015199455364e+01
-3.000000000000000000e+00 1.549048014488206526e+01
-3.000000000000000000e+00 1.524481820630821183e+01
-3.000000000000000000e+00 1.506774513128470439e+01
-3.000000000000000000e+00 1.506774512973121283e+01
-3.000000000000000000e+00 1.506774512817772127e+01
-3.000000000000000000e+00 1.506773580960444292e+01
-3.000000000000000000e+00 1.504573811312855014e+01
-3.000000000000000000e+00 1.504573811008919648e+01
-3.000000000000000000e+00 1.504573810856951965e+01
-3.000000000000000000e+00 1.504573810704984282e+01
-3.000000000000000000e+00 1.489068549396978547e+01
-3.000000000000000000e+00 1.290432832833134036e+01
-3.000000000000000000e+00 1.290432832824206777e+01
-3.000000000000000000e+00 1.290432832815279518e+01
-3.000000000000000000e+00 1.290432832797424823e+01
-3.000000000000000000e+00 1.212277150256855940e+01
-3.000000000000000000e+00 1.212277066936208492e+01
-3.000000000000000000e+00 1.212277066932122516e+01
-3.000000000000000000e+00 1.212277066923950564e+01
-3.000000000000000000e+00 1.194572611947586616e+01
-3.000000000000000000e+00 1.194572611944163576e+01
-3.000000000000000000e+00 1.194572611940740714e+01
-3.000000000000000000e+00 1.194571998493245246e+01
-3.000000000000000000e+00 1.040411263940722186e+01
-3.000000000000000000e+00 1.040411263939989439e+01
-3.000000000000000000e+00 1.040411263937058983e+01
-3.000000000000000000e+00 1.040411263936326236e+01
-3.000000000000000000e+00 9.981383388133959755e+00
-3.000000000000000000e+00 9.981378085144719137e+00
-3.000000000000000000e+00 9.981378085139917644e+00
-3.000000000000000000e+00 9.981378085135117928e+00
-3.000000000000000000e+00 9.804316087865904805e+00
-3.000000000000000000e+00 9.804316087853839790e+00
-3.000000000000000000e+00 9.804316087853839790e+00
-3.000000000000000000e+00 9.804312866596884390e+00
-3.000000000000000000e+00 8.262715829180791616e+00
-3.000000000000000000e+00 8.262715829179930083e+00
-3.000000000000000000e+00 8.262715829179068550e+00
-3.000000000000000000e+00 8.262715829176487503e+00
-3.000000000000000000e+00 4.717947144483536803e+00
-2.500000000000000000e+00 1.710746315584338362e+01
-2.500000000000000000e+00 1.710746313792749618e+01
-2.500000000000000000e+00 1.710746312598357122e+01
-2.500000000000000000e+00 1.710746312001160874e+01
-2.500000000000000000e+00 1.710746312001160874e+01
-2.500000000000000000e+00 1.710746308417983386e+01
-2.500000000000000000e+00 1.710746303640414112e+01
-2.500000000000000000e+00 1.710746301251629120e+01
-2.500000000000000000e+00 1.693041729970469333e+01
-2.500000000000000000e+00 1.693041729970469333e+01
-2.500000000000000000e+00 1.693041728469581386e+01
-2.500000000000000000e+00 1.693041727969285404e+01
-2.500000000000000000e+00 1.693041727468989421e+01
-2.500000000000000000e+00 1.693041726968693439e+01
-2.500000000000000000e+00 1.693041318227704650e+01
-2.500000000000000000e+00 1.693041315726235041e+01
-2.500000000000000000e+00 1.632590910080622493e+01
-2.500000000000000000e+00 1.632590909533956136e+01
-2.500000000000000000e+00 1.614886018056743922e+01
-2.500000000000000000e+00 1.614886017369798310e+01
-2.500000000000000000e+00 1.614886017140816321e+01
-2.500000000000000000e+00 1.614886016224889076e+01
-2.500000000000000000e+00 1.614885756559794316e+01
-2.500000000000000000e+00 1.614885756330813038e+01
-2.500000000000000000e+00 1.614884591738870157e+01
-2.500000000000000000e+00 1.614884591280912929e+01
-2.500000000000000000e+00 1.597182344766651063e+01
-2.500000000000000000e+00 1.597182343807504523e+01
-2.500000000000000000e+00 1.460725365660293917e+01
-2.500000000000000000e+00 1.460725365562272771e+01
-2.500000000000000000e+00 1.460724958285143238e+01
-2.500000000000000000e+00 1.460724958187122446e+01
-2.500000000000000000e+00 1.460724957991080863e+01
-2.500000000000000000e+00 1.460724957942070468e+01
-2.500000000000000000e+00 1.460724957893060072e+01
-2.500000000000000000e+00 1.460724957795039280e+01
-2.500000000000000000e+00 1.443019675395887980e+01
-2.500000000000000000e+00 1.443019675395887980e+01
-2.500000000000000000e+00 1.443019675313772332e+01
-2.500000000000000000e+00 1.443019675231656862e+01
-2.500000000000000000e+00 1.443019675149541392e+01
-2.500000000000000000e+00 1.443019674985310452e+01
-2.500000000000000000e+00 1.443019489117091503e+01
-2.500000000000000000e+00 1.443019489117091503e+01
-2.500000000000000000e+00 1.418452618473082616e+01
-2.500000000000000000e+00 1.418452618408853638e+01
-2.500000000000000000e+00 1.400745889632972840e+01
-2.500000000000000000e+00 1.400745889606069738e+01
-2.500000000000000000e+00 1.400745687483282076e+01
-2.500000000000000000e+00 1.400745687321863819e+01
-2.500000000000000000e+00 1.400745687268057615e+01
-2.500000000000000000e+00 1.400745687214251589e+01
-2.500000000000000000e+00 1.400744261981752103e+01
-2.500000000000000000e+00 1.400744261927946788e+01
-2.500000000000000000e+00 1.398545515148007468e+01
-2.500000000000000000e+00 1.398545514990101779e+01
-2.500000000000000000e+00 1.383040692415312733e+01
-2.500000000000000000e+00 1.383040692325161913e+01
-2.500000000000000000e+00 1.246586407655530060e+01
-2.500000000000000000e+00 1.246586407620980097e+01
-2.500000000000000000e+00 1.246586120151391519e+01
-2.500000000000000000e+00 1.246586120145633281e+01
-2.500000000000000000e+00 1.246586120139874865e+01
-2.500000000000000000e+00 1.246586120134116626e+01
-2.500000000000000000e+00 1.246586120134116626e+01
-2.500000000000000000e+00 1.246586120111083318e+01
-2.500000000000000000e+00 1.228879151019315863e+01
-2.500000000000000000e+00 1.228879151014491988e+01
-2.500000000000000000e+00 1.228879151004844239e+01
-2.500000000000000000e+00 1.228879150995196667e+01
-2.500000000000000000e+00 1.228879150990372793e+01
-2.500000000000000000e+00 1.228879150980725043e+01
-2.500000000000000000e+00 1.228878149697411892e+01
-2.500000000000000000e+00 1.228878149682940446e+01
-2.500000000000000000e+00 1.184404408193065983e+01
-2.500000000000000000e+00 1.184404408177605816e+01
-2.500000000000000000e+00 1.184404408171421785e+01
-2.500000000000000000e+00 1.184404408171421785e+01
-2.500000000000000000e+00 1.184404408168329859e+01
-2.500000000000000000e+00 1.184404408165237754e+01
-2.500000000000000000e+00 1.184404164008297755e+01
-2.500000000000000000e+00 1.184404164005205828e+01
-2.500000000000000000e+00 9.702638863027924998e+00
-2.500000000000000000e+00 9.702638862998862024e+00
-2.500000000000000000e+00 9.343825065596963242e+00
-2.500000000000000000e+00 9.343825065596963242e+00
-2.500000000000000000e+00 8.921087805283777428e+00
-2.500000000000000000e+00 8.921087805282114758e+00
-2.500000000000000000e+00 8.744030658710427062e+00
-2.500000000000000000e+00 8.744030658704854631e+00
-2.500000000000000000e+00 7.202426502441415579e+00
-2.500000000000000000e+00 7.202426502441415579e+00
-2.500000000000000000e+00 7.202426502440819611e+00
-2.500000000000000000e+00 7.202426502440819611e+00
-2.500000000000000000e+00 7.202426502440819611e+00
-2.500000000000000000e+00 7.202426502440819611e+00
-2.500000000000000000e+00 7.202423061947573757e+00
-2.500000000000000000e+00 7.202423061947276217e+00
-2.500000000000000000e+00 5.061036122240308188e+00
-2.500000000000000000e+00 5.061036122240203383e+00
-2.000000000000000000e+00 1.604717171802783326e+01
-2.000000000000000000e+00 1.587013824679650753e+01
-2.000000000000000000e+00 1.587013824679650753e+01
-2.000000000000000000e+00 1.587013824679650753e+01
-2.000000000000000000e+00 1.587013824159804365e+01
-2.000000000000000000e+00 1.587013824159804365e+01
-2.000000000000000000e+00 1.587013824159804365e+01
-2.000000000000000000e+00 1.587013823813240165e+01
-2.000000000000000000e+00 1.587013823639958154e+01
-2.000000000000000000e+00 1.587013578272813419e+01
-2.000000000000000000e+00 1.587013577233123485e+01
-2.000000000000000000e+00 1.587013577233123485e+01
-2.000000000000000000e+00 1.587013576713278340e+01
-2.000000000000000000e+00 1.587013244706156456e+01
-2.000000000000000000e+00 1.587013244186313088e+01
-2.000000000000000000e+00 1.587013244186313088e+01
-2.000000000000000000e+00 1.587013243146626529e+01
-2.000000000000000000e+00 1.432852290670311746e+01
-2.000000000000000000e+00 1.432852290633223369e+01
-2.000000000000000000e+00 1.432852290596134814e+01
-2.000000000000000000e+00 1.432851590925015728e+01
-2.000000000000000000e+00 1.390577938521911427e+01
-2.000000000000000000e+00 1.390577938424702964e+01
-2.000000000000000000e+00 1.390577938400400981e+01
-2.000000000000000000e+00 1.390577938376098821e+01
-2.000000000000000000e+00 1.372872137843784479e+01
-2.000000000000000000e+00 1.372872137741991416e+01
-2.000000000000000000e+00 1.372872137721632946e+01
-2.000000000000000000e+00 1.372872137701274298e+01
-2.000000000000000000e+00 1.354695976315217543e+01
-2.000000000000000000e+00 1.354695976230342502e+01
-2.000000000000000000e+00 1.354695976179417372e+01
-2.000000000000000000e+00 1.354695976111517375e+01
-2.000000000000000000e+00 1.336991387088660943e+01
-2.000000000000000000e+00 1.336991387074440318e+01
-2.000000000000000000e+00 1.336991387074440318e+01
-2.000000000000000000e+00 1.336991387031778267e+01
-2.000000000000000000e+00 1.312423172507799585e+01
-2.000000000000000000e+00 1.294717008711892881e+01
-2.000000000000000000e+00 1.294717008628030541e+01
-2.000000000000000000e+00 1.294717008581440254e+01
-2.000000000000000000e+00 1.294715743213068038e+01
-2.000000000000000000e+00 1.277012517817626502e+01
-2.000000000000000000e+00 1.140557413439686840e+01
-2.000000000000000000e+00 1.140557413437692347e+01
-2.000000000000000000e+00 1.140557413435697853e+01
-2.000000000000000000e+00 1.140557413429714551e+01
-2.000000000000000000e+00 1.140556822930500402e+01
-2.000000000000000000e+00 1.140556822924517100e+01
-2.000000000000000000e+00 1.140556822922522784e+01
-2.000000000000000000e+00 1.140556822920528290e+01
-2.000000000000000000e+00 1.140556822920528290e+01
-2.000000000000000000e+00 1.140556822920528290e+01
-2.000000000000000000e+00 1.140556822914544988e+01
-2.000000000000000000e+00 1.140556822912550672e+01
-2.000000000000000000e+00 1.140556767247441350e+01
-2.000000000000000000e+00 1.140556767245446856e+01
-2.000000000000000000e+00 1.140556767239463731e+01
-2.000000000000000000e+00 1.140556767237469238e+01
-2.000000000000000000e+00 1.122850696949623384e+01
-2.000000000000000000e+00 1.122850696944611215e+01
-2.000000000000000000e+00 1.122850696944611215e+01
-2.000000000000000000e+00 1.122850696944611215e+01
-2.000000000000000000e+00 1.122850696939598869e+01
-2.000000000000000000e+00 1.122850696937928028e+01
-2.000000000000000000e+00 1.122850696936257187e+01
-2.000000000000000000e+00 1.122850696931244840e+01
-2.000000000000000000e+00 1.122850217822495544e+01
-2.000000000000000000e+00 1.122850217820824881e+01
-2.000000000000000000e+00 1.122850217817483198e+01
-2.000000000000000000e+00 1.122850217810800189e+01
-2.000000000000000000e+00 1.122849463627904854e+01
-2.000000000000000000e+00 1.122849463626234012e+01
-2.000000000000000000e+00 1.122849463626234012e+01
-2.000000000000000000e+00 1.122849463617880339e+01
-2.000000000000000000e+00 1.078375919919203874e+01
-2.000000000000000000e+00 1.078375919914920189e+01
-2.000000000000000000e+00 1.078375919913849224e+01
-2.000000000000000000e+00 1.078375919907423608e+01
-2.000000000000000000e+00 9.686906115127813521e+00
-2.000000000000000000e+00 9.264186937302483216e+00
-2.000000000000000000e+00 9.264186937302483216e+00
-2.000000000000000000e+00 9.264186937302483216e+00
-2.000000000000000000e+00 9.264186937297795410e+00
-2.000000000000000000e+00 9.087103745806162536e+00
-2.000000000000000000e+00 9.087103745804197885e+00
-2.000000000000000000e+00 9.087103745798309262e+00
-2.000000000000000000e+00 9.087103745798309262e+00
-2.000000000000000000e+00 8.642352022467896688e+00
-2.000000000000000000e+00 8.642352022467896688e+00
-2.000000000000000000e+00 8.642352022467896688e+00
-2.000000000000000000e+00 8.642352022462862493e+00
-2.000000000000000000e+00 6.142135868109482644e+00
-2.000000000000000000e+00 6.142135868109069641e+00
-2.000000000000000000e+00 6.142135868108966612e+00
-2.000000000000000000e+00 6.142135868108863583e+00
-2.000000000000000000e+00 4.000744120582790053e+00
-2.000000000000000000e+00 4.000744120582777619e+00
-2.000000000000000000e+00 4.000744120582766072e+00
-2.000000000000000000e+00 4.000744120582766072e+00
-1.500000000000000000e+00 1.498688902084596108e+01
-1.500000000000000000e+00 1.498688902012954749e+01
-1.500000000000000000e+00 1.498688616809366003e+01
-1.500000000000000000e+00 1.498688616451160627e+01
-1.500000000000000000e+00 1.480985626761829010e+01
-1.500000000000000000e+00 1.480985626641793829e+01
-1.500000000000000000e+00 1.480985572445858800e+01
-1.500000000000000000e+00 1.480985572325823618e+01
-1.500000000000000000e+00 1.480985572205788259e+01
-1.500000000000000000e+00 1.480985572145770668e+01
-1.500000000000000000e+00 1.480985571965717895e+01
-1.500000000000000000e+00 1.480985571665629585e+01
-1.500000000000000000e+00 1.389005264275615303e+01
-1.500000000000000000e+00 1.389005264132078032e+01
-1.500000000000000000e+00 1.371297740716808455e+01
-1.500000000000000000e+00 1.371297740656686592e+01
-1.500000000000000000e+00 1.346734200260485181e+01
-1.500000000000000000e+00 1.346734200166429751e+01
-1.500000000000000000e+00 1.329025360669583478e+01
-1.500000000000000000e+00 1.329025360643320042e+01
-1.500000000000000000e+00 1.329025360630188146e+01
-1.500000000000000000e+00 1.329025360617056428e+01
-1.500000000000000000e+00 1.329025360590792815e+01
-1.500000000000000000e+00 1.329025360551397483e+01
-1.500000000000000000e+00 1.329023859283559261e+01
-1.500000000000000000e+00 1.329023859217901382e+01
-1.500000000000000000e+00 1.326823731017057639e+01
-1.500000000000000000e+00 1.326823730978520111e+01
-1.500000000000000000e+00 1.326823730952828306e+01
-1.500000000000000000e+00 1.326823730939982582e+01
-1.500000000000000000e+00 1.326823730927136680e+01
-1.500000000000000000e+00 1.326823730927136680e+01
-1.500000000000000000e+00 1.326823063009970127e+01
-1.500000000000000000e+00 1.326823062971432954e+01
-1.500000000000000000e+00 1.311318440136588315e+01
-1.500000000000000000e+00 1.311318440048581913e+01
-1.500000000000000000e+00 1.284549512411564187e+01
-1.500000000000000000e+00 1.284549512386312564e+01
-1.500000000000000000e+00 1.284548815650434506e+01
-1.500000000000000000e+00 1.284548815642017239e+01
-1.500000000000000000e+00 1.284548815642017239e+01
-1.500000000000000000e+00 1.284548815625183060e+01
-1.500000000000000000e+00 1.284548815625183060e+01
-1.500000000000000000e+00 1.284548815608348704e+01
-1.500000000000000000e+00 1.266844029790979498e+01
-1.500000000000000000e+00 1.266844029783928072e+01
-1.500000000000000000e+00 1.266844029769825397e+01
-1.500000000000000000e+00 1.266844029755722545e+01
-1.500000000000000000e+00 1.266844029741619870e+01
-1.500000000000000000e+00 1.266844029720465770e+01
-1.500000000000000000e+00 1.266843489251500010e+01
-1.500000000000000000e+00 1.266843489223294661e+01
-1.500000000000000000e+00 1.112683401435077002e+01
-1.500000000000000000e+00 1.112683401432058616e+01
-1.500000000000000000e+00 1.112683401429040053e+01
-1.500000000000000000e+00 1.112683401429040053e+01
-1.500000000000000000e+00 1.112683401427530860e+01
-1.500000000000000000e+00 1.112683401427530860e+01
-1.500000000000000000e+00 1.112682512276852442e+01
-1.500000000000000000e+00 1.112682512272324686e+01
-1.500000000000000000e+00 1.034528070761732721e+01
-1.500000000000000000e+00 1.034528070761041896e+01
-1.500000000000000000e+00 1.034527618759713441e+01
-1.500000000000000000e+00 1.034527618756950318e+01
-1.500000000000000000e+00 1.034527618756950318e+01
-1.500000000000000000e+00 1.034527618756259493e+01
-1.500000000000000000e+00 1.034527618752805544e+01
-1.500000000000000000e+00 1.034527618750733247e+01
-1.500000000000000000e+00 1.016822039031567293e+01
-1.500000000000000000e+00 1.016822039030409996e+01
-1.500000000000000000e+00 1.016822039029831259e+01
-1.500000000000000000e+00 1.016822039029831259e+01
-1.500000000000000000e+00 1.016822039028095226e+01
-1.500000000000000000e+00 1.016822039027516489e+01
-1.500000000000000000e+00 1.016820757496111050e+01
-1.500000000000000000e+00 1.016820757489745652e+01
-1.500000000000000000e+00 8.626615180399255678e+00
-1.500000000000000000e+00 8.626615180396777660e+00
-1.500000000000000000e+00 8.203895523882703600e+00
-1.500000000000000000e+00 8.203895523881893581e+00
-1.500000000000000000e+00 8.203891885055185185e+00
-1.500000000000000000e+00 8.203891885055185185e+00
-1.500000000000000000e+00 8.203891885053563371e+00
-1.500000000000000000e+00 8.203891885052751576e+00
-1.500000000000000000e+00 8.203891885051127986e+00
-1.500000000000000000e+00 8.203891885050316191e+00
-1.500000000000000000e+00 8.026815749418108936e+00
-1.500000000000000000e+00 8.026815749416750023e+00
-1.500000000000000000e+00 8.026815749416750023e+00
-1.500000000000000000e+00 8.026815749416069679e+00
-1.500000000000000000e+00 8.026815749414708989e+00
-1.500000000000000000e+00 8.026815749414708989e+00
-1.500000000000000000e+00 8.026814711856328444e+00
-1.500000000000000000e+00 8.026814711853608841e+00
-1.500000000000000000e+00 7.582065621631840280e+00
-1.500000000000000000e+00 7.582065621630968977e+00
-1.500000000000000000e+00 6.485225961035660625e+00
-1.500000000000000000e+00 6.485225961035514963e+00
-1.500000000000000000e+00 2.940452538536632687e+00
-1.500000000000000000e+00 2.940452538536632687e+00
-1.000000000000000000e+00 1.437135936794168245e+01
-1.000000000000000000e+00 1.437135588505567441e+01
-1.000000000000000000e+00 1.437135588350721171e+01
-1.000000000000000000e+00 1.437135588350721171e+01
-1.000000000000000000e+00 1.437135588273297948e+01
-1.000000000000000000e+00 1.437133761800691900e+01
-1.000000000000000000e+00 1.437133761684559374e+01
-1.000000000000000000e+00 1.437133761645848473e+01
-1.000000000000000000e+00 1.437133761529715770e+01
-1.000000000000000000e+00 1.419431483314893505e+01
-1.000000000000000000e+00 1.419431483250032677e+01
-1.000000000000000000e+00 1.419431483120310844e+01
-1.000000000000000000e+00 1.419431482958158774e+01
-1.000000000000000000e+00 1.282976251022204650e+01
-1.000000000000000000e+00 1.282975856311564300e+01
-1.000000000000000000e+00 1.282975856311564300e+01
-1.000000000000000000e+00 1.282975856303278483e+01
-1.000000000000000000e+00 1.265269060077930519e+01
-1.000000000000000000e+00 1.265269060022401071e+01
-1.000000000000000000e+00 1.265269060022401071e+01
-1.000000000000000000e+00 1.265268994865471441e+01
-1.000000000000000000e+00 1.256675822747467564e+01
-1.000000000000000000e+00 1.240704424517092086e+01
-1.000000000000000000e+00 1.240704424473656964e+01
-1.000000000000000000e+00 1.240704424468227529e+01
-1.000000000000000000e+00 1.240704424468227529e+01
-1.000000000000000000e+00 1.222996513904310412e+01
-1.000000000000000000e+00 1.222996513904310412e+01
-1.000000000000000000e+00 1.222996513904310412e+01
-1.000000000000000000e+00 1.222996513895213866e+01
-1.000000000000000000e+00 1.222996255942473098e+01
-1.000000000000000000e+00 1.222996255933376553e+01
-1.000000000000000000e+00 1.222996255928828369e+01
-1.000000000000000000e+00 1.222996255928828369e+01
-1.000000000000000000e+00 1.222996255924280007e+01
-1.000000000000000000e+00 1.222996255919731823e+01
-1.000000000000000000e+00 1.222996255910635277e+01
-1.000000000000000000e+00 1.222996255892442186e+01
-1.000000000000000000e+00 1.222995036599511387e+01
-1.000000000000000000e+00 1.222995036581318651e+01
-1.000000000000000000e+00 1.222995036576770289e+01
-1.000000000000000000e+00 1.222995036558577553e+01
-1.000000000000000000e+00 1.220795204413587953e+01
-1.000000000000000000e+00 1.220795204395790989e+01
-1.000000000000000000e+00 1.220795204386892507e+01
-1.000000000000000000e+00 1.220794673168334654e+01
-1.000000000000000000e+00 1.205289876685181127e+01
-1.000000000000000000e+00 1.205289876669940341e+01
-1.000000000000000000e+00 1.205289876666130233e+01
-1.000000000000000000e+00 1.205289876662319948e+01
-1.000000000000000000e+00 1.178520038773588574e+01
-1.000000000000000000e+00 1.178520038767757860e+01
-1.000000000000000000e+00 1.178520038764842504e+01
-1.000000000000000000e+00 1.178520038753181254e+01
-1.000000000000000000e+00 1.160815756406580412e+01
-1.000000000000000000e+00 1.160815756401695786e+01
-1.000000000000000000e+00 1.160815756394368847e+01
-1.000000000000000000e+00 1.160815756387041908e+01
-1.000000000000000000e+00 1.068838185593107148e+01
-1.000000000000000000e+00 1.068837661726571042e+01
-1.000000000000000000e+00 1.068837661725597599e+01
-1.000000000000000000e+00 1.068837661720730026e+01
-1.000000000000000000e+00 1.051129410783545737e+01
-1.000000000000000000e+00 1.051129410779468110e+01
-1.000000000000000000e+00 1.051129410775390483e+01
-1.000000000000000000e+00 1.051127902290689065e+01
-1.000000000000000000e+00 1.006654722772988464e+01
-1.000000000000000000e+00 1.006654722769329346e+01
-1.000000000000000000e+00 1.006654722768806565e+01
-1.000000000000000000e+00 1.006654722768806565e+01
-1.000000000000000000e+00 1.006654722768283783e+01
-1.000000000000000000e+00 1.006654722767761179e+01
-1.000000000000000000e+00 1.006654722767761179e+01
-1.000000000000000000e+00 1.006654722767238397e+01
-1.000000000000000000e+00 1.006654722766715615e+01
-1.000000000000000000e+00 1.006654428659236089e+01
-1.000000000000000000e+00 1.006654428657667744e+01
-1.000000000000000000e+00 1.006654428657145139e+01
-1.000000000000000000e+00 1.006653844017157873e+01
-1.000000000000000000e+00 1.006653844012453369e+01
-1.000000000000000000e+00 1.006653844010885201e+01
-1.000000000000000000e+00 1.006653568343877936e+01
-1.000000000000000000e+00 7.925149428242884042e+00
-1.000000000000000000e+00 7.925149428242270311e+00
-1.000000000000000000e+00 7.925149428242270311e+00
-1.000000000000000000e+00 7.925137310940119306e+00
-1.000000000000000000e+00 7.566324614552454086e+00
-1.000000000000000000e+00 7.143599094071485744e+00
-1.000000000000000000e+00 7.143599094070361311e+00
-1.000000000000000000e+00 7.143599094069799094e+00
-1.000000000000000000e+00 7.143599094068393995e+00
-1.000000000000000000e+00 6.966527624664565543e+00
-1.000000000000000000e+00 6.966527624664565543e+00
-1.000000000000000000e+00 6.966527624663387819e+00
-1.000000000000000000e+00 6.966527624662917084e+00
-1.000000000000000000e+00 5.424934042204422546e+00
-1.000000000000000000e+00 5.424934042203842566e+00
-1.000000000000000000e+00 5.424934042203842566e+00
-1.000000000000000000e+00 5.424930010061711272e+00
-1.000000000000000000e+00 3.283552746098609809e+00
-5.000000000000000000e-01 1.409263454117503223e+01
-5.000000000000000000e-01 1.409263454117503223e+01
-5.000000000000000000e-01 1.409263224913612156e+01
-5.000000000000000000e-01 1.409263224620662669e+01
-5.000000000000000000e-01 1.409263071701181325e+01
-5.000000000000000000e-01 1.409263071671886358e+01
-5.000000000000000000e-01 1.409263071642591569e+01
-5.000000000000000000e-01 1.409263071466822126e+01
-5.000000000000000000e-01 1.409263071378937404e+01
-5.000000000000000000e-01 1.409263071378937404e+01
-5.000000000000000000e-01 1.409262844402330650e+01
-5.000000000000000000e-01 1.409262844373035861e+01
-5.000000000000000000e-01 1.409262844285151317e+01
-5.000000000000000000e-01 1.409262844226561739e+01
-5.000000000000000000e-01 1.409262567302909908e+01
-5.000000000000000000e-01 1.409262567244320330e+01
-5.000000000000000000e-01 1.409262567215025719e+01
-5.000000000000000000e-01 1.409262567127141352e+01
-5.000000000000000000e-01 1.409262566980667586e+01
-5.000000000000000000e-01 1.409262566922078186e+01
-5.000000000000000000e-01 1.409261930114840489e+01
-5.000000000000000000e-01 1.409261930026956833e+01
-5.000000000000000000e-01 1.364788704377223105e+01
-5.000000000000000000e-01 1.364788704283334653e+01
-5.000000000000000000e-01 1.255102469732585035e+01
-5.000000000000000000e-01 1.255102469663612830e+01
-5.000000000000000000e-01 1.212829509749868429e+01
-5.000000000000000000e-01 1.212829509737542644e+01
-5.000000000000000000e-01 1.212829509712891252e+01
-5.000000000000000000e-01 1.212829509712891252e+01
-5.000000000000000000e-01 1.212829509696456931e+01
-5.000000000000000000e-01 1.212829509680022610e+01
-5.000000000000000000e-01 1.212828803805688693e+01
-5.000000000000000000e-01 1.212828803739951944e+01
-5.000000000000000000e-01 1.195122449789514008e+01
-5.000000000000000000e-01 1.195122449779188578e+01
-5.000000000000000000e-01 1.195122449751653804e+01
-5.000000000000000000e-01 1.195122449737886505e+01
-5.000000000000000000e-01 1.195122449724119029e+01
-5.000000000000000000e-01 1.195122449717235291e+01
-5.000000000000000000e-01 1.195121176751039371e+01
-5.000000000000000000e-01 1.195121176747597502e+01
-5.000000000000000000e-01 1.176946651932805921e+01
-5.000000000000000000e-01 1.176946651863930349e+01
-5.000000000000000000e-01 1.159240424138242176e+01
-5.000000000000000000e-01 1.159240424138242176e+01
-5.000000000000000000e-01 1.150647457748503832e+01
-5.000000000000000000e-01 1.150647457722029721e+01
-5.000000000000000000e-01 1.134674905988217120e+01
-5.000000000000000000e-01 1.134674905961890268e+01
-5.000000000000000000e-01 1.116967323284445790e+01
-5.000000000000000000e-01 1.116967323262391432e+01
-5.000000000000000000e-01 1.116967323257665434e+01
-5.000000000000000000e-01 1.116967323252939437e+01
-5.000000000000000000e-01 1.116967323249788890e+01
-5.000000000000000000e-01 1.116967323245062893e+01
-5.000000000000000000e-01 1.116965825371819676e+01
-5.000000000000000000e-01 1.116965825346614949e+01
-5.000000000000000000e-01 1.099261712671486180e+01
-5.000000000000000000e-01 1.099261712631895271e+01
-5.000000000000000000e-01 9.628090083478188177e+00
-5.000000000000000000e-01 9.628090083407380817e+00
-5.000000000000000000e-01 9.628081937277034541e+00
-5.000000000000000000e-01 9.628081937277034541e+00
-5.000000000000000000e-01 9.628081553821397520e+00
-5.000000000000000000e-01 9.628081553777564139e+00
-5.000000000000000000e-01 9.628081553777564139e+00
-5.000000000000000000e-01 9.628081553743847110e+00
-5.000000000000000000e-01 9.451006317726292849e+00
-5.000000000000000000e-01 9.451006317714995220e+00
-5.000000000000000000e-01 9.451006317681098778e+00
-5.000000000000000000e-01 9.451006317678274371e+00
-5.000000000000000000e-01 9.451003174270317331e+00
-5.000000000000000000e-01 9.451003174230772075e+00
-5.000000000000000000e-01 9.450984231077029563e+00
-5.000000000000000000e-01 9.450984231065731933e+00
-5.000000000000000000e-01 9.006259469272420048e+00
-5.000000000000000000e-01 9.006259469252503536e+00
-5.000000000000000000e-01 9.006259469241641114e+00
-5.000000000000000000e-01 9.006259469241641114e+00
-5.000000000000000000e-01 9.006259469223534708e+00
-5.000000000000000000e-01 9.006259469214482394e+00
-5.000000000000000000e-01 9.006250985648240004e+00
-5.000000000000000000e-01 9.006250985635565698e+00
-5.000000000000000000e-01 7.486706178927357236e+00
-5.000000000000000000e-01 7.486706178926961108e+00
-5.000000000000000000e-01 7.309613230635935821e+00
-5.000000000000000000e-01 7.309613230629962821e+00
-5.000000000000000000e-01 6.864860007140011433e+00
-5.000000000000000000e-01 6.864860007140011433e+00
-5.000000000000000000e-01 6.864860007139160558e+00
-5.000000000000000000e-01 6.864860007138947395e+00
-5.000000000000000000e-01 6.864860007137457920e+00
-5.000000000000000000e-01 6.864860007134054420e+00
-5.000000000000000000e-01 6.864846670089784553e+00
-5.000000000000000000e-01 6.864846670089146841e+00
-5.000000000000000000e-01 4.364640379965016415e+00
-5.000000000000000000e-01 4.364640379964746408e+00
-5.000000000000000000e-01 2.223258773730277582e+00
-5.000000000000000000e-01 2.223258773730276694e+00
0.000000000000000000e+00 1.320939537439677736e+01
0.000000000000000000e+00 1.320939537415454268e+01
0.000000000000000000e+00 1.320939537342783510e+01
0.000000000000000000e+00 1.320939454171268501e+01
0.000000000000000000e+00 1.320939454134933300e+01
0.000000000000000000e+00 1.320939454110709832e+01
0.000000000000000000e+00 1.320939454086486187e+01
0.000000000000000000e+00 1.320939454050150985e+01
0.000000000000000000e+00 1.320939454038039251e+01
0.000000000000000000e+00 1.320939454025927340e+01
0.000000000000000000e+00 1.320939454025927340e+01
0.000000000000000000e+00 1.320939453929033292e+01
0.000000000000000000e+00 1.320938432034485999e+01
0.000000000000000000e+00 1.320938431961816129e+01
0.000000000000000000e+00 1.320938431961816129e+01
0.000000000000000000e+00 1.320934462365894468e+01
0.000000000000000000e+00 1.303239609251707876e+01
0.000000000000000000e+00 1.303234999177231224e+01
0.000000000000000000e+00 1.303234999126498472e+01
0.000000000000000000e+00 1.303234999096058999e+01
0.000000000000000000e+00 1.303234999085912449e+01
0.000000000000000000e+00 1.303234999065619348e+01
0.000000000000000000e+00 1.303234999045326248e+01
0.000000000000000000e+00 1.303234999025033147e+01
0.000000000000000000e+00 1.303234998984446946e+01
0.000000000000000000e+00 1.303234998943860745e+01
0.000000000000000000e+00 1.303234620448247583e+01
0.000000000000000000e+00 1.303234620438101032e+01
0.000000000000000000e+00 1.303234620438101032e+01
0.000000000000000000e+00 1.303234385638215542e+01
0.000000000000000000e+00 1.303234385587483146e+01
0.000000000000000000e+00 1.303234385577336596e+01
0.000000000000000000e+00 1.168990780478504909e+01
0.000000000000000000e+00 1.151276662608061940e+01
0.000000000000000000e+00 1.151276662588081123e+01
0.000000000000000000e+00 1.151276662581420851e+01
0.000000000000000000e+00 1.151268837039576809e+01
0.000000000000000000e+00 1.149073651082720460e+01
0.000000000000000000e+00 1.149073651069689994e+01
0.000000000000000000e+00 1.149073651061003254e+01
0.000000000000000000e+00 1.149073651058831480e+01
0.000000000000000000e+00 1.133570956673732688e+01
0.000000000000000000e+00 1.106804513453641192e+01
0.000000000000000000e+00 1.106800725937805652e+01
0.000000000000000000e+00 1.106800725932113494e+01
0.000000000000000000e+00 1.106800725930690454e+01
0.000000000000000000e+00 1.106800195645579521e+01
0.000000000000000000e+00 1.106800195638464324e+01
0.000000000000000000e+00 1.106800195637041284e+01
0.000000000000000000e+00 1.106800195637041284e+01
0.000000000000000000e+00 1.106800195634195205e+01
0.000000000000000000e+00 1.106800195634195205e+01
0.000000000000000000e+00 1.106800195631349126e+01
0.000000000000000000e+00 1.106800195628503225e+01
0.000000000000000000e+00 1.106800195617118909e+01
0.000000000000000000e+00 1.106798915281009243e+01
0.000000000000000000e+00 1.106798915275317263e+01
0.000000000000000000e+00 1.106798915266779204e+01
0.000000000000000000e+00 1.089093995924432789e+01
0.000000000000000000e+00 1.089093995916087998e+01
0.000000000000000000e+00 1.089093995906551271e+01
0.000000000000000000e+00 1.089093995905359158e+01
0.000000000000000000e+00 1.089093995902974932e+01
0.000000000000000000e+00 1.089093995902974932e+01
0.000000000000000000e+00 1.089093995899398593e+01
0.000000000000000000e+00 1.089093995895822253e+01
0.000000000000000000e+00 1.089093995894630140e+01
0.000000000000000000e+00 1.089093673793713180e+01
0.000000000000000000e+00 1.089093673778215887e+01
0.000000000000000000e+00 1.089093673774639548e+01
0.000000000000000000e+00 1.089093195004380732e+01
0.000000000000000000e+00 1.089093194999612457e+01
0.000000000000000000e+00 1.089093194990075553e+01
0.000000000000000000e+00 1.089088775396002617e+01
0.000000000000000000e+00 1.044619385311124837e+01
0.000000000000000000e+00 9.349339700406739340e+00
0.000000000000000000e+00 9.349339700393981545e+00
0.000000000000000000e+00 9.349339700391430696e+00
0.000000000000000000e+00 9.349339700368465955e+00
0.000000000000000000e+00 8.567815277555283160e+00
0.000000000000000000e+00 8.567786816366616875e+00
0.000000000000000000e+00 8.567786816338587741e+00
0.000000000000000000e+00 8.567786816332748856e+00
0.000000000000000000e+00 8.390716554399027416e+00
0.000000000000000000e+00 8.390716554389245019e+00
0.000000000000000000e+00 8.390716554377505076e+00
0.000000000000000000e+00 8.390669037976380196e+00
0.000000000000000000e+00 6.426412086764763387e+00
0.000000000000000000e+00 6.426412086764763387e+00
0.000000000000000000e+00 6.426412086764488940e+00
0.000000000000000000e+00 6.426388716016671054e+00
0.000000000000000000e+00 6.249341045107170700e+00
0.000000000000000000e+00 6.249319415490568019e+00
0.000000000000000000e+00 6.249319415489993368e+00
0.000000000000000000e+00 6.249319415489877905e+00
0.000000000000000000e+00 5.804571015701274206e+00
0.000000000000000000e+00 5.804571015701200487e+00
0.000000000000000000e+00 5.804571015701126768e+00
0.000000000000000000e+00 5.804551504760052438e+00
0.000000000000000000e+00 1.162967687653738258e+00
5.000000000000000000e-01 1.509406648810144524e+01
5.000000000000000000e-01 1.509406648092428682e+01
5.000000000000000000e-01 1.509405446802859707e+01
5.000000000000000000e-01 1.509405445925662015e+01
5.000000000000000000e-01 1.507207901750933488e+01
5.000000000000000000e-01 1.507207901594909671e+01
5.000000000000000000e-01 1.491703080743277177e+01
5.000000000000000000e-01 1.491703079540744525e+01
5.000000000000000000e-01 1.491703079407129806e+01
5.000000000000000000e-01 1.491703079407129806e+01
5.000000000000000000e-01 1.491703079407129806e+01
5.000000000000000000e-01 1.491703079206707727e+01
5.000000000000000000e-01 1.491702129811658395e+01
5.000000000000000000e-01 1.491702129277204492e+01
5.000000000000000000e-01 1.464932013388199117e+01
5.000000000000000000e-01 1.464932013132617783e+01
5.000000000000000000e-01 1.447228821605103910e+01
5.000000000000000000e-01 1.447228821390990028e+01
5.000000000000000000e-01 1.355248794740571761e+01
5.000000000000000000e-01 1.355248794723502570e+01
5.000000000000000000e-01 1.355248507314188622e+01
5.000000000000000000e-01 1.355248507262981406e+01
5.000000000000000000e-01 1.355248507211774189e+01
5.000000000000000000e-01 1.355248507194705176e+01
5.000000000000000000e-01 1.355248507126428947e+01
5.000000000000000000e-01 1.355248507041083528e+01
5.000000000000000000e-01 1.337541538245197081e+01
5.000000000000000000e-01 1.337541538159402243e+01
5.000000000000000000e-01 1.337541538159402243e+01
5.000000000000000000e-01 1.337541538130804142e+01
5.000000000000000000e-01 1.337541538045009304e+01
5.000000000000000000e-01 1.337541537916317225e+01
5.000000000000000000e-01 1.337540536668332969e+01
5.000000000000000000e-01 1.337540536539642311e+01
5.000000000000000000e-01 1.293066795288862636e+01
5.000000000000000000e-01 1.293066795261366053e+01
5.000000000000000000e-01 1.293066795243034939e+01
5.000000000000000000e-01 1.293066795243034939e+01
5.000000000000000000e-01 1.293066795233869293e+01
5.000000000000000000e-01 1.293066795233869293e+01
5.000000000000000000e-01 1.293066551105478723e+01
5.000000000000000000e-01 1.293066551050485735e+01
5.000000000000000000e-01 1.277094283163589949e+01
5.000000000000000000e-01 1.277094283093277483e+01
5.000000000000000000e-01 1.259386191089307339e+01
5.000000000000000000e-01 1.259386191050039550e+01
5.000000000000000000e-01 1.259386191036950287e+01
5.000000000000000000e-01 1.259386191036950287e+01
5.000000000000000000e-01 1.259385992224441786e+01
5.000000000000000000e-01 1.259385992126272491e+01
5.000000000000000000e-01 1.259383134748973632e+01
5.000000000000000000e-01 1.259383134729340270e+01
5.000000000000000000e-01 1.241680222024589675e+01
5.000000000000000000e-01 1.241680221920419669e+01
5.000000000000000000e-01 1.078926273426297477e+01
5.000000000000000000e-01 1.078926273396145419e+01
5.000000000000000000e-01 1.062956663816864022e+01
5.000000000000000000e-01 1.062956663799423751e+01
5.000000000000000000e-01 1.045247530664640045e+01
5.000000000000000000e-01 1.045247530661564284e+01
5.000000000000000000e-01 1.045247269113044553e+01
5.000000000000000000e-01 1.045247269110737598e+01
5.000000000000000000e-01 1.045247269106124044e+01
5.000000000000000000e-01 1.045247269103048282e+01
5.000000000000000000e-01 1.045246289443285015e+01
5.000000000000000000e-01 1.045246289434057907e+01
5.000000000000000000e-01 1.043044893681817165e+01
5.000000000000000000e-01 1.043044893678056084e+01
5.000000000000000000e-01 1.027539535667689741e+01
5.000000000000000000e-01 1.027539535664468850e+01
5.000000000000000000e-01 1.000771167650547966e+01
5.000000000000000000e-01 1.000771167649069326e+01
5.000000000000000000e-01 1.000771167647097926e+01
5.000000000000000000e-01 1.000771167646112225e+01
5.000000000000000000e-01 1.000771167645619286e+01
5.000000000000000000e-01 1.000771167644633586e+01
5.000000000000000000e-01 1.000769734746250172e+01
5.000000000000000000e-01 1.000769734740335792e+01
5.000000000000000000e-01 9.830654529940876074e+00
5.000000000000000000e-01 9.830654529928487761e+00
5.000000000000000000e-01 9.830654529924359508e+00
5.000000000000000000e-01 9.830654529920231255e+00
5.000000000000000000e-01 9.830654529903714689e+00
5.000000000000000000e-01 9.830654529887199899e+00
5.000000000000000000e-01 9.830647038342592126e+00
5.000000000000000000e-01 9.830647038288915951e+00
5.000000000000000000e-01 8.289050373670443506e+00
5.000000000000000000e-01 8.289050373668676031e+00
5.000000000000000000e-01 8.289050373665141080e+00
5.000000000000000000e-01 8.289050373658954030e+00
5.000000000000000000e-01 8.289050373657186555e+00
5.000000000000000000e-01 8.289050373651884129e+00
5.000000000000000000e-01 8.289046933173329634e+00
5.000000000000000000e-01 8.289046933168025433e+00
5.000000000000000000e-01 6.147659993457958549e+00
5.000000000000000000e-01 6.147659993457854632e+00
5.000000000000000000e-01 5.366117547311520575e+00
5.000000000000000000e-01 5.366117547310808256e+00
5.000000000000000000e-01 5.189028336409739595e+00
5.000000000000000000e-01 5.189028336409660547e+00
1.000000000000000000e+00 1.465562334626862118e+01
1.000000000000000000e+00 1.465562269607379875e+01
1.000000000000000000e+00 1.463358363614163338e+01
1.000000000000000000e+00 1.463358363412890562e+01
1.000000000000000000e+00 1.463358363110981664e+01
1.000000000000000000e+00 1.463358363010345187e+01
1.000000000000000000e+00 1.447854478421019131e+01
1.000000000000000000e+00 1.447854083875370002e+01
1.000000000000000000e+00 1.447854083832278604e+01
1.000000000000000000e+00 1.447854083746095810e+01
1.000000000000000000e+00 1.445653774369531419e+01
1.000000000000000000e+00 1.445653774243070622e+01
1.000000000000000000e+00 1.445653774158763305e+01
1.000000000000000000e+00 1.445653774116609647e+01
1.000000000000000000e+00 1.421085559815054289e+01
1.000000000000000000e+00 1.421085559683169031e+01
1.000000000000000000e+00 1.421085559584255087e+01
1.000000000000000000e+00 1.421084292306455943e+01
1.000000000000000000e+00 1.403379395820537567e+01
1.000000000000000000e+00 1.403379395820537567e+01
1.000000000000000000e+00 1.403379395820537567e+01
1.000000000000000000e+00 1.403379395792916640e+01
1.000000000000000000e+00 1.403379395792916640e+01
1.000000000000000000e+00 1.403379395765295534e+01
1.000000000000000000e+00 1.403379395737674606e+01
1.000000000000000000e+00 1.403379395710053501e+01
1.000000000000000000e+00 1.403379395682432573e+01
1.000000000000000000e+00 1.403378517006832027e+01
1.000000000000000000e+00 1.403378516951590527e+01
1.000000000000000000e+00 1.403378516951590527e+01
1.000000000000000000e+00 1.403378130427368120e+01
1.000000000000000000e+00 1.403378130344506225e+01
1.000000000000000000e+00 1.403378130316885652e+01
1.000000000000000000e+00 1.403376938934560947e+01
1.000000000000000000e+00 1.385674904830751863e+01
1.000000000000000000e+00 1.385674904807612506e+01
1.000000000000000000e+00 1.385674904784473327e+01
1.000000000000000000e+00 1.385674760395459515e+01
1.000000000000000000e+00 1.249219800583943396e+01
1.000000000000000000e+00 1.249219800578031503e+01
1.000000000000000000e+00 1.249219800554383575e+01
1.000000000000000000e+00 1.249219800536647540e+01
1.000000000000000000e+00 1.249219210085395559e+01
1.000000000000000000e+00 1.249219210055835916e+01
1.000000000000000000e+00 1.249219210049923845e+01
1.000000000000000000e+00 1.249219210044011952e+01
1.000000000000000000e+00 1.249219210026276095e+01
1.000000000000000000e+00 1.249219210026276095e+01
1.000000000000000000e+00 1.249219210026276095e+01
1.000000000000000000e+00 1.249219210014452308e+01
1.000000000000000000e+00 1.249219154383073516e+01
1.000000000000000000e+00 1.249219154371249552e+01
1.000000000000000000e+00 1.249219154365337658e+01
1.000000000000000000e+00 1.249219154365337658e+01
1.000000000000000000e+00 1.231513084089368704e+01
1.000000000000000000e+00 1.231513084079463383e+01
1.000000000000000000e+00 1.231513084069558239e+01
1.000000000000000000e+00 1.231513084064605579e+01
1.000000000000000000e+00 1.231513084064605579e+01
1.000000000000000000e+00 1.231513084059653096e+01
1.000000000000000000e+00 1.231513084049747775e+01
1.000000000000000000e+00 1.231513083995269220e+01
1.000000000000000000e+00 1.231512604978093250e+01
1.000000000000000000e+00 1.231512604958282964e+01
1.000000000000000000e+00 1.231512604948377820e+01
1.000000000000000000e+00 1.231512604938472677e+01
1.000000000000000000e+00 1.231511850759935101e+01
1.000000000000000000e+00 1.231511850759935101e+01
1.000000000000000000e+00 1.231511850750029957e+01
1.000000000000000000e+00 1.231511850705457078e+01
1.000000000000000000e+00 1.187038307057780706e+01
1.000000000000000000e+00 1.187038307032384310e+01
1.000000000000000000e+00 1.187038307026035078e+01
1.000000000000000000e+00 1.187038307016511496e+01
1.000000000000000000e+00 1.035081080855106528e+01
1.000000000000000000e+00 1.035081080853717239e+01
1.000000000000000000e+00 1.035081080851633395e+01
1.000000000000000000e+00 1.035081080846076595e+01
1.000000000000000000e+00 1.017372761705431650e+01
1.000000000000000000e+00 1.017372761703104089e+01
1.000000000000000000e+00 1.017372761702522332e+01
1.000000000000000000e+00 1.017372761699612838e+01
1.000000000000000000e+00 9.728975893708410538e+00
1.000000000000000000e+00 9.728975893689762344e+00
1.000000000000000000e+00 9.728975893686031995e+00
1.000000000000000000e+00 9.728975893674842723e+00
1.000000000000000000e+00 9.569272731253395392e+00
1.000000000000000000e+00 9.392180772263913013e+00
1.000000000000000000e+00 9.392180772261248478e+00
1.000000000000000000e+00 9.392180772261248478e+00
1.000000000000000000e+00 9.392165031881756221e+00
1.000000000000000000e+00 9.215109797673401104e+00
1.000000000000000000e+00 7.228759739327943024e+00
1.000000000000000000e+00 7.228759739327024647e+00
1.000000000000000000e+00 7.228759739326719114e+00
1.000000000000000000e+00 7.228759739325800737e+00
1.000000000000000000e+00 5.087367991800470612e+00
1.000000000000000000e+00 5.087367991800434197e+00
1.000000000000000000e+00 5.087367991800290312e+00
1.000000000000000000e+00 5.087367991800290312e+00
1.500000000000000000e+00 1.651825196079039770e+01
1.500000000000000000e+00 1.651825195747736430e+01
1.500000000000000000e+00 1.651825194422522713e+01
1.500000000000000000e+00 1.651825193759916033e+01
1.500000000000000000e+00 1.634121881653638653e+01
1.500000000000000000e+00 1.634121880820988437e+01
1.500000000000000000e+00 1.634121879710787795e+01
1.500000000000000000e+00 1.634121878323037436e+01
1.500000000000000000e+00 1.634121878045487364e+01
1.500000000000000000e+00 1.634121876102636861e+01
1.500000000000000000e+00 1.634120778398084894e+01
1.500000000000000000e+00 1.634120776732802582e+01
1.500000000000000000e+00 1.607351290329177118e+01
1.500000000000000000e+00 1.607351290116814369e+01
1.500000000000000000e+00 1.607351289692088869e+01
1.500000000000000000e+00 1.607351289055000976e+01
1.500000000000000000e+00 1.607351288630275832e+01
1.500000000000000000e+00 1.607351286081923547e+01
1.500000000000000000e+00 1.607351004489427027e+01
1.500000000000000000e+00 1.607351001941082203e+01
1.500000000000000000e+00 1.589648013832322349e+01
1.500000000000000000e+00 1.589648013120693015e+01
1.500000000000000000e+00 1.589647961705489543e+01
1.500000000000000000e+00 1.589647960104324476e+01
1.500000000000000000e+00 1.589647959036881097e+01
1.500000000000000000e+00 1.589647958858973809e+01
1.500000000000000000e+00 1.589647958503159408e+01
1.500000000000000000e+00 1.589647958147345008e+01
1.500000000000000000e+00 1.455396587042967305e+01
1.500000000000000000e+00 1.455396586903565570e+01
1.500000000000000000e+00 1.437687748081479633e+01
1.500000000000000000e+00 1.437687747925775916e+01
1.500000000000000000e+00 1.437687747731146359e+01
1.500000000000000000e+00 1.437687747575442820e+01
1.500000000000000000e+00 1.437687747380813263e+01
1.500000000000000000e+00 1.437687747341887246e+01
1.500000000000000000e+00 1.437686246525746370e+01
1.500000000000000000e+00 1.437686246486821062e+01
1.500000000000000000e+00 1.435486118069940531e+01
1.500000000000000000e+00 1.435486118069940531e+01
1.500000000000000000e+00 1.419980827294181402e+01
1.500000000000000000e+00 1.419980827261572287e+01
1.500000000000000000e+00 1.393211899730434666e+01
1.500000000000000000e+00 1.393211899431026168e+01
1.500000000000000000e+00 1.393211203059587788e+01
1.500000000000000000e+00 1.393211202934835313e+01
1.500000000000000000e+00 1.393211202934835313e+01
1.500000000000000000e+00 1.393211202835033191e+01
1.500000000000000000e+00 1.393211202785132130e+01
1.500000000000000000e+00 1.393211202735231069e+01
1.500000000000000000e+00 1.375506417048106833e+01
1.500000000000000000e+00 1.375506416985400726e+01
1.500000000000000000e+00 1.375506416922694619e+01
1.500000000000000000e+00 1.375506416859988512e+01
1.500000000000000000e+00 1.375506416692772227e+01
1.500000000000000000e+00 1.375506416671870191e+01
1.500000000000000000e+00 1.375505876376476877e+01
1.500000000000000000e+00 1.375505876251065374e+01
1.500000000000000000e+00 1.359532828344870126e+01
1.500000000000000000e+00 1.359532828327053977e+01
1.500000000000000000e+00 1.341825304807802510e+01
1.500000000000000000e+00 1.341825304583927903e+01
1.500000000000000000e+00 1.221345788540006438e+01
1.500000000000000000e+00 1.221345788517637487e+01
1.500000000000000000e+00 1.143190457908634627e+01
1.500000000000000000e+00 1.143190457886110600e+01
1.500000000000000000e+00 1.143190005901631956e+01
1.500000000000000000e+00 1.143190005893441530e+01
1.500000000000000000e+00 1.143190005887298533e+01
1.500000000000000000e+00 1.143190005883203320e+01
1.500000000000000000e+00 1.143190005875012716e+01
1.500000000000000000e+00 1.143190005870917503e+01
1.500000000000000000e+00 1.125484426162376650e+01
1.500000000000000000e+00 1.125484426162376650e+01
1.500000000000000000e+00 1.125484426157230544e+01
1.500000000000000000e+00 1.125484426148653760e+01
1.500000000000000000e+00 1.125484426146938333e+01
1.500000000000000000e+00 1.125484426141792227e+01
1.500000000000000000e+00 1.125483144617530229e+01
1.500000000000000000e+00 1.125483144612384301e+01
1.500000000000000000e+00 9.290519395139005709e+00
1.500000000000000000e+00 9.290519395093296495e+00
1.500000000000000000e+00 9.290515756296121808e+00
1.500000000000000000e+00 9.290515756293716620e+00
1.500000000000000000e+00 9.290515756288904470e+00
1.500000000000000000e+00 9.290515756269657643e+00
1.500000000000000000e+00 9.290515756250410817e+00
1.500000000000000000e+00 9.290515756243193479e+00
1.500000000000000000e+00 9.113439620654229856e+00
1.500000000000000000e+00 9.113439620650199302e+00
1.500000000000000000e+00 9.113439620646166972e+00
1.500000000000000000e+00 9.113439620644152583e+00
1.500000000000000000e+00 9.113439620623998039e+00
1.500000000000000000e+00 9.113439620619967485e+00
1.500000000000000000e+00 9.113438583100290202e+00
1.500000000000000000e+00 9.113438583086182376e+00
1.500000000000000000e+00 8.668689492865768287e+00
1.500000000000000000e+00 8.668689492851557432e+00
1.500000000000000000e+00 4.027076409754350550e+00
1.500000000000000000e+00 4.027076409754256403e+00
2.000000000000000000e+00 1.813525583065796809e+01
2.000000000000000000e+00 1.795820048836475635e+01
2.000000000000000000e+00 1.795820046039957774e+01
2.000000000000000000e+00 1.795820043243440267e+01
2.000000000000000000e+00 1.795820036252145968e+01
2.000000000000000000e+00 1.795819896426368345e+01
2.000000000000000000e+00 1.795819895028111546e+01
2.000000000000000000e+00 1.795819895028111546e+01
2.000000000000000000e+00 1.795819895028111546e+01
2.000000000000000000e+00 1.795819893629854747e+01
2.000000000000000000e+00 1.795819892231597947e+01
2.000000000000000000e+00 1.795819888036827905e+01
2.000000000000000000e+00 1.795819885240314306e+01
2.000000000000000000e+00 1.795818263275759818e+01
2.000000000000000000e+00 1.795818261877525757e+01
2.000000000000000000e+00 1.795818260479292050e+01
2.000000000000000000e+00 1.795818257682824282e+01
2.000000000000000000e+00 1.778116285709354116e+01
2.000000000000000000e+00 1.778116283366576056e+01
2.000000000000000000e+00 1.778116282195187381e+01
2.000000000000000000e+00 1.778116279852409320e+01
2.000000000000000000e+00 1.762139959306025716e+01
2.000000000000000000e+00 1.641659936528704478e+01
2.000000000000000000e+00 1.641659797063985948e+01
2.000000000000000000e+00 1.641659796764705703e+01
2.000000000000000000e+00 1.641659795567584368e+01
2.000000000000000000e+00 1.623954020418433331e+01
2.000000000000000000e+00 1.623954019917000480e+01
2.000000000000000000e+00 1.623954018914134423e+01
2.000000000000000000e+00 1.623953313651103869e+01
2.000000000000000000e+00 1.563504688668814246e+01
2.000000000000000000e+00 1.563504688668814246e+01
2.000000000000000000e+00 1.563504687846938701e+01
2.000000000000000000e+00 1.563504687572980245e+01
2.000000000000000000e+00 1.545798324603236829e+01
2.000000000000000000e+00 1.545798324488485598e+01
2.000000000000000000e+00 1.545798324373734367e+01
2.000000000000000000e+00 1.545798324258983314e+01
2.000000000000000000e+00 1.545798324144232083e+01
2.000000000000000000e+00 1.545798324029481030e+01
2.000000000000000000e+00 1.545798323914729799e+01
2.000000000000000000e+00 1.545798323340974179e+01
2.000000000000000000e+00 1.545797975530844504e+01
2.000000000000000000e+00 1.545797975530844504e+01
2.000000000000000000e+00 1.545797975416093806e+01
2.000000000000000000e+00 1.545797974842339961e+01
2.000000000000000000e+00 1.545796149404075059e+01
2.000000000000000000e+00 1.545796149059829006e+01
2.000000000000000000e+00 1.545796148830331695e+01
2.000000000000000000e+00 1.545796148600834385e+01
2.000000000000000000e+00 1.528093870398454612e+01
2.000000000000000000e+00 1.528093870302322799e+01
2.000000000000000000e+00 1.528093870206190807e+01
2.000000000000000000e+00 1.528093870110058994e+01
2.000000000000000000e+00 1.349366811682690503e+01
2.000000000000000000e+00 1.349366811634408236e+01
2.000000000000000000e+00 1.349366811602220118e+01
2.000000000000000000e+00 1.349366811602220118e+01
2.000000000000000000e+00 1.331658901057239852e+01
2.000000000000000000e+00 1.331658901016793095e+01
2.000000000000000000e+00 1.331658900989828709e+01
2.000000000000000000e+00 1.331658900976346516e+01
2.000000000000000000e+00 1.331658643135997799e+01
2.000000000000000000e+00 1.331658643095551220e+01
2.000000000000000000e+00 1.331658643055104640e+01
2.000000000000000000e+00 1.331658643041622447e+01
2.000000000000000000e+00 1.331658643041622447e+01
2.000000000000000000e+00 1.331658643028140254e+01
2.000000000000000000e+00 1.331658643028140254e+01
2.000000000000000000e+00 1.331658643014658061e+01
2.000000000000000000e+00 1.331657423760837311e+01
2.000000000000000000e+00 1.331657423747355296e+01
2.000000000000000000e+00 1.331657423747355296e+01
2.000000000000000000e+00 1.331657423706909249e+01
2.000000000000000000e+00 1.329457591492938029e+01
2.000000000000000000e+00 1.313952263773729001e+01
2.000000000000000000e+00 1.313952263773729001e+01
2.000000000000000000e+00 1.313952263717257196e+01
2.000000000000000000e+00 1.313952263683373900e+01
2.000000000000000000e+00 1.287182425913251116e+01
2.000000000000000000e+00 1.287182425913251116e+01
2.000000000000000000e+00 1.287182425895967697e+01
2.000000000000000000e+00 1.287182425887325898e+01
2.000000000000000000e+00 1.269478143545443594e+01
2.000000000000000000e+00 1.269478143530964331e+01
2.000000000000000000e+00 1.269478143530964331e+01
2.000000000000000000e+00 1.269478143487526900e+01
2.000000000000000000e+00 1.115317109890529323e+01
2.000000000000000000e+00 1.115317109887430291e+01
2.000000000000000000e+00 1.115317109882781743e+01
2.000000000000000000e+00 1.115316815781810433e+01
2.000000000000000000e+00 9.011773299464231002e+00
2.000000000000000000e+00 8.230222965291559944e+00
2.000000000000000000e+00 8.230222965289893722e+00
2.000000000000000000e+00 8.230222965289060610e+00
2.000000000000000000e+00 8.230222965288227499e+00
2.000000000000000000e+00 8.053151495881984090e+00
2.000000000000000000e+00 8.053151495881285982e+00
2.000000000000000000e+00 8.053151495879889765e+00
2.000000000000000000e+00 8.053151495879193433e+00
2.500000000000000000e+00 2.198428726224165430e+01
2.500000000000000000e+00 2.198428647864115959e+01
2.500000000000000000e+00 2.198428647864115959e+01
2.500000000000000000e+00 2.198428491144201047e+01
2.500000000000000000e+00 2.061974305739831692e+01
2.500000000000000000e+00 2.061974245677529183e+01
2.500000000000000000e+00 2.044267964196065179e+01
2.500000000000000000e+00 2.044267947424130938e+01
2.500000000000000000e+00 2.044267913880270626e+01
2.500000000000000000e+00 2.044267913880270626e+01
2.500000000000000000e+00 2.044267561670417876e+01
2.500000000000000000e+00 2.044267544898551137e+01
2.500000000000000000e+00 2.044266320559872341e+01
2.500000000000000000e+00 2.044266287016557726e+01
2.500000000000000000e+00 2.026563111109506465e+01
2.500000000000000000e+00 2.026563097059000640e+01
2.500000000000000000e+00 1.966112031647529435e+01
2.500000000000000000e+00 1.966112031647529435e+01
2.500000000000000000e+00 1.966112023971152922e+01
2.500000000000000000e+00 1.966112016294776765e+01
2.500000000000000000e+00 1.966112008618401319e+01
2.500000000000000000e+00 1.966112000942026583e+01
2.500000000000000000e+00 1.966111033723518275e+01
2.500000000000000000e+00 1.966110979989431229e+01
2.500000000000000000e+00 1.948407042410813972e+01
2.500000000000000000e+00 1.948407003826066486e+01
2.500000000000000000e+00 1.948406740164023887e+01
2.500000000000000000e+00 1.948406740164023887e+01
2.500000000000000000e+00 1.948406733733251173e+01
2.500000000000000000e+00 1.948406727302478814e+01
2.500000000000000000e+00 1.948406720871706810e+01
2.500000000000000000e+00 1.948406720871706810e+01
2.500000000000000000e+00 1.751973184601946798e+01
2.500000000000000000e+00 1.751973182798127127e+01
2.500000000000000000e+00 1.751973181896217469e+01
2.500000000000000000e+00 1.751973180994307810e+01
2.500000000000000000e+00 1.751973179190488139e+01
2.500000000000000000e+00 1.751973177386668823e+01
2.500000000000000000e+00 1.751972994299166686e+01
2.500000000000000000e+00 1.751972992495350567e+01
2.500000000000000000e+00 1.749770668984909605e+01
2.500000000000000000e+00 1.749770666338122993e+01
2.500000000000000000e+00 1.734266617068746541e+01
2.500000000000000000e+00 1.734266616313194476e+01
2.500000000000000000e+00 1.734266214360262381e+01
2.500000000000000000e+00 1.734266213604713158e+01
2.500000000000000000e+00 1.734266212849163935e+01
2.500000000000000000e+00 1.734266212849163935e+01
2.500000000000000000e+00 1.734266211338065844e+01
2.500000000000000000e+00 1.734266207560320439e+01
2.500000000000000000e+00 1.732066973005655086e+01
2.500000000000000000e+00 1.732066969310084303e+01
2.500000000000000000e+00 1.707496217055370380e+01
2.500000000000000000e+00 1.707496214742975482e+01
2.500000000000000000e+00 1.689791469497140497e+01
2.500000000000000000e+00 1.689791469497140497e+01
2.500000000000000000e+00 1.689791469497140497e+01
2.500000000000000000e+00 1.689791468044251133e+01
2.500000000000000000e+00 1.689791467075658105e+01
2.500000000000000000e+00 1.689791467075658105e+01
2.500000000000000000e+00 1.689790437466617945e+01
2.500000000000000000e+00 1.689790434560869059e+01
2.500000000000000000e+00 1.672088098670111123e+01
2.500000000000000000e+00 1.672088095830070031e+01
2.500000000000000000e+00 1.535631228133184401e+01
2.500000000000000000e+00 1.535631228029526696e+01
2.500000000000000000e+00 1.535630738662336014e+01
2.500000000000000000e+00 1.535630738351364144e+01
2.500000000000000000e+00 1.535630738351364144e+01
2.500000000000000000e+00 1.535630738247706972e+01
2.500000000000000000e+00 1.535630552390387038e+01
2.500000000000000000e+00 1.535630551768444541e+01
2.500000000000000000e+00 1.517925841743782911e+01
2.500000000000000000e+00 1.517925841309594226e+01
2.500000000000000000e+00 1.517925841309594226e+01
2.500000000000000000e+00 1.517925840701730245e+01
2.500000000000000000e+00 1.517925458790185544e+01
2.500000000000000000e+00 1.517925458442836018e+01
2.500000000000000000e+00 1.517924954179419572e+01
2.500000000000000000e+00 1.517924953571560920e+01
2.500000000000000000e+00 1.321491896876921146e+01
2.500000000000000000e+00 1.321491896791668985e+01
2.500000000000000000e+00 1.303784836837952277e+01
2.500000000000000000e+00 1.303784836776737421e+01
2.500000000000000000e+00 1.243337293090702644e+01
2.500000000000000000e+00 1.243337293079554229e+01
2.500000000000000000e+00 1.225629710386383486e+01
2.500000000000000000e+00 1.225629710381713799e+01
2.500000000000000000e+00 1.225629710377044113e+01
2.500000000000000000e+00 1.225629710377044113e+01
2.500000000000000000e+00 1.225629710372374603e+01
2.500000000000000000e+00 1.225629710367704917e+01
2.500000000000000000e+00 1.225628212506530090e+01
2.500000000000000000e+00 1.225628212487851876e+01
2.500000000000000000e+00 1.207924099776818849e+01
2.500000000000000000e+00 1.207924099768995063e+01
2.500000000000000000e+00 1.009288334046169844e+01
2.500000000000000000e+00 1.009288334045096391e+01
2.500000000000000000e+00 7.951483878357977986e+00
2.500000000000000000e+00 7.951483878356716772e+00
3.000000000000000000e+00 2.832897591531622794e+01
3.000000000000000000e+00 2.832897591531622794e+01
3.000000000000000000e+00 2.832897591531622794e+01
3.000000000000000000e+00 2.678738408525257242e+01
3.000000000000000000e+00 2.678728857882969550e+01
3.000000000000000000e+00 2.678719308152741974e+01
3.000000000000000000e+00 2.678709759334401141e+01
3.000000000000000000e+00 2.661024946902693600e+01
3.000000000000000000e+00 2.661016946582676468e+01
3.000000000000000000e+00 2.661016946582676468e+01
3.000000000000000000e+00 2.661016946582676468e+01
3.000000000000000000e+00 2.618751953296449742e+01
3.000000000000000000e+00 2.618736227141200246e+01
3.000000000000000000e+00 2.618736227141200246e+01
3.000000000000000000e+00 2.618730985638984521e+01
3.000000000000000000e+00 2.464586945165985910e+01
3.000000000000000000e+00 2.464582457137800375e+01
3.000000000000000000e+00 2.464580213199239367e+01
3.000000000000000000e+00 2.464579091248840825e+01
3.000000000000000000e+00 2.446878652260674514e+01
3.000000000000000000e+00 2.446877712327127696e+01
3.000000000000000000e+00 2.446875832486538016e+01
3.000000000000000000e+00 2.446873952681285758e+01
3.000000000000000000e+00 2.368723156603629931e+01
3.000000000000000000e+00 2.368721435803458064e+01
3.000000000000000000e+00 2.368721005608041708e+01
3.000000000000000000e+00 2.368721005608041708e+01
3.000000000000000000e+00 2.170083833293663389e+01
3.000000000000000000e+00 2.154580688191459359e+01
3.000000000000000000e+00 2.154580587104522138e+01
3.000000000000000000e+00 2.154580587104522138e+01
3.000000000000000000e+00 2.154580536561091719e+01
3.000000000000000000e+00 2.152380005579888334e+01
3.000000000000000000e+00 2.152380005579888334e+01
3.000000000000000000e+00 2.152379956136558548e+01
3.000000000000000000e+00 2.152379708920275547e+01
3.000000000000000000e+00 2.134676947707593087e+01
3.000000000000000000e+00 2.110104513165570594e+01
3.000000000000000000e+00 2.110104513165570594e+01
3.000000000000000000e+00 2.110104415973970404e+01
3.000000000000000000e+00 2.110104383576791420e+01
3.000000000000000000e+00 2.092400908555753958e+01
3.000000000000000000e+00 2.092400827133524999e+01
3.000000000000000000e+00 2.092400827133524999e+01
3.000000000000000000e+00 2.092400799992796578e+01
3.000000000000000000e+00 1.955945263823839042e+01
3.000000000000000000e+00 1.955945014189380160e+01
3.000000000000000000e+00 1.955945000320817329e+01
3.000000000000000000e+00 1.955945000320817329e+01
3.000000000000000000e+00 1.938239560075055223e+01
3.000000000000000000e+00 1.938239560075055223e+01
3.000000000000000000e+00 1.938239554265970810e+01
3.000000000000000000e+00 1.938239362566383051e+01
3.000000000000000000e+00 1.938239356757310361e+01
3.000000000000000000e+00 1.938239345139166048e+01
3.000000000000000000e+00 1.938239345139166048e+01
3.000000000000000000e+00 1.938239333521022800e+01
3.000000000000000000e+00 1.938239054685995555e+01
3.000000000000000000e+00 1.938238874605453788e+01
3.000000000000000000e+00 1.938238868796409520e+01
3.000000000000000000e+00 1.938238845560235646e+01
3.000000000000000000e+00 1.938237741848190510e+01
3.000000000000000000e+00 1.938237724421255948e+01
3.000000000000000000e+00 1.938237718612278471e+01
3.000000000000000000e+00 1.938236394174211696e+01
3.000000000000000000e+00 1.920535605354461239e+01
3.000000000000000000e+00 1.920535201432377903e+01
3.000000000000000000e+00 1.920535201432377903e+01
3.000000000000000000e+00 1.920535191699335797e+01
3.000000000000000000e+00 1.741806597548649904e+01
3.000000000000000000e+00 1.724099288485115977e+01
3.000000000000000000e+00 1.724099287802606995e+01
3.000000000000000000e+00 1.724099286437589384e+01
3.000000000000000000e+00 1.724098354134842381e+01
3.000000000000000000e+00 1.706393323473154311e+01
3.000000000000000000e+00 1.645943884933262069e+01
3.000000000000000000e+00 1.645943883683740694e+01
3.000000000000000000e+00 1.645943883683740694e+01
3.000000000000000000e+00 1.645943882746599840e+01
3.000000000000000000e+00 1.628237757121241813e+01
3.000000000000000000e+00 1.628237756597862074e+01
3.000000000000000000e+00 1.628237756597862074e+01
3.000000000000000000e+00 1.628237756336172026e+01
3.000000000000000000e+00 1.429601924564888726e+01
3.000000000000000000e+00 1.429601841235641757e+01
3.000000000000000000e+00 1.429601841235641757e+01
3.000000000000000000e+00 1.429601841199739454e+01
3.000000000000000000e+00 1.411897386203601634e+01
3.000000000000000000e+00 1.411897386113371056e+01
3.000000000000000000e+00 1.411897386083294137e+01
3.000000000000000000e+00 1.411896772727530447e+01
3.000000000000000000e+00 1.215463113066527079e+01
3.000000000000000000e+00 1.215462582767799482e+01
3.000000000000000000e+00 1.215462582755144894e+01
3.000000000000000000e+00 1.215462582750926579e+01
3.000000000000000000e+00 1.197756383029616245e+01
3.000000000000000000e+00 1.197756383029616245e+01
3.000000000000000000e+00 1.197756383022548832e+01
3.000000000000000000e+00 1.197756060901260078e+01
3.000000000000000000e+00 6.891194886919213225e+00
3.500000000000000000e+00 3.081330409185947516e+01
3.500000000000000000e+00 3.081330402419060022e+01
3.500000000000000000e+00 2.867189663008004885e+01
3.500000000000000000e+00 2.867189662979285814e+01
3.500000000000000000e+00 2.572692497261862954e+01
3.500000000000000000e+00 2.572692497248410959e+01
3.500000000000000000e+00 2.554989803182461827e+01
3.500000000000000000e+00 2.554989803159432071e+01
3.500000000000000000e+00 2.512713844512426320e+01
3.500000000000000000e+00 2.512713844512014560e+01
3.500000000000000000e+00 2.358552859987760186e+01
3.500000000000000000e+00 2.358552859987575445e+01
3.500000000000000000e+00 2.358552859987355887e+01
3.500000000000000000e+00 2.358552859985911709e+01
3.500000000000000000e+00 2.358552319164945388e+01
3.500000000000000000e+00 2.358552319164504141e+01
3.500000000000000000e+00 2.358552022412997218e+01
3.500000000000000000e+00 2.358552022412397164e+01
3.500000000000000000e+00 2.340848613000454392e+01
3.500000000000000000e+00 2.340848612998528822e+01
3.500000000000000000e+00 2.340847962955546180e+01
3.500000000000000000e+00 2.340847962955320227e+01
3.500000000000000000e+00 2.340847962955312056e+01
3.500000000000000000e+00 2.340847962953929695e+01
3.500000000000000000e+00 2.340847803484068379e+01
3.500000000000000000e+00 2.340847803483641343e+01
3.500000000000000000e+00 2.144413471499818513e+01
3.500000000000000000e+00 2.144413471499440149e+01
3.500000000000000000e+00 2.126707127520887042e+01
3.500000000000000000e+00 2.126707127520387175e+01
3.500000000000000000e+00 2.048551815665209475e+01
3.500000000000000000e+00 2.048551815665209119e+01
3.500000000000000000e+00 1.849915684296361107e+01
3.500000000000000000e+00 1.849915684296345475e+01
3.500000000000000000e+00 1.832210791081017831e+01
3.500000000000000000e+00 1.832210791081013568e+01
3.500000000000000000e+00 1.832210791081012857e+01
3.500000000000000000e+00 1.832210791080999357e+01
3.500000000000000000e+00 1.832210530540285376e+01
3.500000000000000000e+00 1.832210530540274007e+01
3.500000000000000000e+00 1.832209365847771565e+01
3.500000000000000000e+00 1.832209365847763394e+01
3.500000000000000000e+00 1.814507118665505203e+01
3.500000000000000000e+00 1.814507118665481400e+01
3.500000000000000000e+00 1.635777392777549721e+01
3.500000000000000000e+00 1.635777392777547590e+01
3.500000000000000000e+00 1.618070663938161502e+01
3.500000000000000000e+00 1.618070663938160791e+01
3.500000000000000000e+00 1.618070461558238549e+01
3.500000000000000000e+00 1.618070461558238549e+01
3.500000000000000000e+00 1.618070461558238549e+01
3.500000000000000000e+00 1.618070461558237838e+01
3.500000000000000000e+00 1.618069036223272406e+01
3.500000000000000000e+00 1.618069036223268853e+01
3.500000000000000000e+00 1.600365466569591888e+01
3.500000000000000000e+00 1.600365466569587269e+01
3.500000000000000000e+00 1.109433554772073016e+01
3.500000000000000000e+00 1.109433554772072661e+01
3.500000000000000000e+00 1.091727840114087833e+01
3.500000000000000000e+00 1.091727840114087833e+01
4.000000000000000000e+00 2.975302232297306304e+01
4.000000000000000000e+00 2.761161353200900948e+01
4.000000000000000000e+00 2.761161353200645507e+01
4.000000000000000000e+00 2.761161353199065616e+01
4.000000000000000000e+00 2.761161059092369996e+01
4.000000000000000000e+00 2.547021175782857583e+01
4.000000000000000000e+00 2.252523919852325918e+01
4.000000000000000000e+00 2.252523919852323786e+01
4.000000000000000000e+00 2.252523919852270140e+01
4.000000000000000000e+00 2.252523213978778571e+01
4.000000000000000000e+00 2.234820042089508974e+01
4.000000000000000000e+00 2.234819903065435298e+01
4.000000000000000000e+00 2.234819903065431745e+01
4.000000000000000000e+00 2.234819903065420021e+01
4.000000000000000000e+00 2.038384470572288620e+01
4.000000000000000000e+00 2.038384470572288265e+01
4.000000000000000000e+00 2.038384470572286489e+01
4.000000000000000000e+00 2.038384146424301591e+01
4.000000000000000000e+00 2.020679245542920910e+01
4.000000000000000000e+00 2.020678693296773076e+01
4.000000000000000000e+00 2.020678693296770945e+01
4.000000000000000000e+00 2.020678693296769879e+01
4.000000000000000000e+00 1.529747946757094823e+01
4.000000000000000000e+00 1.512041782895525976e+01
4.000000000000000000e+00 1.512041782895525976e+01
4.000000000000000000e+00 1.512041782895525976e+01
4.000000000000000000e+00 1.512040517479733559e+01
4.000000000000000000e+00 1.494337292024115449e+01
4.500000000000000000e+00 2.655132912735619044e+01
4.500000000000000000e+00 2.655132912735603412e+01
4.500000000000000000e+00 2.440992583212828748e+01
4.500000000000000000e+00 2.440992583212826617e+01
4.500000000000000000e+00 1.932355411338366480e+01
4.500000000000000000e+00 1.932355411338366125e+01
4.500000000000000000e+00 1.914650514306439533e+01
4.500000000000000000e+00 1.914650514306438822e+01
5.000000000000000000e+00 2.334964023649698106e+01
