-5.000000000000000000e+00 3.760571254933778107e+01
-4.500000000000000000e+00 4.338993165130629137e+01
-4.500000000000000000e+00 4.338993165116875161e+01
-4.500000000000000000e+00 4.247291137632522151e+01
-4.500000000000000000e+00 4.247291137627358637e+01
-4.500000000000000000e+00 3.176647626187097373e+01
-4.500000000000000000e+00 3.176647626186927909e+01
-4.500000000000000000e+00 2.999788466611209969e+01
-4.500000000000000000e+00 2.999788466611037663e+01
-4.000000000000000000e+00 4.923123616532194546e+01
-4.000000000000000000e+00 4.830908486483436093e+01
-4.000000000000000000e+00 4.830856279933465203e+01
-4.000000000000000000e+00 4.830855224752194488e+01
-4.000000000000000000e+00 4.830855224423716265e+01
-4.000000000000000000e+00 4.738334944960587336e+01
-4.000000000000000000e+00 3.761252629998330832e+01
-4.000000000000000000e+00 3.761252629996341312e+01
-4.000000000000000000e+00 3.761252629971840378e+01
-4.000000000000000000e+00 3.737267850206505670e+01
-4.000000000000000000e+00 3.665459194439362278e+01
-4.000000000000000000e+00 3.653500003287648923e+01
-4.000000000000000000e+00 3.653500003286479370e+01
-4.000000000000000000e+00 3.653500003276548114e+01
-4.000000000000000000e+00 3.577759330928619619e+01
-4.000000000000000000e+00 3.565393917034169391e+01
-4.000000000000000000e+00 3.565393917032874782e+01
-4.000000000000000000e+00 3.565393917028800530e+01
-4.000000000000000000e+00 3.492594126393426990e+01
-4.000000000000000000e+00 3.492594126392294385e+01
-4.000000000000000000e+00 3.492594126392118881e+01
-4.000000000000000000e+00 3.471822849247548248e+01
-4.000000000000000000e+00 2.598702037612729043e+01
-4.000000000000000000e+00 2.421361269871993827e+01
-4.000000000000000000e+00 2.421137755938404723e+01
-4.000000000000000000e+00 2.421137755938404013e+01
-4.000000000000000000e+00 2.421137755938400815e+01
-4.000000000000000000e+00 2.243146877280442553e+01
-3.500000000000000000e+00 5.425209833768065693e+01
-3.500000000000000000e+00 5.403068280216785979e+01
-3.500000000000000000e+00 5.341195094577027191e+01
-3.500000000000000000e+00 5.331620975144637953e+01
-3.500000000000000000e+00 4.346654565052752162e+01
-3.500000000000000000e+00 4.346652461617757268e+01
-3.500000000000000000e+00 4.261478178417335272e+01
-3.500000000000000000e+00 4.261478074775317282e+01
-3.500000000000000000e+00 4.241789896501016699e+01
-3.500000000000000000e+00 4.241789830821473117e+01
-3.500000000000000000e+00 4.241789431763297813e+01
-3.500000000000000000e+00 4.241789301825942715e+01
-3.500000000000000000e+00 4.238393695058369559e+01
-3.500000000000000000e+00 4.238393694898081776e+01
-3.500000000000000000e+00 4.211743705536845539e+01
-3.500000000000000000e+00 4.211743396629325531e+01
-3.500000000000000000e+00 4.136499688332263958e+01
-3.500000000000000000e+00 4.136499559629972822e+01
-3.500000000000000000e+00 4.120190342847027409e+01
-3.500000000000000000e+00 4.120190065550699643e+01
-3.500000000000000000e+00 4.085069621393434858e+01
-3.500000000000000000e+00 4.085069610482382529e+01
-3.500000000000000000e+00 4.064930464185824377e+01
-3.500000000000000000e+00 4.064930294936836930e+01
-3.500000000000000000e+00 4.064930262052954646e+01
-3.500000000000000000e+00 4.064930170669781262e+01
-3.500000000000000000e+00 4.018413290230729018e+01
-3.500000000000000000e+00 4.018413256359283281e+01
-3.500000000000000000e+00 3.984520828421861438e+01
-3.500000000000000000e+00 3.984520770245567434e+01
-3.500000000000000000e+00 3.215027050964898336e+01
-3.500000000000000000e+00 3.215027050964528144e+01
-3.500000000000000000e+00 3.170329890370824089e+01
-3.500000000000000000e+00 3.170329890370179982e+01
-3.500000000000000000e+00 3.081527643585627629e+01
-3.500000000000000000e+00 3.081527643585332399e+01
-3.500000000000000000e+00 2.995736767798854672e+01
-3.500000000000000000e+00 2.995736767797765410e+01
-3.500000000000000000e+00 2.994286748061284698e+01
-3.500000000000000000e+00 2.994286748061229275e+01
-3.500000000000000000e+00 2.994286748061206893e+01
-3.500000000000000000e+00 2.994286748061173853e+01
-3.500000000000000000e+00 2.994038530967988621e+01
-3.500000000000000000e+00 2.994038530967064204e+01
-3.500000000000000000e+00 2.904602419915794442e+01
-3.500000000000000000e+00 2.904602419915689637e+01
-3.500000000000000000e+00 2.902584720563305964e+01
-3.500000000000000000e+00 2.902584720563178777e+01
-3.500000000000000000e+00 2.902584720563148579e+01
-3.500000000000000000e+00 2.902584720563121934e+01
-3.500000000000000000e+00 2.901258999785311232e+01
-3.500000000000000000e+00 2.901258999785182979e+01
-3.500000000000000000e+00 2.816022881633254826e+01
-3.500000000000000000e+00 2.816022881631104724e+01
-3.500000000000000000e+00 2.725731266549044918e+01
-3.500000000000000000e+00 2.725731266548535814e+01
-3.500000000000000000e+00 1.842602110325934817e+01
-3.500000000000000000e+00 1.842602110325933396e+01
-3.500000000000000000e+00 1.664740717218439059e+01
-3.500000000000000000e+00 1.664740717218437638e+01
-3.000000000000000000e+00 nan
-3.000000000000000000e+00 nan
-3.000000000000000000e+00 nan
-3.000000000000000000e+00 nan
-3.000000000000000000e+00 nan
-3.000000000000000000e+00 nan
-3.000000000000000000e+00 nan
-3.000000000000000000e+00 nan
-3.000000000000000000e+00 nan
-3.000000000000000000e+00 nan
-3.000000000000000000e+00 nan
-3.000000000000000000e+00 nan
-3.000000000000000000e+00 nan
-3.000000000000000000e+00 nan
-3.000000000000000000e+00 nan
-3.000000000000000000e+00 nan
-3.000000000000000000e+00 inf
-3.000000000000000000e+00 inf
-3.000000000000000000e+00 inf
-3.000000000000000000e+00 inf
-3.000000000000000000e+00 inf
-3.000000000000000000e+00 inf
-3.000000000000000000e+00 inf
-3.000000000000000000e+00 inf
-3.000000000000000000e+00 inf
-3.000000000000000000e+00 inf
-3.000000000000000000e+00 inf
-3.000000000000000000e+00 inf
-3.000000000000000000e+00 inf
-3.000000000000000000e+00 inf
-3.000000000000000000e+00 inf
-3.000000000000000000e+00 3.604365338911715355e+01
-3.000000000000000000e+00 3.604365338911715355e+01
-3.000000000000000000e+00 3.604365338911715355e+01
-3.000000000000000000e+00 3.604365338911715355e+01
-3.000000000000000000e+00 3.604365338911715355e+01
-3.000000000000000000e+00 3.604365338911715355e+01
-3.000000000000000000e+00 3.604365338911715355e+01
-3.000000000000000000e+00 3.604365338911715355e+01
-3.000000000000000000e+00 3.535050620855721348e+01
-3.000000000000000000e+00 3.535050620855721348e+01
-3.000000000000000000e+00 3.535050620855721348e+01
-3.000000000000000000e+00 3.535050620855721348e+01
-3.000000000000000000e+00 3.535050620855721348e+01
-3.000000000000000000e+00 3.535050620855721348e+01
-3.000000000000000000e+00 3.535050620855721348e+01
-3.000000000000000000e+00 3.494504110044904621e+01
-3.000000000000000000e+00 3.494504110044904621e+01
-3.000000000000000000e+00 3.494504110044904621e+01
-3.000000000000000000e+00 3.494504110044904621e+01
-3.000000000000000000e+00 3.494504110044904621e+01
-3.000000000000000000e+00 3.494504110044904621e+01
-3.000000000000000000e+00 3.494504110044904621e+01
-3.000000000000000000e+00 3.465735902799726631e+01
-3.000000000000000000e+00 3.465735902799726631e+01
-3.000000000000000000e+00 3.465735902799726631e+01
-3.000000000000000000e+00 3.465735902799726631e+01
-3.000000000000000000e+00 3.465735902799726631e+01
-3.000000000000000000e+00 3.465735902799726631e+01
-3.000000000000000000e+00 3.443421547668305749e+01
-3.000000000000000000e+00 3.443421547668305749e+01
-3.000000000000000000e+00 3.443421547668305749e+01
-3.000000000000000000e+00 3.443421547668305749e+01
-3.000000000000000000e+00 3.425189391988909904e+01
-3.000000000000000000e+00 3.425189391988909904e+01
-3.000000000000000000e+00 3.384642881178093887e+01
-3.000000000000000000e+00 3.384642881178093887e+01
-3.000000000000000000e+00 3.384642881178093887e+01
-3.000000000000000000e+00 3.374106829612311031e+01
-3.000000000000000000e+00 3.364575811631878821e+01
-3.000000000000000000e+00 3.304792111556316314e+01
-3.000000000000000000e+00 3.299913095139373098e+01
-3.000000000000000000e+00 3.295261093575884104e+01
-3.000000000000000000e+00 3.246013445066104453e+01
-3.000000000000000000e+00 3.230598377083379091e+01
-3.000000000000000000e+00 2.637014519890452036e+01
-3.000000000000000000e+00 2.637008227218266754e+01
-3.000000000000000000e+00 2.637001934942033543e+01
-3.000000000000000000e+00 2.637001934942033543e+01
-3.000000000000000000e+00 2.459409379976874632e+01
-3.000000000000000000e+00 2.459409379976874632e+01
-3.000000000000000000e+00 2.459407249166421039e+01
-3.000000000000000000e+00 2.459405118401369705e+01
-3.000000000000000000e+00 2.415795819887690499e+01
-3.000000000000000000e+00 2.415793753437541724e+01
-3.000000000000000000e+00 2.415792375827832572e+01
-3.000000000000000000e+00 2.415779289482038195e+01
-3.000000000000000000e+00 2.324905823837065455e+01
-3.000000000000000000e+00 2.324593763544137914e+01
-3.000000000000000000e+00 2.324593210128456278e+01
-3.000000000000000000e+00 2.324593210128456278e+01
-3.000000000000000000e+00 2.237822645932492094e+01
-3.000000000000000000e+00 2.237788839443531685e+01
-3.000000000000000000e+00 2.237788723289732573e+01
-3.000000000000000000e+00 2.237788607136068109e+01
-3.000000000000000000e+00 2.147042962983348247e+01
-3.000000000000000000e+00 2.147042916109648303e+01
-3.000000000000000000e+00 2.147042869235970386e+01
-3.000000000000000000e+00 2.146972864486470911e+01
-3.000000000000000000e+00 1.086240694499134030e+01
-2.500000000000000000e+00 3.604365338911715355e+01
-2.500000000000000000e+00 3.604365338911715355e+01
-2.500000000000000000e+00 3.604365338911715355e+01
-2.500000000000000000e+00 3.604365338911715355e+01
-2.500000000000000000e+00 3.604365338911715355e+01
-2.500000000000000000e+00 3.604365338911715355e+01
-2.500000000000000000e+00 3.604365338911715355e+01
-2.500000000000000000e+00 3.604365338911715355e+01
-2.500000000000000000e+00 3.604365338911715355e+01
-2.500000000000000000e+00 3.604365338911715355e+01
-2.500000000000000000e+00 3.604365338911715355e+01
-2.500000000000000000e+00 3.604365338911715355e+01
-2.500000000000000000e+00 3.535050620855721348e+01
-2.500000000000000000e+00 3.535050620855721348e+01
-2.500000000000000000e+00 3.535050620855721348e+01
-2.500000000000000000e+00 3.494504110044904621e+01
-2.500000000000000000e+00 3.213163038368900715e+01
-2.500000000000000000e+00 3.211182775639282738e+01
-2.500000000000000000e+00 3.211182775639282738e+01
-2.500000000000000000e+00 3.211182775639282738e+01
-2.500000000000000000e+00 3.209240967053573002e+01
-2.500000000000000000e+00 3.209240967053573002e+01
-2.500000000000000000e+00 3.207336147556503647e+01
-2.500000000000000000e+00 3.205466934255288436e+01
-2.500000000000000000e+00 3.120737148216567647e+01
-2.500000000000000000e+00 3.120737148216567647e+01
-2.500000000000000000e+00 3.120737148216567647e+01
-2.500000000000000000e+00 3.119946630265856413e+01
-2.500000000000000000e+00 3.119946630265856413e+01
-2.500000000000000000e+00 3.119162312519753755e+01
-2.500000000000000000e+00 3.118384098475548427e+01
-2.500000000000000000e+00 3.117611893866157402e+01
-2.500000000000000000e+00 3.071577722032757407e+01
-2.500000000000000000e+00 3.070611530941583922e+01
-2.500000000000000000e+00 3.033654312436827993e+01
-2.500000000000000000e+00 3.033322637174228475e+01
-2.500000000000000000e+00 3.032992058360778742e+01
-2.500000000000000000e+00 3.032992058360778742e+01
-2.500000000000000000e+00 3.032662568771093348e+01
-2.500000000000000000e+00 3.032334161250974347e+01
-2.500000000000000000e+00 3.032334161250974347e+01
-2.500000000000000000e+00 3.031680564152996027e+01
-2.500000000000000000e+00 2.988879529510073851e+01
-2.500000000000000000e+00 2.988455800062522272e+01
-2.500000000000000000e+00 2.943565276382106788e+01
-2.500000000000000000e+00 2.943295734439939793e+01
-2.500000000000000000e+00 2.940377755529062043e+01
-2.500000000000000000e+00 2.940247121937656516e+01
-2.500000000000000000e+00 2.940247121937656516e+01
-2.500000000000000000e+00 2.940116658774989844e+01
-2.500000000000000000e+00 2.939726287426942619e+01
-2.500000000000000000e+00 2.939596501555382702e+01
-2.500000000000000000e+00 2.899093233988483220e+01
-2.500000000000000000e+00 2.899093233988483220e+01
-2.500000000000000000e+00 2.897292928185687799e+01
-2.500000000000000000e+00 2.897208002490562251e+01
-2.500000000000000000e+00 2.897208002490562251e+01
-2.500000000000000000e+00 2.896953657291979312e+01
-2.500000000000000000e+00 2.896110481976185724e+01
-2.500000000000000000e+00 2.895942696701924035e+01
-2.500000000000000000e+00 2.894362622248789663e+01
-2.500000000000000000e+00 2.894115403334250658e+01
-2.500000000000000000e+00 2.894115403334250658e+01
-2.500000000000000000e+00 2.893950929612962852e+01
-2.500000000000000000e+00 2.893786725963588324e+01
-2.500000000000000000e+00 2.893704725138985268e+01
-2.500000000000000000e+00 2.893704725138985268e+01
-2.500000000000000000e+00 2.893704725138985268e+01
-2.500000000000000000e+00 2.810770828576345437e+01
-2.500000000000000000e+00 2.810735069591519775e+01
-2.500000000000000000e+00 2.807394980583850241e+01
-2.500000000000000000e+00 2.807325848192572693e+01
-2.500000000000000000e+00 2.721267187816465949e+01
-2.500000000000000000e+00 2.721237965139460613e+01
-2.500000000000000000e+00 2.720263907863326480e+01
-2.500000000000000000e+00 2.720220514501829712e+01
-2.500000000000000000e+00 2.720220514501829712e+01
-2.500000000000000000e+00 2.720220514501829712e+01
-2.500000000000000000e+00 2.719715645055831743e+01
-2.500000000000000000e+00 2.719701257601667166e+01
-2.500000000000000000e+00 2.715600069879156919e+01
-2.500000000000000000e+00 2.715600069879156919e+01
-2.500000000000000000e+00 2.627713169165418705e+01
-2.500000000000000000e+00 2.627713169165418705e+01
-2.500000000000000000e+00 2.058754603806244177e+01
-2.500000000000000000e+00 2.058754603806244177e+01
-2.500000000000000000e+00 1.880813367240164524e+01
-2.500000000000000000e+00 1.880813367240164524e+01
-2.500000000000000000e+00 1.880813363968950824e+01
-2.500000000000000000e+00 1.880813363968950824e+01
-2.500000000000000000e+00 1.880813363968950824e+01
-2.500000000000000000e+00 1.880813360697737480e+01
-2.500000000000000000e+00 1.880770736060133785e+01
-2.500000000000000000e+00 1.880770729520495621e+01
-2.500000000000000000e+00 1.702958250631002812e+01
-2.500000000000000000e+00 1.702958248973649091e+01
-2.500000000000000000e+00 1.659347929843017866e+01
-2.500000000000000000e+00 1.659347928771454050e+01
-2.500000000000000000e+00 1.568430275363098048e+01
-2.500000000000000000e+00 1.568430275363098048e+01
-2.000000000000000000e+00 3.374106829612311031e+01
-2.000000000000000000e+00 3.374106829612311031e+01
-2.000000000000000000e+00 3.374106829612311031e+01
-2.000000000000000000e+00 3.374106829612311031e+01
-2.000000000000000000e+00 3.374106829612311031e+01
-2.000000000000000000e+00 3.374106829612311031e+01
-2.000000000000000000e+00 3.364575811631878821e+01
-2.000000000000000000e+00 3.364575811631878821e+01
-2.000000000000000000e+00 3.364575811631878821e+01
-2.000000000000000000e+00 3.355874673932915897e+01
-2.000000000000000000e+00 3.355874673932915897e+01
-2.000000000000000000e+00 3.355874673932915897e+01
-2.000000000000000000e+00 3.347870403165561726e+01
-2.000000000000000000e+00 3.299913095139373098e+01
-2.000000000000000000e+00 3.290815917318800388e+01
-2.000000000000000000e+00 3.290815917318800388e+01
-2.000000000000000000e+00 3.290815917318800388e+01
-2.000000000000000000e+00 3.286559955876921180e+01
-2.000000000000000000e+00 3.286559955876921180e+01
-2.000000000000000000e+00 3.286559955876921180e+01
-2.000000000000000000e+00 3.286559955876921180e+01
-2.000000000000000000e+00 3.213163038368900715e+01
-2.000000000000000000e+00 3.211182775639282738e+01
-2.000000000000000000e+00 3.211182775639282738e+01
-2.000000000000000000e+00 3.196611594521143829e+01
-2.000000000000000000e+00 3.196611594521143829e+01
-2.000000000000000000e+00 3.194930882689505580e+01
-2.000000000000000000e+00 3.194930882689505580e+01
-2.000000000000000000e+00 3.190051866272562364e+01
-2.000000000000000000e+00 2.675302418591217091e+01
-2.000000000000000000e+00 2.631368623742191559e+01
-2.000000000000000000e+00 2.631362676494278574e+01
-2.000000000000000000e+00 2.631344836872431259e+01
-2.000000000000000000e+00 2.631332945559021752e+01
-2.000000000000000000e+00 2.541322127643779183e+01
-2.000000000000000000e+00 2.541314877151346607e+01
-2.000000000000000000e+00 2.541312460437352527e+01
-2.000000000000000000e+00 2.541307627184572482e+01
-2.000000000000000000e+00 2.454381316369558164e+01
-2.000000000000000000e+00 2.454377263766773609e+01
-2.000000000000000000e+00 2.454376250641738721e+01
-2.000000000000000000e+00 2.454375237526967979e+01
-2.000000000000000000e+00 2.453975857803263239e+01
-2.000000000000000000e+00 2.453974848736801206e+01
-2.000000000000000000e+00 2.453974848736801206e+01
-2.000000000000000000e+00 2.453974848736801206e+01
-2.000000000000000000e+00 2.453973839680520896e+01
-2.000000000000000000e+00 2.453972830634422664e+01
-2.000000000000000000e+00 2.453970812572770654e+01
-2.000000000000000000e+00 2.453970812572770654e+01
-2.000000000000000000e+00 2.453906256093698701e+01
-2.000000000000000000e+00 2.453906256093698701e+01
-2.000000000000000000e+00 2.453906256093698701e+01
-2.000000000000000000e+00 2.453904239375101426e+01
-2.000000000000000000e+00 2.363148162688203158e+01
-2.000000000000000000e+00 2.363147348939098080e+01
-2.000000000000000000e+00 2.363146535196615261e+01
-2.000000000000000000e+00 2.363144907731513911e+01
-2.000000000000000000e+00 2.362878361177970987e+01
-2.000000000000000000e+00 2.362878361177970987e+01
-2.000000000000000000e+00 2.362878361177970987e+01
-2.000000000000000000e+00 2.362877955398865026e+01
-2.000000000000000000e+00 2.362877955398865026e+01
-2.000000000000000000e+00 2.362877955398865026e+01
-2.000000000000000000e+00 2.362877955398865026e+01
-2.000000000000000000e+00 2.362877955398865026e+01
-2.000000000000000000e+00 2.362346179174748428e+01
-2.000000000000000000e+00 2.362345775549385607e+01
-2.000000000000000000e+00 2.362344564683071368e+01
-2.000000000000000000e+00 2.362344564683071368e+01
-2.000000000000000000e+00 2.315183589279379817e+01
-2.000000000000000000e+00 2.315182833709888399e+01
-2.000000000000000000e+00 2.315182330000065392e+01
-2.000000000000000000e+00 2.315182330000065392e+01
-2.000000000000000000e+00 2.275928511430691259e+01
-2.000000000000000000e+00 2.275928171256454036e+01
-2.000000000000000000e+00 2.275928171256454036e+01
-2.000000000000000000e+00 2.275927660997268021e+01
-2.000000000000000000e+00 2.232416156192016388e+01
-2.000000000000000000e+00 2.185373367211816031e+01
-2.000000000000000000e+00 2.185373298442291912e+01
-2.000000000000000000e+00 2.185373229672815043e+01
-2.000000000000000000e+00 2.185372954595380790e+01
-2.000000000000000000e+00 2.141629836632254325e+01
-2.000000000000000000e+00 2.141573237769512517e+01
-2.000000000000000000e+00 2.141573193390817309e+01
-2.000000000000000000e+00 2.141573060254850702e+01
-2.000000000000000000e+00 2.137303540212835173e+01
-2.000000000000000000e+00 2.137303455165370281e+01
-2.000000000000000000e+00 2.137303412641664835e+01
-2.000000000000000000e+00 2.137303285070657211e+01
-2.000000000000000000e+00 2.050469931971241877e+01
-2.000000000000000000e+00 1.302299410336977381e+01
-2.000000000000000000e+00 1.302299410316873285e+01
-2.000000000000000000e+00 1.302299410316873285e+01
-2.000000000000000000e+00 1.302299410306821237e+01
-2.000000000000000000e+00 1.124456220308022480e+01
-2.000000000000000000e+00 1.124456220304626974e+01
-2.000000000000000000e+00 1.124456220304626974e+01
-2.000000000000000000e+00 1.124456220297835607e+01
-1.500000000000000000e+00 2.931741998675840932e+01
-1.500000000000000000e+00 2.931622166426630116e+01
-1.500000000000000000e+00 2.930431676175998135e+01
-1.500000000000000000e+00 2.929841703963279542e+01
-1.500000000000000000e+00 2.888591790486724875e+01
-1.500000000000000000e+00 2.888591790486724875e+01
-1.500000000000000000e+00 2.888513939178783474e+01
-1.500000000000000000e+00 2.888513939178783474e+01
-1.500000000000000000e+00 2.888436148431959083e+01
-1.500000000000000000e+00 2.888358418152103013e+01
-1.500000000000000000e+00 2.888358418152103013e+01
-1.500000000000000000e+00 2.888280748245285778e+01
-1.500000000000000000e+00 2.848045279675908503e+01
-1.500000000000000000e+00 2.847734237434469406e+01
-1.500000000000000000e+00 2.846295363689259261e+01
-1.500000000000000000e+00 2.845989708841004528e+01
-1.500000000000000000e+00 2.845179167422722344e+01
-1.500000000000000000e+00 2.845027919599586497e+01
-1.500000000000000000e+00 2.845027919599586497e+01
-1.500000000000000000e+00 2.845027919599586497e+01
-1.500000000000000000e+00 2.844977554451203972e+01
-1.500000000000000000e+00 2.844927214656533820e+01
-1.500000000000000000e+00 2.797556376283891311e+01
-1.500000000000000000e+00 2.797462406034219740e+01
-1.500000000000000000e+00 2.796962717299309631e+01
-1.500000000000000000e+00 2.796869303000129747e+01
-1.500000000000000000e+00 2.796869303000129747e+01
-1.500000000000000000e+00 2.796807075244543483e+01
-1.500000000000000000e+00 2.796807075244543483e+01
-1.500000000000000000e+00 2.796744886187812895e+01
-1.500000000000000000e+00 2.760984180663997023e+01
-1.500000000000000000e+00 2.760897261927538437e+01
-1.500000000000000000e+00 2.758493712745989512e+01
-1.500000000000000000e+00 2.758472510583289505e+01
-1.500000000000000000e+00 2.758451312914953490e+01
-1.500000000000000000e+00 2.758451312914953490e+01
-1.500000000000000000e+00 2.758408931053755353e+01
-1.500000000000000000e+00 2.758387746857086853e+01
-1.500000000000000000e+00 2.714733906493235693e+01
-1.500000000000000000e+00 2.714706531732593930e+01
-1.500000000000000000e+00 2.710367921182752227e+01
-1.500000000000000000e+00 2.710315517146442232e+01
-1.500000000000000000e+00 2.710302420427151660e+01
-1.500000000000000000e+00 2.710289325422877127e+01
-1.500000000000000000e+00 2.710263140557579575e+01
-1.500000000000000000e+00 2.710263140557579575e+01
-1.500000000000000000e+00 2.710250050695659141e+01
-1.500000000000000000e+00 2.710236962546958850e+01
-1.500000000000000000e+00 2.664782979700943955e+01
-1.500000000000000000e+00 2.664758061722493565e+01
-1.500000000000000000e+00 2.623047354961256161e+01
-1.500000000000000000e+00 2.622998114090339072e+01
-1.500000000000000000e+00 2.619747720329414165e+01
-1.500000000000000000e+00 2.619737131035180866e+01
-1.500000000000000000e+00 2.619737131035180866e+01
-1.500000000000000000e+00 2.619731836808533743e+01
-1.500000000000000000e+00 2.619731836808533743e+01
-1.500000000000000000e+00 2.619726542862160201e+01
-1.500000000000000000e+00 2.619573140203073791e+01
-1.500000000000000000e+00 2.619562569378539507e+01
-1.500000000000000000e+00 2.096946453561006507e+01
-1.500000000000000000e+00 2.096946396755186370e+01
-1.500000000000000000e+00 1.919008567697791889e+01
-1.500000000000000000e+00 1.919008543733836802e+01
-1.500000000000000000e+00 1.875411942725521541e+01
-1.500000000000000000e+00 1.875411942725521541e+01
-1.500000000000000000e+00 1.875411942725521541e+01
-1.500000000000000000e+00 1.875411939626313185e+01
-1.500000000000000000e+00 1.875411939626313185e+01
-1.500000000000000000e+00 1.875411939626313185e+01
-1.500000000000000000e+00 1.875403132063679124e+01
-1.500000000000000000e+00 1.875403125865808462e+01
-1.500000000000000000e+00 1.784570096394995886e+01
-1.500000000000000000e+00 1.784570093896033782e+01
-1.500000000000000000e+00 1.784570093896033782e+01
-1.500000000000000000e+00 1.784570092646552908e+01
-1.500000000000000000e+00 1.784570092646552908e+01
-1.500000000000000000e+00 1.784570091397072034e+01
-1.500000000000000000e+00 1.784442794113437358e+01
-1.500000000000000000e+00 1.784442791617654223e+01
-1.500000000000000000e+00 1.697625106755389979e+01
-1.500000000000000000e+00 1.697625106755389979e+01
-1.500000000000000000e+00 1.697562028754125407e+01
-1.500000000000000000e+00 1.697562027707265742e+01
-1.500000000000000000e+00 1.697562027183835909e+01
-1.500000000000000000e+00 1.697562027183835909e+01
-1.500000000000000000e+00 1.697562025613546410e+01
-1.500000000000000000e+00 1.697562025613546410e+01
-1.500000000000000000e+00 1.606644417659506985e+01
-1.500000000000000000e+00 1.606644417237773226e+01
-1.500000000000000000e+00 1.606623652384736900e+01
-1.500000000000000000e+00 1.606623651963090893e+01
-1.500000000000000000e+00 1.606623651963090893e+01
-1.500000000000000000e+00 1.606623651963090893e+01
-1.500000000000000000e+00 1.606623651752267889e+01
-1.500000000000000000e+00 1.606623651541444886e+01
-1.500000000000000000e+00 1.558826044048509729e+01
-1.500000000000000000e+00 1.558826043917791537e+01
-1.500000000000000000e+00 5.459335717857489279e+00
-1.500000000000000000e+00 5.459335717857307202e+00
-1.000000000000000000e+00 2.530978163771599654e+01
-1.000000000000000000e+00 2.530973805048704861e+01
-1.000000000000000000e+00 2.492308926287811488e+01
-1.000000000000000000e+00 2.492307445826203605e+01
-1.000000000000000000e+00 2.492305965386512767e+01
-1.000000000000000000e+00 2.491909995482891560e+01
-1.000000000000000000e+00 2.448654837253517869e+01
-1.000000000000000000e+00 2.448653880475944788e+01
-1.000000000000000000e+00 2.448651010198149436e+01
-1.000000000000000000e+00 2.448648140002736895e+01
-1.000000000000000000e+00 2.401438355669917257e+01
-1.000000000000000000e+00 2.400914041773690499e+01
-1.000000000000000000e+00 2.400912261057071007e+01
-1.000000000000000000e+00 2.400911073930273787e+01
-1.000000000000000000e+00 2.357776202396372156e+01
-1.000000000000000000e+00 2.357775816801428093e+01
-1.000000000000000000e+00 2.357775816801428093e+01
-1.000000000000000000e+00 2.357774274436519946e+01
-1.000000000000000000e+00 2.357445138726153999e+01
-1.000000000000000000e+00 2.357444754405661413e+01
-1.000000000000000000e+00 2.357444370086646046e+01
-1.000000000000000000e+00 2.357444370086646046e+01
-1.000000000000000000e+00 2.357443985769107186e+01
-1.000000000000000000e+00 2.357443985769107186e+01
-1.000000000000000000e+00 2.357443985769107186e+01
-1.000000000000000000e+00 2.357443601453045900e+01
-1.000000000000000000e+00 2.357184524504335599e+01
-1.000000000000000000e+00 2.357184524504335599e+01
-1.000000000000000000e+00 2.357183757865395535e+01
-1.000000000000000000e+00 2.357183374548129606e+01
-1.000000000000000000e+00 2.353640265346743021e+01
-1.000000000000000000e+00 2.353638045533429235e+01
-1.000000000000000000e+00 2.353638045533429235e+01
-1.000000000000000000e+00 2.353416312674914224e+01
-1.000000000000000000e+00 2.353416312674914224e+01
-1.000000000000000000e+00 2.353415943530240995e+01
-1.000000000000000000e+00 2.353415943530240995e+01
-1.000000000000000000e+00 2.353415574386930231e+01
-1.000000000000000000e+00 2.353415574386930231e+01
-1.000000000000000000e+00 2.353415574386930231e+01
-1.000000000000000000e+00 2.353415205244982289e+01
-1.000000000000000000e+00 2.353414097827314322e+01
-1.000000000000000000e+00 2.353363538817046319e+01
-1.000000000000000000e+00 2.353363169867132854e+01
-1.000000000000000000e+00 2.353362800918581144e+01
-1.000000000000000000e+00 2.352963291580524796e+01
-1.000000000000000000e+00 2.270597703951380453e+01
-1.000000000000000000e+00 2.270597220179118025e+01
-1.000000000000000000e+00 2.270597220179118025e+01
-1.000000000000000000e+00 2.270596252641613688e+01
-1.000000000000000000e+00 2.267049238361679997e+01
-1.000000000000000000e+00 2.267049238361679997e+01
-1.000000000000000000e+00 2.267048771454867762e+01
-1.000000000000000000e+00 2.267048615819748036e+01
-1.000000000000000000e+00 2.180038147537955950e+01
-1.000000000000000000e+00 2.180038082341278738e+01
-1.000000000000000000e+00 2.180037821554995148e+01
-1.000000000000000000e+00 2.180037756358530388e+01
-1.000000000000000000e+00 2.179843399167425133e+01
-1.000000000000000000e+00 2.179843203958058240e+01
-1.000000000000000000e+00 2.179843203958058240e+01
-1.000000000000000000e+00 2.179843203958058240e+01
-1.000000000000000000e+00 2.179843138888353948e+01
-1.000000000000000000e+00 2.179843138888353948e+01
-1.000000000000000000e+00 2.179843073818692289e+01
-1.000000000000000000e+00 2.179843008749072553e+01
-1.000000000000000000e+00 2.179707300622270338e+01
-1.000000000000000000e+00 2.179707235640938023e+01
-1.000000000000000000e+00 2.179707105678399870e+01
-1.000000000000000000e+00 2.179707105678399870e+01
-1.000000000000000000e+00 2.175620232885736272e+01
-1.000000000000000000e+00 2.175425239035522296e+01
-1.000000000000000000e+00 2.175425176777995873e+01
-1.000000000000000000e+00 2.175424927748278137e+01
-1.000000000000000000e+00 2.131913616378119869e+01
-1.000000000000000000e+00 2.131913576085701578e+01
-1.000000000000000000e+00 2.131913535793299630e+01
-1.000000000000000000e+00 2.131913414916191130e+01
-1.000000000000000000e+00 2.088476353892259141e+01
-1.000000000000000000e+00 2.088476249507390037e+01
-1.000000000000000000e+00 2.088476223411189636e+01
-1.000000000000000000e+00 2.088476171218809796e+01
-1.000000000000000000e+00 2.041008277452646880e+01
-1.000000000000000000e+00 2.041008244984576692e+01
-1.000000000000000000e+00 2.041008180048468290e+01
-1.000000000000000000e+00 2.041008180048468290e+01
-1.000000000000000000e+00 1.518354481871674366e+01
-1.000000000000000000e+00 1.340516191366674548e+01
-1.000000000000000000e+00 1.340514870230943778e+01
-1.000000000000000000e+00 1.340514870172021133e+01
-1.000000000000000000e+00 1.340514870172021133e+01
-1.000000000000000000e+00 1.162671693315226307e+01
-1.000000000000000000e+00 1.119060660917430816e+01
-1.000000000000000000e+00 1.119060660910996319e+01
-1.000000000000000000e+00 1.119060660906170313e+01
-1.000000000000000000e+00 1.119060660906170313e+01
-1.000000000000000000e+00 1.028130345747566210e+01
-1.000000000000000000e+00 1.028130345747566210e+01
-1.000000000000000000e+00 1.028130345745622343e+01
-1.000000000000000000e+00 1.028130345743678475e+01
-5.000000000000000000e-01 2.753671257416527141e+01
-5.000000000000000000e-01 2.753671257416527141e+01
-5.000000000000000000e-01 2.753671257416527141e+01
-5.000000000000000000e-01 2.753630853375573295e+01
-5.000000000000000000e-01 2.752246817643138144e+01
-5.000000000000000000e-01 2.752226899308245223e+01
-5.000000000000000000e-01 2.748359229747374144e+01
-5.000000000000000000e-01 2.748340070824047032e+01
-5.000000000000000000e-01 2.748340070824047032e+01
-5.000000000000000000e-01 2.748301763985808321e+01
-5.000000000000000000e-01 2.748301763985808321e+01
-5.000000000000000000e-01 2.748282616068085815e+01
-5.000000000000000000e-01 2.748244331228414339e+01
-5.000000000000000000e-01 2.748167805492902716e+01
-5.000000000000000000e-01 2.704985341732161075e+01
-5.000000000000000000e-01 2.704985341732161075e+01
-5.000000000000000000e-01 2.662597369737173025e+01
-5.000000000000000000e-01 2.662589242629200115e+01
-5.000000000000000000e-01 2.660673536909247971e+01
-5.000000000000000000e-01 2.660665564652696702e+01
-5.000000000000000000e-01 2.660649622046046758e+01
-5.000000000000000000e-01 2.660649622046046758e+01
-5.000000000000000000e-01 2.660641651695745580e+01
-5.000000000000000000e-01 2.660641651695745580e+01
-5.000000000000000000e-01 2.658403399222213892e+01
-5.000000000000000000e-01 2.658364438688740705e+01
-5.000000000000000000e-01 2.658022238945881099e+01
-5.000000000000000000e-01 2.658014475272106836e+01
-5.000000000000000000e-01 2.658014475272106836e+01
-5.000000000000000000e-01 2.658014475272106836e+01
-5.000000000000000000e-01 2.658006712201031974e+01
-5.000000000000000000e-01 2.657991187866606708e+01
-5.000000000000000000e-01 2.614301990556393562e+01
-5.000000000000000000e-01 2.614301990556393562e+01
-5.000000000000000000e-01 2.614186728322078679e+01
-5.000000000000000000e-01 2.614171703907376454e+01
-5.000000000000000000e-01 2.614171703907376454e+01
-5.000000000000000000e-01 2.614166696270729418e+01
-5.000000000000000000e-01 2.614156681749665623e+01
-5.000000000000000000e-01 2.614151674865198416e+01
-5.000000000000000000e-01 2.609849620140963466e+01
-5.000000000000000000e-01 2.609820848682052130e+01
-5.000000000000000000e-01 2.522826472500842954e+01
-5.000000000000000000e-01 2.522824463722481525e+01
-5.000000000000000000e-01 2.091641712520792140e+01
-5.000000000000000000e-01 2.091641712520792140e+01
-5.000000000000000000e-01 2.000448309530104041e+01
-5.000000000000000000e-01 2.000448287887635246e+01
-5.000000000000000000e-01 1.913644450201902103e+01
-5.000000000000000000e-01 1.913644445659427973e+01
-5.000000000000000000e-01 1.913625464461862080e+01
-5.000000000000000000e-01 1.913625464461862080e+01
-5.000000000000000000e-01 1.913625459920250194e+01
-5.000000000000000000e-01 1.913625455378638662e+01
-5.000000000000000000e-01 1.913483027461150243e+01
-5.000000000000000000e-01 1.913483018390855506e+01
-5.000000000000000000e-01 1.822924861772498772e+01
-5.000000000000000000e-01 1.822924854438137743e+01
-5.000000000000000000e-01 1.822764937453509049e+01
-5.000000000000000000e-01 1.822764937453509049e+01
-5.000000000000000000e-01 1.822764935622848981e+01
-5.000000000000000000e-01 1.822764933792188558e+01
-5.000000000000000000e-01 1.822644578095003354e+01
-5.000000000000000000e-01 1.822644574438086806e+01
-5.000000000000000000e-01 1.774880351733366979e+01
-5.000000000000000000e-01 1.774880344928825338e+01
-5.000000000000000000e-01 1.774880343794735182e+01
-5.000000000000000000e-01 1.774880342660644672e+01
-5.000000000000000000e-01 1.774880342660644672e+01
-5.000000000000000000e-01 1.774880341526554517e+01
-5.000000000000000000e-01 1.774872074350517792e+01
-5.000000000000000000e-01 1.774872073216521429e+01
-5.000000000000000000e-01 1.735838955181205279e+01
-5.000000000000000000e-01 1.735838952111101818e+01
-5.000000000000000000e-01 1.692167765831352000e+01
-5.000000000000000000e-01 1.692167764343523828e+01
-5.000000000000000000e-01 1.644801623555495951e+01
-5.000000000000000000e-01 1.644801621702501393e+01
-5.000000000000000000e-01 1.601248741835589939e+01
-5.000000000000000000e-01 1.601248741436008771e+01
-5.000000000000000000e-01 1.601248740636846080e+01
-5.000000000000000000e-01 1.601248740636846080e+01
-5.000000000000000000e-01 1.601248740437055673e+01
-5.000000000000000000e-01 1.601248740237264911e+01
-5.000000000000000000e-01 1.601234423265719897e+01
-5.000000000000000000e-01 1.601234423065957913e+01
-5.000000000000000000e-01 1.597069227160846161e+01
-5.000000000000000000e-01 1.597069227160846161e+01
-5.000000000000000000e-01 1.597018953791932105e+01
-5.000000000000000000e-01 1.597018953408899833e+01
-5.000000000000000000e-01 1.597018953217383697e+01
-5.000000000000000000e-01 1.597018952834351424e+01
-5.000000000000000000e-01 1.597018952642835288e+01
-5.000000000000000000e-01 1.597018952451319151e+01
-5.000000000000000000e-01 1.510387544314634845e+01
-5.000000000000000000e-01 1.510387544234102464e+01
-5.000000000000000000e-01 7.620008053833195127e+00
-5.000000000000000000e-01 7.620008053831385020e+00
-5.000000000000000000e-01 5.841465651227225386e+00
-5.000000000000000000e-01 5.841465651227149003e+00
0.000000000000000000e+00 2.348072131666628337e+01
0.000000000000000000e+00 2.348071781731803398e+01
0.000000000000000000e+00 2.348071781731803398e+01
0.000000000000000000e+00 2.348071431798203434e+01
0.000000000000000000e+00 2.348071431798203434e+01
0.000000000000000000e+00 2.348058135228698617e+01
0.000000000000000000e+00 2.348058135228698617e+01
0.000000000000000000e+00 2.348057785342848902e+01
0.000000000000000000e+00 2.347892775726462133e+01
0.000000000000000000e+00 2.347891378502745852e+01
0.000000000000000000e+00 2.347891378502745852e+01
0.000000000000000000e+00 2.347871470185718579e+01
0.000000000000000000e+00 2.308764924693070242e+01
0.000000000000000000e+00 2.306344591733270377e+01
0.000000000000000000e+00 2.305016938463695553e+01
0.000000000000000000e+00 2.305016710953374925e+01
0.000000000000000000e+00 2.305016483443572284e+01
0.000000000000000000e+00 2.257590758896185790e+01
0.000000000000000000e+00 2.257590334127348441e+01
0.000000000000000000e+00 2.257590050949126237e+01
0.000000000000000000e+00 2.257184373172502490e+01
0.000000000000000000e+00 2.257184232156922477e+01
0.000000000000000000e+00 2.257183809111375083e+01
0.000000000000000000e+00 2.256871666784716979e+01
0.000000000000000000e+00 2.256871526209412693e+01
0.000000000000000000e+00 2.256871385634305938e+01
0.000000000000000000e+00 2.256871385634305938e+01
0.000000000000000000e+00 2.256871245059396713e+01
0.000000000000000000e+00 2.256871245059396713e+01
0.000000000000000000e+00 2.256871245059396713e+01
0.000000000000000000e+00 2.256870963910170858e+01
0.000000000000000000e+00 2.256870823335854581e+01
0.000000000000000000e+00 2.256723048499791773e+01
0.000000000000000000e+00 2.218785922153577417e+01
0.000000000000000000e+00 2.217935266698345131e+01
0.000000000000000000e+00 2.217935171460295152e+01
0.000000000000000000e+00 2.217934885746689844e+01
0.000000000000000000e+00 2.174409700663671074e+01
0.000000000000000000e+00 2.174409392521665652e+01
0.000000000000000000e+00 2.174409330893378467e+01
0.000000000000000000e+00 2.174409207636918140e+01
0.000000000000000000e+00 2.170450246802011307e+01
0.000000000000000000e+00 2.170184630140471782e+01
0.000000000000000000e+00 2.170184630140471782e+01
0.000000000000000000e+00 2.170184571061599854e+01
0.000000000000000000e+00 2.170101009405216885e+01
0.000000000000000000e+00 2.170100950375726612e+01
0.000000000000000000e+00 2.170100891346271155e+01
0.000000000000000000e+00 2.170067309235482256e+01
0.000000000000000000e+00 2.170067250225881850e+01
0.000000000000000000e+00 2.170067250225881850e+01
0.000000000000000000e+00 2.170067191216315905e+01
0.000000000000000000e+00 2.170067073197289176e+01
0.000000000000000000e+00 2.170066955178401358e+01
0.000000000000000000e+00 2.170066896169009496e+01
0.000000000000000000e+00 2.170066778150330933e+01
0.000000000000000000e+00 2.170066719141043521e+01
0.000000000000000000e+00 2.126222951975834263e+01
0.000000000000000000e+00 2.083313578593682180e+01
0.000000000000000000e+00 2.083313504244322800e+01
0.000000000000000000e+00 2.083313380328846520e+01
0.000000000000000000e+00 2.083313330762699067e+01
0.000000000000000000e+00 2.079321188908543050e+01
0.000000000000000000e+00 2.079321165095365131e+01
0.000000000000000000e+00 2.079321165095365131e+01
0.000000000000000000e+00 2.079321117469025992e+01
0.000000000000000000e+00 2.079321117469025992e+01
0.000000000000000000e+00 2.079321117469025992e+01
0.000000000000000000e+00 2.079321069842709591e+01
0.000000000000000000e+00 2.079321022216415926e+01
0.000000000000000000e+00 2.079321022216415926e+01
0.000000000000000000e+00 2.079251178856468130e+01
0.000000000000000000e+00 2.079251107466948412e+01
0.000000000000000000e+00 2.079251059873963570e+01
0.000000000000000000e+00 2.079189184358813591e+01
0.000000000000000000e+00 2.079035956977751454e+01
0.000000000000000000e+00 2.079035790760406144e+01
0.000000000000000000e+00 2.079035719524485515e+01
0.000000000000000000e+00 2.031418431344405917e+01
0.000000000000000000e+00 1.335124672043587957e+01
0.000000000000000000e+00 1.335119888640319630e+01
0.000000000000000000e+00 1.335119888626362616e+01
0.000000000000000000e+00 1.335119888612405603e+01
0.000000000000000000e+00 1.244206308118187998e+01
0.000000000000000000e+00 1.244185500994381499e+01
0.000000000000000000e+00 1.244185500988759863e+01
0.000000000000000000e+00 1.244185500983138049e+01
0.000000000000000000e+00 1.157276085629836260e+01
0.000000000000000000e+00 1.157276085627479034e+01
0.000000000000000000e+00 1.157276085622764228e+01
0.000000000000000000e+00 1.157252153517371696e+01
0.000000000000000000e+00 1.066346514538993695e+01
0.000000000000000000e+00 1.066346514537094592e+01
0.000000000000000000e+00 1.066346514535195489e+01
0.000000000000000000e+00 1.066344663183370223e+01
0.000000000000000000e+00 1.018518930493659802e+01
0.000000000000000000e+00 1.018518930492482610e+01
0.000000000000000000e+00 1.018518930491893926e+01
0.000000000000000000e+00 1.018504490543004870e+01
0.000000000000000000e+00 5.633667982005265834e-02
5.000000000000000000e-01 2.653573012001193021e+01
5.000000000000000000e-01 2.653558160883619266e+01
5.000000000000000000e-01 2.653543311971274576e+01
5.000000000000000000e-01 2.653528465263504899e+01
5.000000000000000000e-01 2.652818403108547329e+01
5.000000000000000000e-01 2.652803663628824182e+01
5.000000000000000000e-01 2.652546073789980952e+01
5.000000000000000000e-01 2.652546073789980952e+01
5.000000000000000000e-01 2.652524025504146010e+01
5.000000000000000000e-01 2.652516677155684022e+01
5.000000000000000000e-01 2.652516677155684022e+01
5.000000000000000000e-01 2.652501982078508291e+01
5.000000000000000000e-01 2.652501982078508291e+01
5.000000000000000000e-01 2.652501982078508291e+01
5.000000000000000000e-01 2.652494635349636098e+01
5.000000000000000000e-01 2.652494635349636098e+01
5.000000000000000000e-01 2.652487289160468364e+01
5.000000000000000000e-01 2.652487289160468364e+01
5.000000000000000000e-01 2.652487289160468364e+01
5.000000000000000000e-01 2.652479943510925864e+01
5.000000000000000000e-01 2.652479943510925864e+01
5.000000000000000000e-01 2.652465253830400016e+01
5.000000000000000000e-01 2.651981700979621337e+01
5.000000000000000000e-01 2.651981700979621337e+01
5.000000000000000000e-01 2.651959776764237731e+01
5.000000000000000000e-01 2.651952469760471232e+01
5.000000000000000000e-01 2.651937857354512573e+01
5.000000000000000000e-01 2.651937857354512573e+01
5.000000000000000000e-01 2.651930551952164450e+01
5.000000000000000000e-01 2.651923247083466251e+01
5.000000000000000000e-01 2.647914120342035815e+01
5.000000000000000000e-01 2.647893069926212561e+01
5.000000000000000000e-01 2.604467385512180755e+01
5.000000000000000000e-01 2.604458296668729744e+01
5.000000000000000000e-01 2.561083254125929898e+01
5.000000000000000000e-01 2.561065585761090801e+01
5.000000000000000000e-01 2.560011156215490757e+01
5.000000000000000000e-01 2.560002415848098423e+01
5.000000000000000000e-01 2.559993676244579675e+01
5.000000000000000000e-01 2.559990763213133036e+01
5.000000000000000000e-01 2.559987850266541898e+01
5.000000000000000000e-01 2.559984937404800576e+01
5.000000000000000000e-01 2.513586422738416104e+01
5.000000000000000000e-01 2.513584591253356137e+01
5.000000000000000000e-01 1.991032849403145732e+01
5.000000000000000000e-01 1.991032849403145732e+01
5.000000000000000000e-01 1.908208753677795855e+01
5.000000000000000000e-01 1.908208732167048183e+01
5.000000000000000000e-01 1.817475781631377529e+01
5.000000000000000000e-01 1.817475781631377529e+01
5.000000000000000000e-01 1.817381812864996959e+01
5.000000000000000000e-01 1.817381811130277924e+01
5.000000000000000000e-01 1.817381811130277924e+01
5.000000000000000000e-01 1.817381809395558889e+01
5.000000000000000000e-01 1.817243654706560463e+01
5.000000000000000000e-01 1.817243652974236667e+01
5.000000000000000000e-01 1.813091604320344530e+01
5.000000000000000000e-01 1.813091604320344530e+01
5.000000000000000000e-01 1.813091604320344530e+01
5.000000000000000000e-01 1.813091602658474955e+01
5.000000000000000000e-01 1.813091600996605024e+01
5.000000000000000000e-01 1.813091599334735093e+01
5.000000000000000000e-01 1.813048973151513366e+01
5.000000000000000000e-01 1.813048968168028807e+01
5.000000000000000000e-01 1.730425149526039164e+01
5.000000000000000000e-01 1.730425146617726284e+01
5.000000000000000000e-01 1.726297832395946941e+01
5.000000000000000000e-01 1.726297831698266450e+01
5.000000000000000000e-01 1.639486440197752515e+01
5.000000000000000000e-01 1.639486439319214384e+01
5.000000000000000000e-01 1.639443949065330486e+01
5.000000000000000000e-01 1.639443948772608906e+01
5.000000000000000000e-01 1.639443947894444165e+01
5.000000000000000000e-01 1.639443947894444165e+01
5.000000000000000000e-01 1.639361475976744842e+01
5.000000000000000000e-01 1.639361475684264491e+01
5.000000000000000000e-01 1.635236486099484665e+01
5.000000000000000000e-01 1.635236485257501826e+01
5.000000000000000000e-01 1.591667746210694467e+01
5.000000000000000000e-01 1.591667745847620274e+01
5.000000000000000000e-01 1.591626165975318585e+01
5.000000000000000000e-01 1.591626165612395383e+01
5.000000000000000000e-01 1.591626165068010401e+01
5.000000000000000000e-01 1.591626164886548800e+01
5.000000000000000000e-01 1.591626164705087199e+01
5.000000000000000000e-01 1.591626164705087199e+01
5.000000000000000000e-01 1.548670354610808175e+01
5.000000000000000000e-01 1.548670354138429595e+01
5.000000000000000000e-01 1.500708997446652759e+01
5.000000000000000000e-01 1.500708997373549636e+01
5.000000000000000000e-01 1.500708511311327520e+01
5.000000000000000000e-01 1.500708511311327520e+01
5.000000000000000000e-01 1.500708511238224574e+01
5.000000000000000000e-01 1.500708511238224574e+01
5.000000000000000000e-01 1.500708511165121806e+01
5.000000000000000000e-01 1.500708511092018860e+01
5.000000000000000000e-01 5.787525994427610065e+00
5.000000000000000000e-01 5.787525994427465292e+00
5.000000000000000000e-01 4.878301469069315388e+00
5.000000000000000000e-01 4.878301469069315388e+00
1.000000000000000000e+00 2.390149012933839856e+01
1.000000000000000000e+00 2.390146880964966414e+01
1.000000000000000000e+00 2.386656166283507119e+01
1.000000000000000000e+00 2.386656166283507119e+01
1.000000000000000000e+00 2.386655136883853245e+01
1.000000000000000000e+00 2.386653592804240276e+01
1.000000000000000000e+00 2.386252938895094644e+01
1.000000000000000000e+00 2.386252938895094644e+01
1.000000000000000000e+00 2.386252938895094644e+01
1.000000000000000000e+00 2.386252938895094644e+01
1.000000000000000000e+00 2.386252426265174975e+01
1.000000000000000000e+00 2.386251913637883248e+01
1.000000000000000000e+00 2.386251913637883248e+01
1.000000000000000000e+00 2.386251913637883248e+01
1.000000000000000000e+00 2.386184782172998098e+01
1.000000000000000000e+00 2.386184782172998098e+01
1.000000000000000000e+00 2.386184782172998098e+01
1.000000000000000000e+00 2.386184269892350329e+01
1.000000000000000000e+00 2.299820561388132134e+01
1.000000000000000000e+00 2.299819481443036651e+01
1.000000000000000000e+00 2.299819265455417039e+01
1.000000000000000000e+00 2.299421560622749183e+01
1.000000000000000000e+00 2.295425544995530487e+01
1.000000000000000000e+00 2.295425544995530487e+01
1.000000000000000000e+00 2.295424924888562046e+01
1.000000000000000000e+00 2.295423684686160826e+01
1.000000000000000000e+00 2.295157191532916841e+01
1.000000000000000000e+00 2.295156779235741240e+01
1.000000000000000000e+00 2.295156573087790974e+01
1.000000000000000000e+00 2.295156573087790974e+01
1.000000000000000000e+00 2.295156366940265613e+01
1.000000000000000000e+00 2.295156160793165157e+01
1.000000000000000000e+00 2.295155954646489604e+01
1.000000000000000000e+00 2.295155130064037508e+01
1.000000000000000000e+00 2.294623865707679400e+01
1.000000000000000000e+00 2.294623660655395980e+01
1.000000000000000000e+00 2.294623455603533202e+01
1.000000000000000000e+00 2.294623045501069214e+01
1.000000000000000000e+00 2.247461258527065908e+01
1.000000000000000000e+00 2.247461130577099553e+01
1.000000000000000000e+00 2.247460874677657827e+01
1.000000000000000000e+00 2.247460618778870867e+01
1.000000000000000000e+00 2.212739654469580586e+01
1.000000000000000000e+00 2.212739383221228096e+01
1.000000000000000000e+00 2.212739292805273905e+01
1.000000000000000000e+00 2.212390354383669333e+01
1.000000000000000000e+00 2.208207127112954282e+01
1.000000000000000000e+00 2.208206695065954506e+01
1.000000000000000000e+00 2.208206695065954506e+01
1.000000000000000000e+00 2.208206263020821325e+01
1.000000000000000000e+00 2.164772267693300023e+01
1.000000000000000000e+00 2.164695063985254109e+01
1.000000000000000000e+00 2.164694840293000766e+01
1.000000000000000000e+00 2.164694672524139563e+01
1.000000000000000000e+00 2.122213608312527100e+01
1.000000000000000000e+00 2.121349746761546484e+01
1.000000000000000000e+00 2.121349746761546484e+01
1.000000000000000000e+00 2.121349529243198972e+01
1.000000000000000000e+00 2.117651418938955743e+01
1.000000000000000000e+00 2.117651384002132886e+01
1.000000000000000000e+00 2.117651279191737501e+01
1.000000000000000000e+00 2.117651174381451895e+01
1.000000000000000000e+00 2.073908274292911713e+01
1.000000000000000000e+00 2.073908229176004880e+01
1.000000000000000000e+00 2.073908116383826794e+01
1.000000000000000000e+00 2.073851465674967187e+01
1.000000000000000000e+00 2.073851420583683236e+01
1.000000000000000000e+00 2.073851398038048899e+01
1.000000000000000000e+00 2.073851375492419535e+01
1.000000000000000000e+00 2.073851330401176440e+01
1.000000000000000000e+00 2.073851307855562354e+01
1.000000000000000000e+00 2.073851307855562354e+01
1.000000000000000000e+00 2.073851307855562354e+01
1.000000000000000000e+00 2.073851285309953241e+01
1.000000000000000000e+00 2.073799308651846829e+01
1.000000000000000000e+00 2.073799286117958474e+01
1.000000000000000000e+00 2.073799286117958474e+01
1.000000000000000000e+00 2.073681390749210962e+01
1.000000000000000000e+00 2.069581644317695535e+01
1.000000000000000000e+00 2.069581557904730218e+01
1.000000000000000000e+00 2.069581536301500790e+01
1.000000000000000000e+00 2.069581514698275626e+01
1.000000000000000000e+00 1.983322753954577422e+01
1.000000000000000000e+00 1.982748175036649130e+01
1.000000000000000000e+00 1.982748147839252439e+01
1.000000000000000000e+00 1.982748138773455437e+01
1.000000000000000000e+00 1.234577646314106936e+01
1.000000000000000000e+00 1.234577646314106936e+01
1.000000000000000000e+00 1.234577646298786746e+01
1.000000000000000000e+00 1.234577646298786746e+01
1.000000000000000000e+00 1.151880557848279985e+01
1.000000000000000000e+00 1.060951339270821592e+01
1.000000000000000000e+00 1.060950246020949450e+01
1.000000000000000000e+00 1.060950246020949450e+01
1.000000000000000000e+00 1.060950246017350729e+01
1.000000000000000000e+00 1.056734456303655811e+01
1.000000000000000000e+00 1.056734456301930791e+01
1.000000000000000000e+00 1.056734456300205593e+01
1.000000000000000000e+00 1.056734456298480573e+01
1.000000000000000000e+00 9.700165994702270922e+00
1.500000000000000000e+00 2.778367772934888080e+01
1.500000000000000000e+00 2.778341909750986005e+01
1.500000000000000000e+00 2.777312829406208650e+01
1.500000000000000000e+00 2.777261652332420283e+01
1.500000000000000000e+00 2.777261652332420283e+01
1.500000000000000000e+00 2.777210501436164236e+01
1.500000000000000000e+00 2.777184935796244858e+01
1.500000000000000000e+00 2.777184935796244858e+01
1.500000000000000000e+00 2.729900595079962500e+01
1.500000000000000000e+00 2.729884665171525882e+01
1.500000000000000000e+00 2.729186249634159367e+01
1.500000000000000000e+00 2.729170433105854343e+01
1.500000000000000000e+00 2.729154619078779476e+01
1.500000000000000000e+00 2.729154619078779476e+01
1.500000000000000000e+00 2.729154619078779476e+01
1.500000000000000000e+00 2.729091387966966664e+01
1.500000000000000000e+00 2.694502700677097451e+01
1.500000000000000000e+00 2.694502700677097451e+01
1.500000000000000000e+00 2.693269146112125156e+01
1.500000000000000000e+00 2.693247058867419241e+01
1.500000000000000000e+00 2.690739022053728746e+01
1.500000000000000000e+00 2.690739022053728746e+01
1.500000000000000000e+00 2.690717486573942807e+01
1.500000000000000000e+00 2.690717486573942807e+01
1.500000000000000000e+00 2.690706720572963562e+01
1.500000000000000000e+00 2.690674429522685784e+01
1.500000000000000000e+00 2.647061624088374643e+01
1.500000000000000000e+00 2.647061624088374643e+01
1.500000000000000000e+00 2.647019884957333957e+01
1.500000000000000000e+00 2.647012930128941477e+01
1.500000000000000000e+00 2.647012930128941477e+01
1.500000000000000000e+00 2.646999021923077677e+01
1.500000000000000000e+00 2.646992068545471710e+01
1.500000000000000000e+00 2.646992068545471710e+01
1.500000000000000000e+00 2.642591644218306257e+01
1.500000000000000000e+00 2.642578337498392926e+01
1.500000000000000000e+00 2.642571684802385334e+01
1.500000000000000000e+00 2.642571684802385334e+01
1.500000000000000000e+00 2.642565032548932180e+01
1.500000000000000000e+00 2.642558380737974133e+01
1.500000000000000000e+00 2.642551729369452573e+01
1.500000000000000000e+00 2.642545078443308881e+01
1.500000000000000000e+00 2.597059185260957648e+01
1.500000000000000000e+00 2.597042306199393380e+01
1.500000000000000000e+00 2.556113965512578190e+01
1.500000000000000000e+00 2.556099955397252188e+01
1.500000000000000000e+00 2.555307385736158921e+01
1.500000000000000000e+00 2.555304606066661322e+01
1.500000000000000000e+00 2.555296267521732645e+01
1.500000000000000000e+00 2.555296267521732645e+01
1.500000000000000000e+00 2.555296267521732645e+01
1.500000000000000000e+00 2.555285150543315709e+01
1.500000000000000000e+00 2.552031541883255272e+01
1.500000000000000000e+00 2.552028851794885611e+01
1.500000000000000000e+00 2.552023471835234147e+01
1.500000000000000000e+00 2.552012712784172166e+01
1.500000000000000000e+00 2.552007333692699476e+01
1.500000000000000000e+00 2.552007333692699476e+01
1.500000000000000000e+00 2.551846095347544718e+01
1.500000000000000000e+00 2.551827301130738590e+01
1.500000000000000000e+00 1.807690181162067233e+01
1.500000000000000000e+00 1.807690179587580559e+01
1.500000000000000000e+00 1.807690176438607921e+01
1.500000000000000000e+00 1.807690176438607921e+01
1.500000000000000000e+00 1.807690173289634927e+01
1.500000000000000000e+00 1.807690170140662289e+01
1.500000000000000000e+00 1.807681361277841958e+01
1.500000000000000000e+00 1.807681358129146787e+01
1.500000000000000000e+00 1.716848329552353292e+01
1.500000000000000000e+00 1.716848329552353292e+01
1.500000000000000000e+00 1.716848329552353292e+01
1.500000000000000000e+00 1.716848328917581412e+01
1.500000000000000000e+00 1.716848328282809177e+01
1.500000000000000000e+00 1.716848328282809177e+01
1.500000000000000000e+00 1.716721027104068753e+01
1.500000000000000000e+00 1.716721025836139702e+01
1.500000000000000000e+00 1.634060830945306009e+01
1.500000000000000000e+00 1.634060830113163831e+01
1.500000000000000000e+00 1.629903343447197628e+01
1.500000000000000000e+00 1.629903343181112518e+01
1.500000000000000000e+00 1.629840264199012267e+01
1.500000000000000000e+00 1.629840263401260358e+01
1.500000000000000000e+00 1.629840263135343292e+01
1.500000000000000000e+00 1.629840262869425871e+01
1.500000000000000000e+00 1.629840262869425871e+01
1.500000000000000000e+00 1.629840262603508805e+01
1.500000000000000000e+00 1.543200311379243139e+01
1.500000000000000000e+00 1.543200311267434799e+01
1.500000000000000000e+00 1.538922653424927844e+01
1.500000000000000000e+00 1.538922653103548832e+01
1.500000000000000000e+00 1.538901888491356296e+01
1.500000000000000000e+00 1.538901888491356296e+01
1.500000000000000000e+00 1.538901888277147911e+01
1.500000000000000000e+00 1.538901888062939705e+01
1.500000000000000000e+00 1.538901887848731498e+01
1.500000000000000000e+00 1.538901887848731498e+01
1.500000000000000000e+00 1.491104279995705362e+01
1.500000000000000000e+00 1.491104279862888404e+01
1.500000000000000000e+00 4.782118077808380718e+00
1.500000000000000000e+00 4.782118077808300782e+00
2.000000000000000000e+00 3.198321037857073534e+01
2.000000000000000000e+00 3.172616527558084698e+01
2.000000000000000000e+00 3.169984796726347298e+01
2.000000000000000000e+00 3.169984796726347298e+01
2.000000000000000000e+00 3.167420553665013472e+01
2.000000000000000000e+00 3.134317302332474142e+01
2.000000000000000000e+00 3.134317302332474142e+01
2.000000000000000000e+00 3.132515451782206028e+01
2.000000000000000000e+00 3.127296876465149111e+01
2.000000000000000000e+00 3.127296876465149111e+01
2.000000000000000000e+00 3.126452989600562660e+01
2.000000000000000000e+00 3.126452989600562660e+01
2.000000000000000000e+00 3.125616164633510863e+01
2.000000000000000000e+00 3.124786284352041577e+01
2.000000000000000000e+00 3.124786284352041577e+01
2.000000000000000000e+00 3.124786284352041577e+01
2.000000000000000000e+00 3.124786284352041577e+01
2.000000000000000000e+00 3.124786284352041577e+01
2.000000000000000000e+00 3.123963234438389946e+01
2.000000000000000000e+00 3.123963234438389946e+01
2.000000000000000000e+00 3.123146903374473737e+01
2.000000000000000000e+00 3.121533965181485470e+01
2.000000000000000000e+00 3.121533965181485470e+01
2.000000000000000000e+00 3.119946630265856413e+01
2.000000000000000000e+00 3.119162312519753755e+01
2.000000000000000000e+00 3.030065020130767550e+01
2.000000000000000000e+00 3.029426040320890223e+01
2.000000000000000000e+00 3.028475161523987680e+01
2.000000000000000000e+00 3.028160200633697841e+01
2.000000000000000000e+00 2.463262776817577304e+01
2.000000000000000000e+00 2.380930431663532687e+01
2.000000000000000000e+00 2.380929945604908937e+01
2.000000000000000000e+00 2.380928973494749457e+01
2.000000000000000000e+00 2.380928001394039839e+01
2.000000000000000000e+00 2.290053685591987076e+01
2.000000000000000000e+00 2.290053685591987076e+01
2.000000000000000000e+00 2.290053489700037304e+01
2.000000000000000000e+00 2.290053489700037304e+01
2.000000000000000000e+00 2.289722784171206982e+01
2.000000000000000000e+00 2.289722784171206982e+01
2.000000000000000000e+00 2.289722588926394309e+01
2.000000000000000000e+00 2.289722393681962842e+01
2.000000000000000000e+00 2.289722198437912581e+01
2.000000000000000000e+00 2.289722198437912581e+01
2.000000000000000000e+00 2.289722003194243527e+01
2.000000000000000000e+00 2.289721807950956034e+01
2.000000000000000000e+00 2.289462276463116552e+01
2.000000000000000000e+00 2.289462276463116552e+01
2.000000000000000000e+00 2.289462276463116552e+01
2.000000000000000000e+00 2.289461497518002986e+01
2.000000000000000000e+00 2.285917379699203522e+01
2.000000000000000000e+00 2.285694525934721355e+01
2.000000000000000000e+00 2.285694338398561953e+01
2.000000000000000000e+00 2.285693775792194060e+01
2.000000000000000000e+00 2.202875277353926364e+01
2.000000000000000000e+00 2.202875113508003579e+01
2.000000000000000000e+00 2.202875113508003579e+01
2.000000000000000000e+00 2.202875113508003579e+01
2.000000000000000000e+00 2.199327468234372063e+01
2.000000000000000000e+00 2.199327468234372063e+01
2.000000000000000000e+00 2.199327151964834570e+01
2.000000000000000000e+00 2.199327072897606428e+01
2.000000000000000000e+00 2.116153045514673181e+01
2.000000000000000000e+00 2.112316120319400881e+01
2.000000000000000000e+00 2.112316120319400881e+01
2.000000000000000000e+00 2.112316054076029204e+01
2.000000000000000000e+00 2.112316020954359885e+01
2.000000000000000000e+00 2.112121587202737416e+01
2.000000000000000000e+00 2.112121554145416269e+01
2.000000000000000000e+00 2.112121521088105780e+01
2.000000000000000000e+00 2.112121521088105780e+01
2.000000000000000000e+00 2.112121521088105780e+01
2.000000000000000000e+00 2.112121454973518198e+01
2.000000000000000000e+00 2.112121355801718181e+01
2.000000000000000000e+00 2.112121289687239667e+01
2.000000000000000000e+00 2.111985549704390763e+01
2.000000000000000000e+00 2.111985549704390763e+01
2.000000000000000000e+00 2.111985450667279096e+01
2.000000000000000000e+00 2.111985417654930330e+01
2.000000000000000000e+00 2.107703423866998804e+01
2.000000000000000000e+00 2.064191725246269016e+01
2.000000000000000000e+00 2.064191684306923946e+01
2.000000000000000000e+00 2.064191643367595574e+01
2.000000000000000000e+00 2.064191643367595574e+01
2.000000000000000000e+00 2.020754525541107682e+01
2.000000000000000000e+00 2.020754512283486903e+01
2.000000000000000000e+00 2.020754485768250319e+01
2.000000000000000000e+00 2.020754485768250319e+01
2.000000000000000000e+00 1.973286498199358618e+01
2.000000000000000000e+00 1.973286473457301682e+01
2.000000000000000000e+00 1.973286473457301682e+01
2.000000000000000000e+00 1.973286473457301682e+01
2.000000000000000000e+00 1.051338896905212295e+01
2.000000000000000000e+00 1.051338896905212295e+01
2.000000000000000000e+00 1.051338896904395170e+01
2.000000000000000000e+00 1.051338896902760567e+01
2.000000000000000000e+00 9.604085817416860849e+00
2.000000000000000000e+00 9.604085817416860849e+00
2.000000000000000000e+00 9.604085817406984305e+00
2.000000000000000000e+00 9.604085817406984305e+00
2.500000000000000000e+00 3.604365338911715355e+01
2.500000000000000000e+00 3.604365338911715355e+01
2.500000000000000000e+00 3.604365338911715355e+01
2.500000000000000000e+00 3.604365338911715355e+01
2.500000000000000000e+00 3.604365338911715355e+01
2.500000000000000000e+00 3.604365338911715355e+01
2.500000000000000000e+00 3.604365338911715355e+01
2.500000000000000000e+00 3.604365338911715355e+01
2.500000000000000000e+00 3.604365338911715355e+01
2.500000000000000000e+00 3.604365338911715355e+01
2.500000000000000000e+00 3.535050620855721348e+01
2.500000000000000000e+00 3.535050620855721348e+01
2.500000000000000000e+00 3.535050620855721348e+01
2.500000000000000000e+00 3.535050620855721348e+01
2.500000000000000000e+00 3.494504110044904621e+01
2.500000000000000000e+00 3.494504110044904621e+01
2.500000000000000000e+00 3.033987091446095619e+01
2.500000000000000000e+00 3.033322637174228475e+01
2.500000000000000000e+00 2.945610337429236125e+01
2.500000000000000000e+00 2.945610337429236125e+01
2.500000000000000000e+00 2.864609185359310217e+01
2.500000000000000000e+00 2.864486711369720950e+01
2.500000000000000000e+00 2.861710431671984978e+01
2.500000000000000000e+00 2.861650925570853943e+01
2.500000000000000000e+00 2.861591454858426431e+01
2.500000000000000000e+00 2.861591454858426431e+01
2.500000000000000000e+00 2.861591454858426431e+01
2.500000000000000000e+00 2.861413254633069414e+01
2.500000000000000000e+00 2.860350670845446786e+01
2.500000000000000000e+00 2.860233299939953966e+01
2.500000000000000000e+00 2.858951231097047696e+01
2.500000000000000000e+00 2.858893343975315560e+01
2.500000000000000000e+00 2.858893343975315560e+01
2.500000000000000000e+00 2.858893343975315560e+01
2.500000000000000000e+00 2.858662129999477486e+01
2.500000000000000000e+00 2.858546723177666848e+01
2.500000000000000000e+00 2.772491113642475824e+01
2.500000000000000000e+00 2.772466726372509527e+01
2.500000000000000000e+00 2.772466726372509527e+01
2.500000000000000000e+00 2.772442345048483148e+01
2.500000000000000000e+00 2.772442345048483148e+01
2.500000000000000000e+00 2.772369236723062613e+01
2.500000000000000000e+00 2.771303076878428939e+01
2.500000000000000000e+00 2.771158568182760717e+01
2.500000000000000000e+00 2.769180665028891042e+01
2.500000000000000000e+00 2.769180665028891042e+01
2.500000000000000000e+00 2.767194850444952436e+01
2.500000000000000000e+00 2.767148596975117769e+01
2.500000000000000000e+00 2.767148596975117769e+01
2.500000000000000000e+00 2.767125478260415150e+01
2.500000000000000000e+00 2.765930611103434700e+01
2.500000000000000000e+00 2.765839286896174443e+01
2.500000000000000000e+00 2.685965699248057703e+01
2.500000000000000000e+00 2.685945167475066953e+01
2.500000000000000000e+00 2.685934903169181354e+01
2.500000000000000000e+00 2.685934903169181354e+01
2.500000000000000000e+00 2.685924639916747836e+01
2.500000000000000000e+00 2.685924639916747836e+01
2.500000000000000000e+00 2.684528438892219171e+01
2.500000000000000000e+00 2.684508200074097317e+01
2.500000000000000000e+00 2.680608703088738309e+01
2.500000000000000000e+00 2.680550331650170648e+01
2.500000000000000000e+00 2.637235013254738547e+01
2.500000000000000000e+00 2.637216094761855345e+01
2.500000000000000000e+00 2.594863679903615861e+01
2.500000000000000000e+00 2.594859551510592510e+01
2.500000000000000000e+00 2.592937830747640149e+01
2.500000000000000000e+00 2.592929731614243138e+01
2.500000000000000000e+00 2.592925682293516232e+01
2.500000000000000000e+00 2.592921633136752391e+01
2.500000000000000000e+00 2.592917584143938825e+01
2.500000000000000000e+00 2.592913535315062035e+01
2.500000000000000000e+00 2.590292216088803556e+01
2.500000000000000000e+00 2.590276441352011716e+01
2.500000000000000000e+00 2.546576833785894678e+01
2.500000000000000000e+00 2.546576833785894678e+01
2.500000000000000000e+00 2.546457181526867330e+01
2.500000000000000000e+00 2.546457181526867330e+01
2.500000000000000000e+00 2.546454637288929845e+01
2.500000000000000000e+00 2.546449549007241586e+01
2.500000000000000000e+00 2.546447004963483707e+01
2.500000000000000000e+00 2.546447004963483707e+01
2.500000000000000000e+00 2.455100206258701689e+01
2.500000000000000000e+00 2.455099185782853866e+01
2.500000000000000000e+00 1.707158583688651987e+01
2.500000000000000000e+00 1.707158582536351332e+01
2.500000000000000000e+00 1.624446001583469368e+01
2.500000000000000000e+00 1.624446001079563473e+01
2.500000000000000000e+00 1.533526977158243199e+01
2.500000000000000000e+00 1.533526977056743767e+01
2.500000000000000000e+00 1.533526976955244514e+01
2.500000000000000000e+00 1.533526976955244514e+01
2.500000000000000000e+00 1.533526976752245652e+01
2.500000000000000000e+00 1.533526976752245652e+01
2.500000000000000000e+00 1.533512659669784206e+01
2.500000000000000000e+00 1.533512659466814476e+01
2.500000000000000000e+00 1.529297189287858494e+01
2.500000000000000000e+00 1.529297189190562811e+01
2.500000000000000000e+00 1.442665780146338861e+01
2.500000000000000000e+00 1.442665780105426165e+01
3.000000000000000000e+00 nan
3.000000000000000000e+00 nan
3.000000000000000000e+00 nan
3.000000000000000000e+00 nan
3.000000000000000000e+00 nan
3.000000000000000000e+00 nan
3.000000000000000000e+00 nan
3.000000000000000000e+00 nan
3.000000000000000000e+00 nan
3.000000000000000000e+00 nan
3.000000000000000000e+00 nan
3.000000000000000000e+00 nan
3.000000000000000000e+00 nan
3.000000000000000000e+00 nan
3.000000000000000000e+00 inf
3.000000000000000000e+00 inf
3.000000000000000000e+00 inf
3.000000000000000000e+00 inf
3.000000000000000000e+00 3.604365338911715355e+01
3.000000000000000000e+00 3.604365338911715355e+01
3.000000000000000000e+00 3.604365338911715355e+01
3.000000000000000000e+00 3.604365338911715355e+01
3.000000000000000000e+00 3.604365338911715355e+01
3.000000000000000000e+00 3.604365338911715355e+01
3.000000000000000000e+00 3.604365338911715355e+01
3.000000000000000000e+00 3.494504110044904621e+01
3.000000000000000000e+00 3.465735902799726631e+01
3.000000000000000000e+00 3.465735902799726631e+01
3.000000000000000000e+00 3.443421547668305749e+01
3.000000000000000000e+00 3.443421547668305749e+01
3.000000000000000000e+00 3.443421547668305749e+01
3.000000000000000000e+00 3.425189391988909904e+01
3.000000000000000000e+00 3.396421184743731914e+01
3.000000000000000000e+00 3.374106829612311031e+01
3.000000000000000000e+00 3.364575811631878821e+01
3.000000000000000000e+00 3.364575811631878821e+01
3.000000000000000000e+00 3.355874673932915897e+01
3.000000000000000000e+00 3.355874673932915897e+01
3.000000000000000000e+00 3.355874673932915897e+01
3.000000000000000000e+00 3.347870403165561726e+01
3.000000000000000000e+00 3.347870403165561726e+01
3.000000000000000000e+00 3.340459605950189825e+01
3.000000000000000000e+00 3.340459605950189825e+01
3.000000000000000000e+00 3.340459605950189825e+01
3.000000000000000000e+00 3.340459605950189825e+01
3.000000000000000000e+00 3.333560318801494304e+01
3.000000000000000000e+00 3.333560318801494304e+01
3.000000000000000000e+00 3.333560318801494304e+01
3.000000000000000000e+00 3.333560318801494304e+01
3.000000000000000000e+00 3.327106466687737196e+01
3.000000000000000000e+00 3.327106466687737196e+01
3.000000000000000000e+00 3.321044004506094183e+01
3.000000000000000000e+00 3.321044004506094183e+01
3.000000000000000000e+00 3.257791748631743189e+01
3.000000000000000000e+00 3.254714582765067377e+01
3.000000000000000000e+00 3.248830532762774226e+01
3.000000000000000000e+00 3.248830532762774226e+01
3.000000000000000000e+00 3.233008132241285182e+01
3.000000000000000000e+00 3.167420553665013472e+01
3.000000000000000000e+00 3.167420553665013472e+01
3.000000000000000000e+00 3.166162675444327590e+01
3.000000000000000000e+00 3.166162675444327590e+01
3.000000000000000000e+00 3.161283659027384374e+01
3.000000000000000000e+00 3.161283659027384374e+01
3.000000000000000000e+00 3.160100213262683866e+01
3.000000000000000000e+00 3.119946630265856413e+01
3.000000000000000000e+00 3.119946630265856413e+01
3.000000000000000000e+00 3.118384098475548427e+01
3.000000000000000000e+00 3.117611893866157402e+01
3.000000000000000000e+00 3.115330426089540339e+01
3.000000000000000000e+00 3.092565957670040078e+01
3.000000000000000000e+00 3.027221226598713955e+01
3.000000000000000000e+00 3.027221226598713955e+01
3.000000000000000000e+00 3.026910184357274858e+01
3.000000000000000000e+00 3.026600106589449979e+01
3.000000000000000000e+00 2.280350697605644328e+01
3.000000000000000000e+00 2.280350342050720869e+01
3.000000000000000000e+00 2.280350164273733427e+01
3.000000000000000000e+00 2.280336120890321538e+01
3.000000000000000000e+00 2.189462352156094838e+01
3.000000000000000000e+00 2.189149775232688810e+01
3.000000000000000000e+00 2.189149703816487502e+01
3.000000000000000000e+00 2.189149560984238363e+01
3.000000000000000000e+00 2.106687629547720775e+01
3.000000000000000000e+00 2.106687598238786663e+01
3.000000000000000000e+00 2.106687598238786663e+01
3.000000000000000000e+00 2.106687566929862498e+01
3.000000000000000000e+00 2.102379039889475010e+01
3.000000000000000000e+00 2.102345338367700123e+01
3.000000000000000000e+00 2.102345308389196177e+01
3.000000000000000000e+00 2.102345278410701113e+01
3.000000000000000000e+00 2.015591713618810132e+01
3.000000000000000000e+00 2.015591688437764972e+01
3.000000000000000000e+00 2.015591675847244346e+01
3.000000000000000000e+00 2.015591650666208778e+01
3.000000000000000000e+00 2.011599380874974941e+01
3.000000000000000000e+00 2.011599344581670579e+01
3.000000000000000000e+00 2.011599308288379362e+01
3.000000000000000000e+00 2.011529323037813199e+01
3.000000000000000000e+00 9.507971664875958240e+00
3.500000000000000000e+00 5.186443706117916719e+01
3.500000000000000000e+00 5.101450248718658997e+01
3.500000000000000000e+00 5.039951929919391915e+01
3.500000000000000000e+00 5.013585522280408213e+01
3.500000000000000000e+00 4.113015166440231951e+01
3.500000000000000000e+00 4.113014303429429219e+01
3.500000000000000000e+00 3.995277316115552679e+01
3.500000000000000000e+00 3.995277292511212863e+01
3.500000000000000000e+00 3.944135673103427564e+01
3.500000000000000000e+00 3.944135650439867646e+01
3.500000000000000000e+00 3.923985188429347915e+01
3.500000000000000000e+00 3.923985087531612947e+01
3.500000000000000000e+00 3.923984948727649424e+01
3.500000000000000000e+00 3.923984894839018978e+01
3.500000000000000000e+00 3.877233586951334132e+01
3.500000000000000000e+00 3.877233544236241869e+01
3.500000000000000000e+00 3.852159553801512715e+01
3.500000000000000000e+00 3.852159546035919391e+01
3.500000000000000000e+00 3.832283035939193638e+01
3.500000000000000000e+00 3.832283017053640606e+01
3.500000000000000000e+00 3.832282985376446760e+01
3.500000000000000000e+00 3.832282975921812351e+01
3.500000000000000000e+00 3.802356737718483259e+01
3.500000000000000000e+00 3.802356699102931969e+01
3.500000000000000000e+00 3.711005949018639427e+01
3.500000000000000000e+00 3.711005922278309299e+01
3.500000000000000000e+00 3.667578150224928635e+01
3.500000000000000000e+00 3.667578135211497425e+01
3.500000000000000000e+00 3.611542682545579908e+01
3.500000000000000000e+00 3.611542681357266815e+01
3.500000000000000000e+00 2.853506382696126309e+01
3.500000000000000000e+00 2.853506382674542152e+01
3.500000000000000000e+00 2.763750558181025951e+01
3.500000000000000000e+00 2.763750558176704430e+01
3.500000000000000000e+00 2.761639474005946582e+01
3.500000000000000000e+00 2.761639474003501604e+01
3.500000000000000000e+00 2.761639474003478512e+01
3.500000000000000000e+00 2.761639474001708905e+01
3.500000000000000000e+00 2.760596730952913447e+01
3.500000000000000000e+00 2.760596730952205746e+01
3.500000000000000000e+00 2.675334746150608467e+01
3.500000000000000000e+00 2.675334746149577470e+01
3.500000000000000000e+00 2.671934542583689165e+01
3.500000000000000000e+00 2.671934542583634808e+01
3.500000000000000000e+00 2.588176038612100527e+01
3.500000000000000000e+00 2.588176038612047947e+01
3.500000000000000000e+00 2.585817497987725488e+01
3.500000000000000000e+00 2.585817497985192759e+01
3.500000000000000000e+00 2.584780314427419512e+01
3.500000000000000000e+00 2.584780314427398551e+01
3.500000000000000000e+00 2.584780314427161230e+01
3.500000000000000000e+00 2.584780314426687653e+01
3.500000000000000000e+00 2.584228000761295263e+01
3.500000000000000000e+00 2.584228000760528587e+01
3.500000000000000000e+00 2.492273361015612210e+01
3.500000000000000000e+00 2.492273361015175581e+01
3.500000000000000000e+00 1.523904401119294327e+01
3.500000000000000000e+00 1.523904401119293617e+01
3.500000000000000000e+00 1.432986747260020266e+01
3.500000000000000000e+00 1.432986747260019555e+01
4.000000000000000000e+00 4.591624927291378100e+01
4.000000000000000000e+00 4.416062251751671397e+01
4.000000000000000000e+00 4.415847034047999387e+01
4.000000000000000000e+00 4.415847008984421507e+01
4.000000000000000000e+00 4.415843825598549444e+01
4.000000000000000000e+00 4.239658484481307710e+01
4.000000000000000000e+00 3.346244477829661434e+01
4.000000000000000000e+00 3.346244477811630702e+01
4.000000000000000000e+00 3.346244477807130835e+01
4.000000000000000000e+00 3.325502545565922219e+01
4.000000000000000000e+00 3.250770290329248269e+01
4.000000000000000000e+00 3.238491851110140374e+01
4.000000000000000000e+00 3.238491851102585883e+01
4.000000000000000000e+00 3.238491851101101560e+01
4.000000000000000000e+00 3.162365594197025942e+01
4.000000000000000000e+00 3.150385764849098535e+01
4.000000000000000000e+00 3.150385764849057679e+01
4.000000000000000000e+00 3.150385764843474945e+01
4.000000000000000000e+00 3.077585974208450992e+01
4.000000000000000000e+00 3.077585974208240671e+01
4.000000000000000000e+00 3.077585974203539365e+01
4.000000000000000000e+00 3.053638044445038346e+01
4.000000000000000000e+00 2.096972997270523464e+01
4.000000000000000000e+00 2.006186429814941974e+01
4.000000000000000000e+00 2.006129603754786217e+01
4.000000000000000000e+00 2.006129603754785506e+01
4.000000000000000000e+00 2.006129603754782309e+01
4.000000000000000000e+00 1.915026378291023335e+01
4.500000000000000000e+00 3.826781266899105560e+01
4.500000000000000000e+00 3.826781266896587397e+01
4.500000000000000000e+00 3.649922107323025244e+01
4.500000000000000000e+00 3.649922107322899478e+01
4.500000000000000000e+00 2.579278595877602598e+01
4.500000000000000000e+00 2.579278595877510583e+01
4.500000000000000000e+00 2.487576568379586917e+01
4.500000000000000000e+00 2.487576568379492059e+01
5.000000000000000000e+00 3.065998478576356234e+01
