-5.000000000000000000e+00 2.143868041582480188e+01
-4.500000000000000000e+00 2.417394501058184630e+01
-4.500000000000000000e+00 2.417394501058183209e+01
-4.500000000000000000e+00 2.229914073074829517e+01
-4.500000000000000000e+00 2.229914073074828451e+01
-4.500000000000000000e+00 1.769425584706012344e+01
-4.500000000000000000e+00 1.769425584706012344e+01
-4.500000000000000000e+00 1.762013334485341787e+01
-4.500000000000000000e+00 1.762013334485341787e+01
-4.000000000000000000e+00 2.690920956646501949e+01
-4.000000000000000000e+00 2.503440458745321706e+01
-4.000000000000000000e+00 2.503440458745298969e+01
-4.000000000000000000e+00 2.503440458743140340e+01
-4.000000000000000000e+00 2.503440417962102060e+01
-4.000000000000000000e+00 2.315960027998306714e+01
-4.000000000000000000e+00 2.042952189132604346e+01
-4.000000000000000000e+00 2.042951678886582201e+01
-4.000000000000000000e+00 2.042951678886578293e+01
-4.000000000000000000e+00 2.042951678886577582e+01
-4.000000000000000000e+00 2.035540233062934590e+01
-4.000000000000000000e+00 2.035540233062933169e+01
-4.000000000000000000e+00 2.035540233062931748e+01
-4.000000000000000000e+00 2.035539771398814679e+01
-4.000000000000000000e+00 1.855472055298321976e+01
-4.000000000000000000e+00 1.855472055298321266e+01
-4.000000000000000000e+00 1.855472055298319489e+01
-4.000000000000000000e+00 1.855471158227112127e+01
-4.000000000000000000e+00 1.848060091675567307e+01
-4.000000000000000000e+00 1.848059000681468689e+01
-4.000000000000000000e+00 1.848059000681467978e+01
-4.000000000000000000e+00 1.848059000681465491e+01
-4.000000000000000000e+00 1.394983213422814039e+01
-4.000000000000000000e+00 1.387571019443065623e+01
-4.000000000000000000e+00 1.387570803803602359e+01
-4.000000000000000000e+00 1.387570803803602182e+01
-4.000000000000000000e+00 1.387570803803602182e+01
-4.000000000000000000e+00 1.380158204902429375e+01
-3.500000000000000000e+00 2.776966822672328306e+01
-3.500000000000000000e+00 2.776966822650317823e+01
-3.500000000000000000e+00 2.589486195047231121e+01
-3.500000000000000000e+00 2.589486195045630623e+01
-3.500000000000000000e+00 2.316478036802839924e+01
-3.500000000000000000e+00 2.316478036802548957e+01
-3.500000000000000000e+00 2.309066881873532751e+01
-3.500000000000000000e+00 2.309066881873526711e+01
-3.500000000000000000e+00 2.271013820547971562e+01
-3.500000000000000000e+00 2.271013820547961970e+01
-3.500000000000000000e+00 2.128998603316156135e+01
-3.500000000000000000e+00 2.128998603316052396e+01
-3.500000000000000000e+00 2.128998075674347490e+01
-3.500000000000000000e+00 2.128998075674222079e+01
-3.500000000000000000e+00 2.128998075674124735e+01
-3.500000000000000000e+00 2.128998075674122958e+01
-3.500000000000000000e+00 2.128996337259719596e+01
-3.500000000000000000e+00 2.128996337259681582e+01
-3.500000000000000000e+00 2.121587937999743545e+01
-3.500000000000000000e+00 2.121587937999723650e+01
-3.500000000000000000e+00 2.121585825453608365e+01
-3.500000000000000000e+00 2.121585825453501783e+01
-3.500000000000000000e+00 2.121585825453465546e+01
-3.500000000000000000e+00 2.121585825453395557e+01
-3.500000000000000000e+00 2.121585328441936014e+01
-3.500000000000000000e+00 2.121585328441753404e+01
-3.500000000000000000e+00 1.941518741056754749e+01
-3.500000000000000000e+00 1.941518741056679076e+01
-3.500000000000000000e+00 1.934104519959382174e+01
-3.500000000000000000e+00 1.934104519959376844e+01
-3.500000000000000000e+00 1.908059875495232660e+01
-3.500000000000000000e+00 1.908059875495202817e+01
-3.500000000000000000e+00 1.668508443797618668e+01
-3.500000000000000000e+00 1.668508443797612983e+01
-3.500000000000000000e+00 1.661099827101495663e+01
-3.500000000000000000e+00 1.661099827101493887e+01
-3.500000000000000000e+00 1.661097376939719084e+01
-3.500000000000000000e+00 1.661097376939716597e+01
-3.500000000000000000e+00 1.661097337084580161e+01
-3.500000000000000000e+00 1.661097337084575543e+01
-3.500000000000000000e+00 1.661097337084574832e+01
-3.500000000000000000e+00 1.661097337084574477e+01
-3.500000000000000000e+00 1.653683680385859134e+01
-3.500000000000000000e+00 1.653683680385855226e+01
-3.500000000000000000e+00 1.481030580664801910e+01
-3.500000000000000000e+00 1.481030580664800844e+01
-3.500000000000000000e+00 1.473616909101225403e+01
-3.500000000000000000e+00 1.473616909101225225e+01
-3.500000000000000000e+00 1.473616909101224692e+01
-3.500000000000000000e+00 1.473616909101224515e+01
-3.500000000000000000e+00 1.473616872935069644e+01
-3.500000000000000000e+00 1.473616872935068400e+01
-3.500000000000000000e+00 1.473614845367096748e+01
-3.500000000000000000e+00 1.473614845367095860e+01
-3.500000000000000000e+00 1.466205408298114143e+01
-3.500000000000000000e+00 1.466205408298112545e+01
-3.500000000000000000e+00 1.013128314246357675e+01
-3.500000000000000000e+00 1.013128314246357675e+01
-3.500000000000000000e+00 1.005715982424101718e+01
-3.500000000000000000e+00 1.005715982424101540e+01
-3.000000000000000000e+00 2.544544489503278939e+01
-3.000000000000000000e+00 2.544541993465738727e+01
-3.000000000000000000e+00 2.544541993465738727e+01
-3.000000000000000000e+00 2.402526666288008883e+01
-3.000000000000000000e+00 2.402524253408055444e+01
-3.000000000000000000e+00 2.402523046989911037e+01
-3.000000000000000000e+00 2.402521237389983355e+01
-3.000000000000000000e+00 2.395116946269984481e+01
-3.000000000000000000e+00 2.395113025327389522e+01
-3.000000000000000000e+00 2.395112465205282959e+01
-3.000000000000000000e+00 2.395111905086313442e+01
-3.000000000000000000e+00 2.357060405579421669e+01
-3.000000000000000000e+00 2.357060022734694016e+01
-3.000000000000000000e+00 2.357059639891431857e+01
-3.000000000000000000e+00 2.357058874209304733e+01
-3.000000000000000000e+00 2.215045520219377551e+01
-3.000000000000000000e+00 2.215043947300961591e+01
-3.000000000000000000e+00 2.215043762253362658e+01
-3.000000000000000000e+00 2.215043669729691800e+01
-3.000000000000000000e+00 2.207631914238475801e+01
-3.000000000000000000e+00 2.207631828324538503e+01
-3.000000000000000000e+00 2.207631742410674747e+01
-3.000000000000000000e+00 2.207629938236589240e+01
-3.000000000000000000e+00 2.181586564469205314e+01
-3.000000000000000000e+00 2.181586564469205314e+01
-3.000000000000000000e+00 2.181586432041150303e+01
-3.000000000000000000e+00 2.181586167185566083e+01
-3.000000000000000000e+00 1.994106069032056183e+01
-3.000000000000000000e+00 1.994106048719583413e+01
-3.000000000000000000e+00 1.994106018250882073e+01
-3.000000000000000000e+00 1.994106018250882073e+01
-3.000000000000000000e+00 1.942032723794447691e+01
-3.000000000000000000e+00 1.934631020587423222e+01
-3.000000000000000000e+00 1.934623893573156295e+01
-3.000000000000000000e+00 1.934623893573156295e+01
-3.000000000000000000e+00 1.934623882367558778e+01
-3.000000000000000000e+00 1.927207681399182349e+01
-3.000000000000000000e+00 1.896571242867263152e+01
-3.000000000000000000e+00 1.896571239037741918e+01
-3.000000000000000000e+00 1.896571235208221040e+01
-3.000000000000000000e+00 1.896571231378700162e+01
-3.000000000000000000e+00 1.889159380777128661e+01
-3.000000000000000000e+00 1.889159380777128661e+01
-3.000000000000000000e+00 1.889159377221182723e+01
-3.000000000000000000e+00 1.889159370109290847e+01
-3.000000000000000000e+00 1.754556988215768953e+01
-3.000000000000000000e+00 1.754555587918330062e+01
-3.000000000000000000e+00 1.754555586067322182e+01
-3.000000000000000000e+00 1.754555580514298185e+01
-3.000000000000000000e+00 1.747144377929001635e+01
-3.000000000000000000e+00 1.747144377069608367e+01
-3.000000000000000000e+00 1.747144377069608367e+01
-3.000000000000000000e+00 1.747143482445427054e+01
-3.000000000000000000e+00 1.747143431741702457e+01
-3.000000000000000000e+00 1.747143431741702457e+01
-3.000000000000000000e+00 1.747143430882317716e+01
-3.000000000000000000e+00 1.747143369866005713e+01
-3.000000000000000000e+00 1.747143368147236941e+01
-3.000000000000000000e+00 1.747143368147236941e+01
-3.000000000000000000e+00 1.747143366428468170e+01
-3.000000000000000000e+00 1.747143366428468170e+01
-3.000000000000000000e+00 1.747142714157849497e+01
-3.000000000000000000e+00 1.747142713298470795e+01
-3.000000000000000000e+00 1.747142712439092094e+01
-3.000000000000000000e+00 1.747138708673592689e+01
-3.000000000000000000e+00 1.739734397232461660e+01
-3.000000000000000000e+00 1.739731085527659360e+01
-3.000000000000000000e+00 1.739731082335707768e+01
-3.000000000000000000e+00 1.739731081537719604e+01
-3.000000000000000000e+00 1.567077909664627278e+01
-3.000000000000000000e+00 1.559663035790022967e+01
-3.000000000000000000e+00 1.559663035394572539e+01
-3.000000000000000000e+00 1.559663034999122289e+01
-3.000000000000000000e+00 1.559661128419285347e+01
-3.000000000000000000e+00 1.552250305330657554e+01
-3.000000000000000000e+00 1.533617536236159751e+01
-3.000000000000000000e+00 1.533617536134568304e+01
-3.000000000000000000e+00 1.533617535931385767e+01
-3.000000000000000000e+00 1.533617535728203052e+01
-3.000000000000000000e+00 1.526204914410345559e+01
-3.000000000000000000e+00 1.526204914410345559e+01
-3.000000000000000000e+00 1.526204914316012484e+01
-3.000000000000000000e+00 1.526204914316012484e+01
-3.000000000000000000e+00 1.286654931773365718e+01
-3.000000000000000000e+00 1.286654889668694146e+01
-3.000000000000000000e+00 1.286654889668694146e+01
-3.000000000000000000e+00 1.286654889634309029e+01
-3.000000000000000000e+00 1.279242547838394550e+01
-3.000000000000000000e+00 1.279242449801645698e+01
-3.000000000000000000e+00 1.279242449793663461e+01
-3.000000000000000000e+00 1.279242449753752808e+01
-3.000000000000000000e+00 1.099174562395490007e+01
-3.000000000000000000e+00 1.099174562394171417e+01
-3.000000000000000000e+00 1.099174562391534238e+01
-3.000000000000000000e+00 1.099174134338279885e+01
-3.000000000000000000e+00 1.091762199501601849e+01
-3.000000000000000000e+00 1.091761993732554714e+01
-3.000000000000000000e+00 1.091761993732554714e+01
-3.000000000000000000e+00 1.091761993731330449e+01
-3.000000000000000000e+00 6.312735002139318041e+00
-2.500000000000000000e+00 1.975204814290632882e+01
-2.500000000000000000e+00 1.975204814290632882e+01
-2.500000000000000000e+00 1.975204805883542392e+01
-2.500000000000000000e+00 1.975204797476452612e+01
-2.500000000000000000e+00 1.840603511316579954e+01
-2.500000000000000000e+00 1.840603495999438977e+01
-2.500000000000000000e+00 1.833189712533393134e+01
-2.500000000000000000e+00 1.833189710501588365e+01
-2.500000000000000000e+00 1.833189405731333466e+01
-2.500000000000000000e+00 1.833189401667736362e+01
-2.500000000000000000e+00 1.833189397604139259e+01
-2.500000000000000000e+00 1.833189397604139259e+01
-2.500000000000000000e+00 1.833187083412496321e+01
-2.500000000000000000e+00 1.833187083412496321e+01
-2.500000000000000000e+00 1.825777515631977366e+01
-2.500000000000000000e+00 1.825777513745327951e+01
-2.500000000000000000e+00 1.807143764894914639e+01
-2.500000000000000000e+00 1.807143761763101253e+01
-2.500000000000000000e+00 1.807143761763101253e+01
-2.500000000000000000e+00 1.807143760197194737e+01
-2.500000000000000000e+00 1.807143758631288222e+01
-2.500000000000000000e+00 1.807143757065381706e+01
-2.500000000000000000e+00 1.807143727313161463e+01
-2.500000000000000000e+00 1.807143717917725212e+01
-2.500000000000000000e+00 1.799731710823630237e+01
-2.500000000000000000e+00 1.799731707915554324e+01
-2.500000000000000000e+00 1.799731706461516367e+01
-2.500000000000000000e+00 1.799731706461516367e+01
-2.500000000000000000e+00 1.799731703553440809e+01
-2.500000000000000000e+00 1.799731702099402852e+01
-2.500000000000000000e+00 1.799731686104988526e+01
-2.500000000000000000e+00 1.799731673018651179e+01
-2.500000000000000000e+00 1.619663991607975007e+01
-2.500000000000000000e+00 1.619663991607975007e+01
-2.500000000000000000e+00 1.619663991607975007e+01
-2.500000000000000000e+00 1.619663991367786693e+01
-2.500000000000000000e+00 1.619663991127598734e+01
-2.500000000000000000e+00 1.619663990887410421e+01
-2.500000000000000000e+00 1.619663969510668267e+01
-2.500000000000000000e+00 1.619663969270479953e+01
-2.500000000000000000e+00 1.612250803665597942e+01
-2.500000000000000000e+00 1.612250802996518573e+01
-2.500000000000000000e+00 1.612250802104412273e+01
-2.500000000000000000e+00 1.612250802104412273e+01
-2.500000000000000000e+00 1.612250801658359478e+01
-2.500000000000000000e+00 1.612250801435332903e+01
-2.500000000000000000e+00 1.612250714232004967e+01
-2.500000000000000000e+00 1.612250714232004967e+01
-2.500000000000000000e+00 1.560181694211475012e+01
-2.500000000000000000e+00 1.560181694211475012e+01
-2.500000000000000000e+00 1.552768702702580583e+01
-2.500000000000000000e+00 1.552768701226159465e+01
-2.500000000000000000e+00 1.522128239377907022e+01
-2.500000000000000000e+00 1.522128238925083288e+01
-2.500000000000000000e+00 1.514718275368144162e+01
-2.500000000000000000e+00 1.514718275284047699e+01
-2.500000000000000000e+00 1.514716697645462062e+01
-2.500000000000000000e+00 1.514716697477271623e+01
-2.500000000000000000e+00 1.514716697477271623e+01
-2.500000000000000000e+00 1.514716697309081184e+01
-2.500000000000000000e+00 1.514716697224985964e+01
-2.500000000000000000e+00 1.514716696972700305e+01
-2.500000000000000000e+00 1.507303439035631065e+01
-2.500000000000000000e+00 1.507303438879458035e+01
-2.500000000000000000e+00 1.372700975546792534e+01
-2.500000000000000000e+00 1.372700975526468703e+01
-2.500000000000000000e+00 1.372700911709771354e+01
-2.500000000000000000e+00 1.372700911689447700e+01
-2.500000000000000000e+00 1.372700911648800037e+01
-2.500000000000000000e+00 1.372700911608152552e+01
-2.500000000000000000e+00 1.372700409490043683e+01
-2.500000000000000000e+00 1.372700409408749067e+01
-2.500000000000000000e+00 1.365289094832929528e+01
-2.500000000000000000e+00 1.365289094757442001e+01
-2.500000000000000000e+00 1.365288661478628640e+01
-2.500000000000000000e+00 1.365288661459756980e+01
-2.500000000000000000e+00 1.365288661459756980e+01
-2.500000000000000000e+00 1.365288661440885143e+01
-2.500000000000000000e+00 1.365288583764547248e+01
-2.500000000000000000e+00 1.365288583689060076e+01
-2.500000000000000000e+00 1.185221142232020775e+01
-2.500000000000000000e+00 1.185221142210199119e+01
-2.500000000000000000e+00 1.177807741618069315e+01
-2.500000000000000000e+00 1.177807741609385417e+01
-2.500000000000000000e+00 1.159175800639521192e+01
-2.500000000000000000e+00 1.159175800634716147e+01
-2.500000000000000000e+00 1.151762523057818655e+01
-2.500000000000000000e+00 1.151762523053356979e+01
-2.500000000000000000e+00 1.151762523053356979e+01
-2.500000000000000000e+00 1.151762523053356979e+01
-2.500000000000000000e+00 1.151762523046664199e+01
-2.500000000000000000e+00 1.151762523046664199e+01
-2.500000000000000000e+00 1.151761376308340701e+01
-2.500000000000000000e+00 1.151761376297186246e+01
-2.500000000000000000e+00 1.144350583817814382e+01
-2.500000000000000000e+00 1.144350583815742795e+01
-2.500000000000000000e+00 9.048000529667909575e+00
-2.500000000000000000e+00 9.048000529666021308e+00
-2.500000000000000000e+00 7.173195706983642950e+00
-2.500000000000000000e+00 7.173195706983353404e+00
-2.000000000000000000e+00 1.608176800385848537e+01
-2.000000000000000000e+00 1.608176799101110532e+01
-2.000000000000000000e+00 1.600762952484207702e+01
-2.000000000000000000e+00 1.600762952285385410e+01
-2.000000000000000000e+00 1.600762952086563118e+01
-2.000000000000000000e+00 1.600762951887740471e+01
-2.000000000000000000e+00 1.600762711114058590e+01
-2.000000000000000000e+00 1.600762711114058590e+01
-2.000000000000000000e+00 1.600762711114058590e+01
-2.000000000000000000e+00 1.600762710915236653e+01
-2.000000000000000000e+00 1.600762710517592780e+01
-2.000000000000000000e+00 1.600762710318770843e+01
-2.000000000000000000e+00 1.600762710119948551e+01
-2.000000000000000000e+00 1.600762709921126614e+01
-2.000000000000000000e+00 1.600759313900953984e+01
-2.000000000000000000e+00 1.600759313702138797e+01
-2.000000000000000000e+00 1.600759313503323611e+01
-2.000000000000000000e+00 1.600759312509247678e+01
-2.000000000000000000e+00 1.593352047038479569e+01
-2.000000000000000000e+00 1.593352046853858894e+01
-2.000000000000000000e+00 1.593352046853858894e+01
-2.000000000000000000e+00 1.593352045376893855e+01
-2.000000000000000000e+00 1.458747382499978507e+01
-2.000000000000000000e+00 1.458747382259725001e+01
-2.000000000000000000e+00 1.458747382163623563e+01
-2.000000000000000000e+00 1.458746920733930530e+01
-2.000000000000000000e+00 1.451334838092756563e+01
-2.000000000000000000e+00 1.451334327756615572e+01
-2.000000000000000000e+00 1.451334327622762999e+01
-2.000000000000000000e+00 1.451334327488910603e+01
-2.000000000000000000e+00 1.432702230708014390e+01
-2.000000000000000000e+00 1.432702230522850151e+01
-2.000000000000000000e+00 1.432702230411751643e+01
-2.000000000000000000e+00 1.432702230374718866e+01
-2.000000000000000000e+00 1.425289129283316036e+01
-2.000000000000000000e+00 1.425289129283316036e+01
-2.000000000000000000e+00 1.425289129180155534e+01
-2.000000000000000000e+00 1.425289129180155534e+01
-2.000000000000000000e+00 1.425289057277299420e+01
-2.000000000000000000e+00 1.425289057242912527e+01
-2.000000000000000000e+00 1.425289057139752202e+01
-2.000000000000000000e+00 1.425289057105365309e+01
-2.000000000000000000e+00 1.425289057070978593e+01
-2.000000000000000000e+00 1.425289057036591700e+01
-2.000000000000000000e+00 1.425289057036591700e+01
-2.000000000000000000e+00 1.425289056933431198e+01
-2.000000000000000000e+00 1.425287279150903608e+01
-2.000000000000000000e+00 1.425287279150903608e+01
-2.000000000000000000e+00 1.425287278978972516e+01
-2.000000000000000000e+00 1.425287278944586333e+01
-2.000000000000000000e+00 1.417877416144274072e+01
-2.000000000000000000e+00 1.417877416144274072e+01
-2.000000000000000000e+00 1.417877416048482964e+01
-2.000000000000000000e+00 1.417877415984622225e+01
-2.000000000000000000e+00 1.245221974128586240e+01
-2.000000000000000000e+00 1.245221974100184781e+01
-2.000000000000000000e+00 1.245221974066103066e+01
-2.000000000000000000e+00 1.245221974054742375e+01
-2.000000000000000000e+00 1.237808988175985725e+01
-2.000000000000000000e+00 1.237808988175985725e+01
-2.000000000000000000e+00 1.237808988165436830e+01
-2.000000000000000000e+00 1.237808988154887935e+01
-2.000000000000000000e+00 1.237808720516973793e+01
-2.000000000000000000e+00 1.237808720485327107e+01
-2.000000000000000000e+00 1.237808720485327107e+01
-2.000000000000000000e+00 1.237808720469503854e+01
-2.000000000000000000e+00 1.237808720469503854e+01
-2.000000000000000000e+00 1.237808720453680600e+01
-2.000000000000000000e+00 1.237808720453680600e+01
-2.000000000000000000e+00 1.237808720437857346e+01
-2.000000000000000000e+00 1.237807408971007384e+01
-2.000000000000000000e+00 1.237807408971007384e+01
-2.000000000000000000e+00 1.237807408939361231e+01
-2.000000000000000000e+00 1.237807408934086872e+01
-2.000000000000000000e+00 1.230396383001771454e+01
-2.000000000000000000e+00 1.230396382991976267e+01
-2.000000000000000000e+00 1.230396382987078674e+01
-2.000000000000000000e+00 1.230396382962590529e+01
-2.000000000000000000e+00 1.178326556009481685e+01
-2.000000000000000000e+00 1.140273981692591931e+01
-2.000000000000000000e+00 1.140273981690603122e+01
-2.000000000000000000e+00 1.140273981684636695e+01
-2.000000000000000000e+00 1.140273981680659254e+01
-2.000000000000000000e+00 1.132861967727692054e+01
-2.000000000000000000e+00 1.132861967723998653e+01
-2.000000000000000000e+00 1.132861967716611851e+01
-2.000000000000000000e+00 1.132861967714765150e+01
-2.000000000000000000e+00 9.908461307988419620e+00
-2.000000000000000000e+00 9.908461307988419620e+00
-2.000000000000000000e+00 9.908461307983957411e+00
-2.000000000000000000e+00 9.908460900147435524e+00
-2.000000000000000000e+00 8.033657727205799404e+00
-2.000000000000000000e+00 7.773202596777863960e+00
-2.000000000000000000e+00 7.773202596777336382e+00
-2.000000000000000000e+00 7.773202596776281226e+00
-2.000000000000000000e+00 7.773202596775753648e+00
-2.000000000000000000e+00 7.699076100131328815e+00
-2.000000000000000000e+00 7.699076100130349154e+00
-2.000000000000000000e+00 7.699076100130349154e+00
-2.000000000000000000e+00 7.699076100128879219e+00
-1.500000000000000000e+00 1.511334011342115069e+01
-1.500000000000000000e+00 1.511334011179518910e+01
-1.500000000000000000e+00 1.511318326996469708e+01
-1.500000000000000000e+00 1.511318326752613750e+01
-1.500000000000000000e+00 1.503929327278042472e+01
-1.500000000000000000e+00 1.503929326674076705e+01
-1.500000000000000000e+00 1.503923206650220834e+01
-1.500000000000000000e+00 1.503923206650220834e+01
-1.500000000000000000e+00 1.503923206499238496e+01
-1.500000000000000000e+00 1.503923206348256336e+01
-1.500000000000000000e+00 1.503923206197274176e+01
-1.500000000000000000e+00 1.503923206197274176e+01
-1.500000000000000000e+00 1.413801013602288847e+01
-1.500000000000000000e+00 1.413801013479669244e+01
-1.500000000000000000e+00 1.413800973199128741e+01
-1.500000000000000000e+00 1.413800973076509138e+01
-1.500000000000000000e+00 1.413800973045854192e+01
-1.500000000000000000e+00 1.413800972923234589e+01
-1.500000000000000000e+00 1.413800972892579821e+01
-1.500000000000000000e+00 1.413800972831269931e+01
-1.500000000000000000e+00 1.406388675905370000e+01
-1.500000000000000000e+00 1.406388675876905126e+01
-1.500000000000000000e+00 1.406388114523510779e+01
-1.500000000000000000e+00 1.406388114495046082e+01
-1.500000000000000000e+00 1.406388114466581385e+01
-1.500000000000000000e+00 1.406388114409651990e+01
-1.500000000000000000e+00 1.406388114295793379e+01
-1.500000000000000000e+00 1.406388114238863984e+01
-1.500000000000000000e+00 1.331263929931154877e+01
-1.500000000000000000e+00 1.331263929904296717e+01
-1.500000000000000000e+00 1.323861844337809046e+01
-1.500000000000000000e+00 1.323861844325338133e+01
-1.500000000000000000e+00 1.323855007054871358e+01
-1.500000000000000000e+00 1.323855007054871358e+01
-1.500000000000000000e+00 1.323855007029931130e+01
-1.500000000000000000e+00 1.323855007017461105e+01
-1.500000000000000000e+00 1.323855007004990902e+01
-1.500000000000000000e+00 1.323855006955110625e+01
-1.500000000000000000e+00 1.316439078235703519e+01
-1.500000000000000000e+00 1.316439078177809741e+01
-1.500000000000000000e+00 1.297809556240290796e+01
-1.500000000000000000e+00 1.297809556201847947e+01
-1.500000000000000000e+00 1.290396449977712123e+01
-1.500000000000000000e+00 1.290396449915243871e+01
-1.500000000000000000e+00 1.264372664111778910e+01
-1.500000000000000000e+00 1.264372664084261899e+01
-1.500000000000000000e+00 1.226320079572440847e+01
-1.500000000000000000e+00 1.226320079567739008e+01
-1.500000000000000000e+00 1.226320079558334974e+01
-1.500000000000000000e+00 1.226320079548930941e+01
-1.500000000000000000e+00 1.226320079530123053e+01
-1.500000000000000000e+00 1.226320079530123053e+01
-1.500000000000000000e+00 1.226319298297055660e+01
-1.500000000000000000e+00 1.226319298273545932e+01
-1.500000000000000000e+00 1.218908380386935164e+01
-1.500000000000000000e+00 1.218908380347640552e+01
-1.500000000000000000e+00 1.218908137884023191e+01
-1.500000000000000000e+00 1.218908137879657083e+01
-1.500000000000000000e+00 1.218908137875290976e+01
-1.500000000000000000e+00 1.218908137857826723e+01
-1.500000000000000000e+00 1.218908137840362471e+01
-1.500000000000000000e+00 1.218908137840362471e+01
-1.500000000000000000e+00 1.076892236098319167e+01
-1.500000000000000000e+00 1.076892236089877919e+01
-1.500000000000000000e+00 1.050846462913544954e+01
-1.500000000000000000e+00 1.050846462911918522e+01
-1.500000000000000000e+00 1.050846419163907086e+01
-1.500000000000000000e+00 1.050846419162280654e+01
-1.500000000000000000e+00 1.050846419162280654e+01
-1.500000000000000000e+00 1.050846419160654222e+01
-1.500000000000000000e+00 1.050846419159027789e+01
-1.500000000000000000e+00 1.050846419154961708e+01
-1.500000000000000000e+00 1.043434398035438981e+01
-1.500000000000000000e+00 1.043434398035438981e+01
-1.500000000000000000e+00 1.043434398031663335e+01
-1.500000000000000000e+00 1.043434398031663335e+01
-1.500000000000000000e+00 1.043434398030908206e+01
-1.500000000000000000e+00 1.043434398030153076e+01
-1.500000000000000000e+00 1.043434032717338766e+01
-1.500000000000000000e+00 1.043434032709787651e+01
-1.500000000000000000e+00 8.633666581246796312e+00
-1.500000000000000000e+00 8.633666581244300531e+00
-1.500000000000000000e+00 8.633666581240557747e+00
-1.500000000000000000e+00 8.633666581235569737e+00
-1.500000000000000000e+00 8.633666581234320958e+00
-1.500000000000000000e+00 8.633666581233073956e+00
-1.500000000000000000e+00 8.633665831147762759e+00
-1.500000000000000000e+00 8.633665831134042179e+00
-1.500000000000000000e+00 8.559536314226120268e+00
-1.500000000000000000e+00 8.559536314222645714e+00
-1.500000000000000000e+00 8.559534624885809961e+00
-1.500000000000000000e+00 8.559534624884651777e+00
-1.500000000000000000e+00 8.559534624883493592e+00
-1.500000000000000000e+00 8.559534624881177223e+00
-1.500000000000000000e+00 8.559534624880019038e+00
-1.500000000000000000e+00 8.559534624877702669e+00
-1.500000000000000000e+00 7.584193055713358333e+00
-1.500000000000000000e+00 7.584193055712048270e+00
-1.500000000000000000e+00 3.954653077346833356e+00
-1.500000000000000000e+00 3.954653077346821810e+00
-1.000000000000000000e+00 1.324372846956732452e+01
-1.000000000000000000e+00 1.324372846931662906e+01
-1.000000000000000000e+00 1.316961256313995676e+01
-1.000000000000000000e+00 1.316961256313995676e+01
-1.000000000000000000e+00 1.316961256290716875e+01
-1.000000000000000000e+00 1.316961256209241249e+01
-1.000000000000000000e+00 1.312367404646494151e+01
-1.000000000000000000e+00 1.312367404613143762e+01
-1.000000000000000000e+00 1.312367404613143762e+01
-1.000000000000000000e+00 1.312367404602026966e+01
-1.000000000000000000e+00 1.304952971013417873e+01
-1.000000000000000000e+00 1.304952971003095463e+01
-1.000000000000000000e+00 1.304952970961806180e+01
-1.000000000000000000e+00 1.304952970941161361e+01
-1.000000000000000000e+00 1.286321936676752387e+01
-1.000000000000000000e+00 1.286320826318870481e+01
-1.000000000000000000e+00 1.286320826284599939e+01
-1.000000000000000000e+00 1.286320826267464668e+01
-1.000000000000000000e+00 1.278908632347266305e+01
-1.000000000000000000e+00 1.278908632299533110e+01
-1.000000000000000000e+00 1.278908632299533110e+01
-1.000000000000000000e+00 1.278908416712497420e+01
-1.000000000000000000e+00 1.278908416704541828e+01
-1.000000000000000000e+00 1.278908416696586414e+01
-1.000000000000000000e+00 1.278908416680675408e+01
-1.000000000000000000e+00 1.278908416680675408e+01
-1.000000000000000000e+00 1.278908416672719817e+01
-1.000000000000000000e+00 1.278908416664764225e+01
-1.000000000000000000e+00 1.278908416656808811e+01
-1.000000000000000000e+00 1.278908416640897627e+01
-1.000000000000000000e+00 1.278908046236263907e+01
-1.000000000000000000e+00 1.278908046204442073e+01
-1.000000000000000000e+00 1.278908046196486481e+01
-1.000000000000000000e+00 1.278904614564365261e+01
-1.000000000000000000e+00 1.271498141791282777e+01
-1.000000000000000000e+00 1.271495817791820926e+01
-1.000000000000000000e+00 1.271495817754885316e+01
-1.000000000000000000e+00 1.271495817732723843e+01
-1.000000000000000000e+00 1.136893667225063176e+01
-1.000000000000000000e+00 1.136893667221217896e+01
-1.000000000000000000e+00 1.136893667217372617e+01
-1.000000000000000000e+00 1.136893667215449888e+01
-1.000000000000000000e+00 1.136892863078556282e+01
-1.000000000000000000e+00 1.136892863070865722e+01
-1.000000000000000000e+00 1.136892863068942994e+01
-1.000000000000000000e+00 1.136892863068942994e+01
-1.000000000000000000e+00 1.136892863068942994e+01
-1.000000000000000000e+00 1.136892863067020443e+01
-1.000000000000000000e+00 1.136892863063174985e+01
-1.000000000000000000e+00 1.136892863061252434e+01
-1.000000000000000000e+00 1.136892282647472818e+01
-1.000000000000000000e+00 1.136892282647472818e+01
-1.000000000000000000e+00 1.136892282645550090e+01
-1.000000000000000000e+00 1.136892282645550090e+01
-1.000000000000000000e+00 1.129480514373154421e+01
-1.000000000000000000e+00 1.129480514369583766e+01
-1.000000000000000000e+00 1.129480514355301324e+01
-1.000000000000000000e+00 1.129480514355301324e+01
-1.000000000000000000e+00 1.129480241557013009e+01
-1.000000000000000000e+00 1.129480241551657116e+01
-1.000000000000000000e+00 1.129480241549871877e+01
-1.000000000000000000e+00 1.129480241548086639e+01
-1.000000000000000000e+00 1.129480241544515984e+01
-1.000000000000000000e+00 1.129480241542730745e+01
-1.000000000000000000e+00 1.129480241540945329e+01
-1.000000000000000000e+00 1.129480241537374852e+01
-1.000000000000000000e+00 1.129478932129340052e+01
-1.000000000000000000e+00 1.129478932123984158e+01
-1.000000000000000000e+00 1.129478932116843026e+01
-1.000000000000000000e+00 1.129478932109701894e+01
-1.000000000000000000e+00 1.031945998259228681e+01
-1.000000000000000000e+00 1.031945998256536079e+01
-1.000000000000000000e+00 1.031945998255189778e+01
-1.000000000000000000e+00 1.031945998254516539e+01
-1.000000000000000000e+00 9.494124926388433749e+00
-1.000000000000000000e+00 9.494124926385484997e+00
-1.000000000000000000e+00 9.494124926379587492e+00
-1.000000000000000000e+00 9.494124926355993921e+00
-1.000000000000000000e+00 9.420001251252076102e+00
-1.000000000000000000e+00 9.420001251249336960e+00
-1.000000000000000000e+00 9.420001251241121309e+00
-1.000000000000000000e+00 9.420001251238383944e+00
-1.000000000000000000e+00 9.233678327055907076e+00
-1.000000000000000000e+00 9.159544275382819123e+00
-1.000000000000000000e+00 9.159544275376488187e+00
-1.000000000000000000e+00 9.159544275368045163e+00
-1.000000000000000000e+00 9.159537420279338704e+00
-1.000000000000000000e+00 9.085418006608525943e+00
-1.000000000000000000e+00 8.444652781421318366e+00
-1.000000000000000000e+00 8.444652781419254239e+00
-1.000000000000000000e+00 8.444652781419254239e+00
-1.000000000000000000e+00 8.444652781418220400e+00
-1.000000000000000000e+00 6.689917205535691913e+00
-1.000000000000000000e+00 6.689917205535334865e+00
-1.000000000000000000e+00 6.689917205535156342e+00
-1.000000000000000000e+00 6.689917205534977818e+00
-1.000000000000000000e+00 4.815114761316237058e+00
-1.000000000000000000e+00 4.815114761316209524e+00
-1.000000000000000000e+00 4.815114761316209524e+00
-1.000000000000000000e+00 4.815114761316181990e+00
-5.000000000000000000e-01 1.364952458211914177e+01
-5.000000000000000000e-01 1.364952458155488735e+01
-5.000000000000000000e-01 1.364944486146568359e+01
-5.000000000000000000e-01 1.364944485996112711e+01
-5.000000000000000000e-01 1.357545750297787102e+01
-5.000000000000000000e-01 1.357545750140595509e+01
-5.000000000000000000e-01 1.357543021237587588e+01
-5.000000000000000000e-01 1.357543021237587588e+01
-5.000000000000000000e-01 1.357543021132796035e+01
-5.000000000000000000e-01 1.357543021115330717e+01
-5.000000000000000000e-01 1.357543021115330717e+01
-5.000000000000000000e-01 1.357543021097865577e+01
-5.000000000000000000e-01 1.305472341556692051e+01
-5.000000000000000000e-01 1.305472341494435540e+01
-5.000000000000000000e-01 1.267420306976259958e+01
-5.000000000000000000e-01 1.267420306862785928e+01
-5.000000000000000000e-01 1.260007783072406973e+01
-5.000000000000000000e-01 1.260007783065821485e+01
-5.000000000000000000e-01 1.222939318265025577e+01
-5.000000000000000000e-01 1.222939318255934360e+01
-5.000000000000000000e-01 1.222939318242297269e+01
-5.000000000000000000e-01 1.222939318233205874e+01
-5.000000000000000000e-01 1.222939318224114658e+01
-5.000000000000000000e-01 1.222939318187749258e+01
-5.000000000000000000e-01 1.222939292677435041e+01
-5.000000000000000000e-01 1.222939292650160858e+01
-5.000000000000000000e-01 1.215526129172665470e+01
-5.000000000000000000e-01 1.215526129172665470e+01
-5.000000000000000000e-01 1.215526129168444491e+01
-5.000000000000000000e-01 1.215526129143119327e+01
-5.000000000000000000e-01 1.215526129130456567e+01
-5.000000000000000000e-01 1.215526129126235766e+01
-5.000000000000000000e-01 1.215526090462971176e+01
-5.000000000000000000e-01 1.215526090458750375e+01
-5.000000000000000000e-01 1.196896442047415299e+01
-5.000000000000000000e-01 1.196896442019387585e+01
-5.000000000000000000e-01 1.189480725242145631e+01
-5.000000000000000000e-01 1.189480725216121293e+01
-5.000000000000000000e-01 1.189480725203109124e+01
-5.000000000000000000e-01 1.189480725203109124e+01
-5.000000000000000000e-01 1.189480393821372139e+01
-5.000000000000000000e-01 1.189480393753058607e+01
-5.000000000000000000e-01 1.189475020890496104e+01
-5.000000000000000000e-01 1.189475020874231959e+01
-5.000000000000000000e-01 1.182070317759245626e+01
-5.000000000000000000e-01 1.182070317741121457e+01
-5.000000000000000000e-01 1.117992121181227816e+01
-5.000000000000000000e-01 1.117992121170087039e+01
-5.000000000000000000e-01 1.117992024438551191e+01
-5.000000000000000000e-01 1.117992024433776521e+01
-5.000000000000000000e-01 1.117992024433776521e+01
-5.000000000000000000e-01 1.117992024432185083e+01
-5.000000000000000000e-01 1.117992024429002029e+01
-5.000000000000000000e-01 1.117992024427410414e+01
-5.000000000000000000e-01 1.009411244156727960e+01
-5.000000000000000000e-01 1.009411244147055697e+01
-5.000000000000000000e-01 1.002004644126041732e+01
-5.000000000000000000e-01 1.002004644124544797e+01
-5.000000000000000000e-01 1.002000782995837902e+01
-5.000000000000000000e-01 1.002000782988852379e+01
-5.000000000000000000e-01 1.002000608000516380e+01
-5.000000000000000000e-01 1.002000607996025572e+01
-5.000000000000000000e-01 1.002000607990536984e+01
-5.000000000000000000e-01 1.002000607988541070e+01
-5.000000000000000000e-01 9.945859920910718799e+00
-5.000000000000000000e-01 9.945859920850487867e+00
-5.000000000000000000e-01 9.425183833068935257e+00
-5.000000000000000000e-01 9.425183832967087838e+00
-5.000000000000000000e-01 9.305114716005357778e+00
-5.000000000000000000e-01 9.305114716002917064e+00
-5.000000000000000000e-01 9.044659271264004374e+00
-5.000000000000000000e-01 9.044659271250834465e+00
-5.000000000000000000e-01 9.044659271243308041e+00
-5.000000000000000000e-01 9.044659271241426879e+00
-5.000000000000000000e-01 9.044659271237664555e+00
-5.000000000000000000e-01 9.044659271233900455e+00
-5.000000000000000000e-01 9.044646114237497869e+00
-5.000000000000000000e-01 9.044646114237497869e+00
-5.000000000000000000e-01 8.970539351953508600e+00
-5.000000000000000000e-01 8.970539351943026318e+00
-5.000000000000000000e-01 8.970535953028907272e+00
-5.000000000000000000e-01 8.970535953027161113e+00
-5.000000000000000000e-01 8.970535953023667020e+00
-5.000000000000000000e-01 8.970535953021919084e+00
-5.000000000000000000e-01 8.970535953020172926e+00
-5.000000000000000000e-01 8.970535953007944485e+00
-5.000000000000000000e-01 7.550378500481697230e+00
-5.000000000000000000e-01 7.550378500476208288e+00
-5.000000000000000000e-01 7.550378500475786403e+00
-5.000000000000000000e-01 7.550378500474941745e+00
-5.000000000000000000e-01 7.550378500473675203e+00
-5.000000000000000000e-01 7.550378500471986776e+00
-5.000000000000000000e-01 7.550376717296472862e+00
-5.000000000000000000e-01 7.550376717286762407e+00
-5.000000000000000000e-01 5.675576867188353525e+00
-5.000000000000000000e-01 5.675576867188159014e+00
-5.000000000000000000e-01 5.415128629222774492e+00
-5.000000000000000000e-01 5.415128629222449419e+00
-5.000000000000000000e-01 5.340990676377865398e+00
-5.000000000000000000e-01 5.340990676377679769e+00
0.000000000000000000e+00 1.177992544662460972e+01
0.000000000000000000e+00 1.177992544653761087e+01
0.000000000000000000e+00 1.177992544647961104e+01
0.000000000000000000e+00 1.177992502531381902e+01
0.000000000000000000e+00 1.177992502528481822e+01
0.000000000000000000e+00 1.177992502528481822e+01
0.000000000000000000e+00 1.177992502528481822e+01
0.000000000000000000e+00 1.177992502522681839e+01
0.000000000000000000e+00 1.177992502522681839e+01
0.000000000000000000e+00 1.177992502508181971e+01
0.000000000000000000e+00 1.177992502499481908e+01
0.000000000000000000e+00 1.177992502496582006e+01
0.000000000000000000e+00 1.177991425619695143e+01
0.000000000000000000e+00 1.177991425596495567e+01
0.000000000000000000e+00 1.177991425579095797e+01
0.000000000000000000e+00 1.177990793473946596e+01
0.000000000000000000e+00 1.170582506758165131e+01
0.000000000000000000e+00 1.170581226050651047e+01
0.000000000000000000e+00 1.170581226042572531e+01
0.000000000000000000e+00 1.170581226007565689e+01
0.000000000000000000e+00 1.170580160723299734e+01
0.000000000000000000e+00 1.170580160717914175e+01
0.000000000000000000e+00 1.170580160699064542e+01
0.000000000000000000e+00 1.170580062687660217e+01
0.000000000000000000e+00 1.170580062679581879e+01
0.000000000000000000e+00 1.170580062671503541e+01
0.000000000000000000e+00 1.170580062671503541e+01
0.000000000000000000e+00 1.170580062663425025e+01
0.000000000000000000e+00 1.170580062655346687e+01
0.000000000000000000e+00 1.170580062655346687e+01
0.000000000000000000e+00 1.170580062649960951e+01
0.000000000000000000e+00 1.170580062628418538e+01
0.000000000000000000e+00 1.095449920027936841e+01
0.000000000000000000e+00 1.088059079371563698e+01
0.000000000000000000e+00 1.088046865455775247e+01
0.000000000000000000e+00 1.088046865441618927e+01
0.000000000000000000e+00 1.088046865440439248e+01
0.000000000000000000e+00 1.080630835160637382e+01
0.000000000000000000e+00 1.028564384151778555e+01
0.000000000000000000e+00 1.028564384149175481e+01
0.000000000000000000e+00 1.028564384144620014e+01
0.000000000000000000e+00 1.028564384141366084e+01
0.000000000000000000e+00 9.905121752788165423e+00
0.000000000000000000e+00 9.905121752779269428e+00
0.000000000000000000e+00 9.905121752770373433e+00
0.000000000000000000e+00 9.905121752761477438e+00
0.000000000000000000e+00 9.905121752743683672e+00
0.000000000000000000e+00 9.905121752739235674e+00
0.000000000000000000e+00 9.905121752734787677e+00
0.000000000000000000e+00 9.905121752730339679e+00
0.000000000000000000e+00 9.905121752703651694e+00
0.000000000000000000e+00 9.905121683047765302e+00
0.000000000000000000e+00 9.905121683034419533e+00
0.000000000000000000e+00 9.905121683016627543e+00
0.000000000000000000e+00 9.905117472141727220e+00
0.000000000000000000e+00 9.905117472119485456e+00
0.000000000000000000e+00 9.905117472075003704e+00
0.000000000000000000e+00 9.905100665193456777e+00
0.000000000000000000e+00 9.830998123798933008e+00
0.000000000000000000e+00 9.830998123774151054e+00
0.000000000000000000e+00 9.830998123765889218e+00
0.000000000000000000e+00 9.830996066166648006e+00
0.000000000000000000e+00 9.830996066162517977e+00
0.000000000000000000e+00 9.830996066150126111e+00
0.000000000000000000e+00 9.830996066125344157e+00
0.000000000000000000e+00 9.830996066125344157e+00
0.000000000000000000e+00 9.830996066112952292e+00
0.000000000000000000e+00 9.830996066112952292e+00
0.000000000000000000e+00 9.830996066108822262e+00
0.000000000000000000e+00 9.830996066067518413e+00
0.000000000000000000e+00 9.830994429433566495e+00
0.000000000000000000e+00 9.830985733760785550e+00
0.000000000000000000e+00 9.830985733748395461e+00
0.000000000000000000e+00 9.830985733715351671e+00
0.000000000000000000e+00 8.855654829739890488e+00
0.000000000000000000e+00 8.410840474586427362e+00
0.000000000000000000e+00 8.410840474581435799e+00
0.000000000000000000e+00 8.410840474578440862e+00
0.000000000000000000e+00 8.410840474576444237e+00
0.000000000000000000e+00 8.150388696115470566e+00
0.000000000000000000e+00 8.150384871411217702e+00
0.000000000000000000e+00 8.150384871405833564e+00
0.000000000000000000e+00 8.150384871395830899e+00
0.000000000000000000e+00 8.076257645905673854e+00
0.000000000000000000e+00 8.076257645904959759e+00
0.000000000000000000e+00 8.076257645895672965e+00
0.000000000000000000e+00 8.076243445492965023e+00
0.000000000000000000e+00 6.275598719854062146e+00
0.000000000000000000e+00 6.275587573346658843e+00
0.000000000000000000e+00 6.275587573346187220e+00
0.000000000000000000e+00 6.275587573345361214e+00
0.000000000000000000e+00 6.201454478586481578e+00
0.000000000000000000e+00 6.201454478585933572e+00
0.000000000000000000e+00 6.201454478585385566e+00
0.000000000000000000e+00 6.201452479755944047e+00
0.000000000000000000e+00 5.226111130921530901e+00
0.000000000000000000e+00 5.226111130921490044e+00
0.000000000000000000e+00 5.226111130921117898e+00
0.000000000000000000e+00 5.226103690012463332e+00
0.000000000000000000e+00 1.596574872977880366e+00
5.000000000000000000e-01 1.256626363682492986e+01
5.000000000000000000e-01 1.256626363574262939e+01
5.000000000000000000e-01 1.256626274510471220e+01
5.000000000000000000e-01 1.256626274421340739e+01
5.000000000000000000e-01 1.256626274395874709e+01
5.000000000000000000e-01 1.256626274389508247e+01
5.000000000000000000e-01 1.256626274376775321e+01
5.000000000000000000e-01 1.256626274370408858e+01
5.000000000000000000e-01 1.256626274364042395e+01
5.000000000000000000e-01 1.256626274364042395e+01
5.000000000000000000e-01 1.256626274364042395e+01
5.000000000000000000e-01 1.256626274364042395e+01
5.000000000000000000e-01 1.256626274351309469e+01
5.000000000000000000e-01 1.256626274319477155e+01
5.000000000000000000e-01 1.256626196769519055e+01
5.000000000000000000e-01 1.256626196705854248e+01
5.000000000000000000e-01 1.256626196674021934e+01
5.000000000000000000e-01 1.256626196635823156e+01
5.000000000000000000e-01 1.256626196635823156e+01
5.000000000000000000e-01 1.256626196502127435e+01
5.000000000000000000e-01 1.256626186003824763e+01
5.000000000000000000e-01 1.256626185940160134e+01
5.000000000000000000e-01 1.159091951819163491e+01
5.000000000000000000e-01 1.159091951814362353e+01
5.000000000000000000e-01 1.114610529505029390e+01
5.000000000000000000e-01 1.114610529498875025e+01
5.000000000000000000e-01 1.088564217703671488e+01
5.000000000000000000e-01 1.088564217691813418e+01
5.000000000000000000e-01 1.081152913697481033e+01
5.000000000000000000e-01 1.081152913678762317e+01
5.000000000000000000e-01 1.076559552679077747e+01
5.000000000000000000e-01 1.076559552643321105e+01
5.000000000000000000e-01 1.076558755162955272e+01
5.000000000000000000e-01 1.076558755113527077e+01
5.000000000000000000e-01 1.076558755113527077e+01
5.000000000000000000e-01 1.076558755110372090e+01
5.000000000000000000e-01 1.076558755108268883e+01
5.000000000000000000e-01 1.076558755103010512e+01
5.000000000000000000e-01 1.069145354528822089e+01
5.000000000000000000e-01 1.069145354521986491e+01
5.000000000000000000e-01 1.069145354511244861e+01
5.000000000000000000e-01 1.069145354503432799e+01
5.000000000000000000e-01 1.069145354502456158e+01
5.000000000000000000e-01 1.069145354491714528e+01
5.000000000000000000e-01 1.069144347976024711e+01
5.000000000000000000e-01 1.069144347963330155e+01
5.000000000000000000e-01 1.050513413516932815e+01
5.000000000000000000e-01 1.050513413503964699e+01
5.000000000000000000e-01 1.043100135947902274e+01
5.000000000000000000e-01 1.043100135941128848e+01
5.000000000000000000e-01 1.043100135934355421e+01
5.000000000000000000e-01 1.043100135931345029e+01
5.000000000000000000e-01 1.043100135930592387e+01
5.000000000000000000e-01 1.043100135923818961e+01
5.000000000000000000e-01 1.043098989190598935e+01
5.000000000000000000e-01 1.043098989180815295e+01
5.000000000000000000e-01 1.035688196707493169e+01
5.000000000000000000e-01 1.035688196703999076e+01
5.000000000000000000e-01 9.716114652141255803e+00
5.000000000000000000e-01 9.716114652104435478e+00
5.000000000000000000e-01 9.010868117944649924e+00
5.000000000000000000e-01 9.010868117931918775e+00
5.000000000000000000e-01 9.010849760779255035e+00
5.000000000000000000e-01 9.010849760777436046e+00
5.000000000000000000e-01 9.010848832434712463e+00
5.000000000000000000e-01 9.010848832429255495e+00
5.000000000000000000e-01 9.010848832418341559e+00
5.000000000000000000e-01 9.010848832412886367e+00
5.000000000000000000e-01 8.936717769653471422e+00
5.000000000000000000e-01 8.936717769641647990e+00
5.000000000000000000e-01 8.936717769641647990e+00
5.000000000000000000e-01 8.936717769618002905e+00
5.000000000000000000e-01 8.936717239648025668e+00
5.000000000000000000e-01 8.936717239636204013e+00
5.000000000000000000e-01 8.936690473023750414e+00
5.000000000000000000e-01 8.936690472993351619e+00
5.000000000000000000e-01 7.961376658459421662e+00
5.000000000000000000e-01 7.961376658455600719e+00
5.000000000000000000e-01 7.961376658451142951e+00
5.000000000000000000e-01 7.961376658446685184e+00
5.000000000000000000e-01 7.961376658444773824e+00
5.000000000000000000e-01 7.961376658429490050e+00
5.000000000000000000e-01 7.961376493768380413e+00
5.000000000000000000e-01 7.961376493750549344e+00
5.000000000000000000e-01 7.136034441882335599e+00
5.000000000000000000e-01 7.136034441876756063e+00
5.000000000000000000e-01 7.061930118793565470e+00
5.000000000000000000e-01 7.061930118790456845e+00
5.000000000000000000e-01 6.086571835770270944e+00
5.000000000000000000e-01 6.086571835766070748e+00
5.000000000000000000e-01 6.086571835766070748e+00
5.000000000000000000e-01 6.086571835765777649e+00
5.000000000000000000e-01 6.086571835765093752e+00
5.000000000000000000e-01 6.086571835761626303e+00
5.000000000000000000e-01 6.086562243115128723e+00
5.000000000000000000e-01 6.086562243111758974e+00
5.000000000000000000e-01 4.331833963719905256e+00
5.000000000000000000e-01 4.331833963719787128e+00
5.000000000000000000e-01 2.457038611867802036e+00
5.000000000000000000e-01 2.457038611867796707e+00
1.000000000000000000e+00 1.316626670026936807e+01
1.000000000000000000e+00 1.316624892061093810e+01
1.000000000000000000e+00 1.316624892003092206e+01
1.000000000000000000e+00 1.316624891991491886e+01
1.000000000000000000e+00 1.316624891956691101e+01
1.000000000000000000e+00 1.309215029099445005e+01
1.000000000000000000e+00 1.309215029067129521e+01
1.000000000000000000e+00 1.309215029034814215e+01
1.000000000000000000e+00 1.309215028991726903e+01
1.000000000000000000e+00 1.245138499420849065e+01
1.000000000000000000e+00 1.245138103293723120e+01
1.000000000000000000e+00 1.245138103282372022e+01
1.000000000000000000e+00 1.245138103271020924e+01
1.000000000000000000e+00 1.174611685191809407e+01
1.000000000000000000e+00 1.174611685186202159e+01
1.000000000000000000e+00 1.174611685183398713e+01
1.000000000000000000e+00 1.174610340477413750e+01
1.000000000000000000e+00 1.167198925452311897e+01
1.000000000000000000e+00 1.167197655123902322e+01
1.000000000000000000e+00 1.167197655123902322e+01
1.000000000000000000e+00 1.167197655121299071e+01
1.000000000000000000e+00 1.136559586962143342e+01
1.000000000000000000e+00 1.136559586960227008e+01
1.000000000000000000e+00 1.136559586958310675e+01
1.000000000000000000e+00 1.136559586958310675e+01
1.000000000000000000e+00 1.129146601056724464e+01
1.000000000000000000e+00 1.129146601053165710e+01
1.000000000000000000e+00 1.129146601051386334e+01
1.000000000000000000e+00 1.129146601044269005e+01
1.000000000000000000e+00 1.129146333353737219e+01
1.000000000000000000e+00 1.129146333346619890e+01
1.000000000000000000e+00 1.129146333344840514e+01
1.000000000000000000e+00 1.129146333344840514e+01
1.000000000000000000e+00 1.129146333344840514e+01
1.000000000000000000e+00 1.129146333341281760e+01
1.000000000000000000e+00 1.129146333335943808e+01
1.000000000000000000e+00 1.129146333330605678e+01
1.000000000000000000e+00 1.129145021841874730e+01
1.000000000000000000e+00 1.129145021841874730e+01
1.000000000000000000e+00 1.129145021840095353e+01
1.000000000000000000e+00 1.129145021834757401e+01
1.000000000000000000e+00 1.121733995872955703e+01
1.000000000000000000e+00 1.121733995869651324e+01
1.000000000000000000e+00 1.121733995869651324e+01
1.000000000000000000e+00 1.121733995867999134e+01
1.000000000000000000e+00 1.069664787684454055e+01
1.000000000000000000e+00 1.069664168900260748e+01
1.000000000000000000e+00 1.069664168900260748e+01
1.000000000000000000e+00 1.069664168899279133e+01
1.000000000000000000e+00 1.057657424409704383e+01
1.000000000000000000e+00 1.031611594571841373e+01
1.000000000000000000e+00 1.031611594568486900e+01
1.000000000000000000e+00 1.031611594567145040e+01
1.000000000000000000e+00 1.031611594565803181e+01
1.000000000000000000e+00 1.024199580593812620e+01
1.000000000000000000e+00 1.024199580591320569e+01
1.000000000000000000e+00 1.024199580590074632e+01
1.000000000000000000e+00 1.024199580589451664e+01
1.000000000000000000e+00 9.871315460574534129e+00
1.000000000000000000e+00 9.871306441827611522e+00
1.000000000000000000e+00 9.871306441814709842e+00
1.000000000000000000e+00 9.871306441801809939e+00
1.000000000000000000e+00 9.797184616920233680e+00
1.000000000000000000e+00 9.797184616904262455e+00
1.000000000000000000e+00 9.797184616892282705e+00
1.000000000000000000e+00 9.797171095952091235e+00
1.000000000000000000e+00 8.821837436773577679e+00
1.000000000000000000e+00 8.821837436767555829e+00
1.000000000000000000e+00 8.821837436767555829e+00
1.000000000000000000e+00 8.821837436766049478e+00
1.000000000000000000e+00 8.821837436764544904e+00
1.000000000000000000e+00 8.821837436760027629e+00
1.000000000000000000e+00 8.821837436752499428e+00
1.000000000000000000e+00 8.821837436750994854e+00
1.000000000000000000e+00 8.821837436734432103e+00
1.000000000000000000e+00 8.821837028946966086e+00
1.000000000000000000e+00 8.821837028922875135e+00
1.000000000000000000e+00 8.821837028922875135e+00
1.000000000000000000e+00 8.821833732054940924e+00
1.000000000000000000e+00 8.821833732054940924e+00
1.000000000000000000e+00 8.821833732051929999e+00
1.000000000000000000e+00 8.821830086796007109e+00
1.000000000000000000e+00 7.067099011870697112e+00
1.000000000000000000e+00 6.947033855988266282e+00
1.000000000000000000e+00 6.947033855988035356e+00
1.000000000000000000e+00 6.947033855987804429e+00
1.000000000000000000e+00 6.947028777341456518e+00
1.000000000000000000e+00 6.686578725559537695e+00
1.000000000000000000e+00 6.686578725559003900e+00
1.000000000000000000e+00 6.686578725558647740e+00
1.000000000000000000e+00 6.686578725558647740e+00
1.000000000000000000e+00 6.612452228912628627e+00
1.000000000000000000e+00 6.612452228912463426e+00
1.000000000000000000e+00 6.612452228912463426e+00
1.000000000000000000e+00 6.612452228911967822e+00
1.000000000000000000e+00 5.192297545317962282e+00
1.000000000000000000e+00 5.192297545317922314e+00
1.000000000000000000e+00 5.192297545317922314e+00
1.000000000000000000e+00 5.192296005466223718e+00
1.000000000000000000e+00 3.317498546483865329e+00
1.500000000000000000e+00 1.305138585888187919e+01
1.500000000000000000e+00 1.305138585888187919e+01
1.500000000000000000e+00 1.305138585857163314e+01
1.500000000000000000e+00 1.305138585857163314e+01
1.500000000000000000e+00 1.297726288715792542e+01
1.500000000000000000e+00 1.297726288648573423e+01
1.500000000000000000e+00 1.297725727362051096e+01
1.500000000000000000e+00 1.297725727314037769e+01
1.500000000000000000e+00 1.297725727294832510e+01
1.500000000000000000e+00 1.297725727294832510e+01
1.500000000000000000e+00 1.297725727256421813e+01
1.500000000000000000e+00 1.297725727246819183e+01
1.500000000000000000e+00 1.260657530912922120e+01
1.500000000000000000e+00 1.260657530886408573e+01
1.500000000000000000e+00 1.253244424612339003e+01
1.500000000000000000e+00 1.253244424593874662e+01
1.500000000000000000e+00 1.222601542809633379e+01
1.500000000000000000e+00 1.222601542809633379e+01
1.500000000000000000e+00 1.215199457217199175e+01
1.500000000000000000e+00 1.215199457200370681e+01
1.500000000000000000e+00 1.215192619920982331e+01
1.500000000000000000e+00 1.215192619920982331e+01
1.500000000000000000e+00 1.215192619916775563e+01
1.500000000000000000e+00 1.215192619916775563e+01
1.500000000000000000e+00 1.215192619899948312e+01
1.500000000000000000e+00 1.215192619887327830e+01
1.500000000000000000e+00 1.207776691131975078e+01
1.500000000000000000e+00 1.207776691085101461e+01
1.500000000000000000e+00 1.155710380968942985e+01
1.500000000000000000e+00 1.155710380957339289e+01
1.500000000000000000e+00 1.155710276967318961e+01
1.500000000000000000e+00 1.155710276958036076e+01
1.500000000000000000e+00 1.155710276953394633e+01
1.500000000000000000e+00 1.155710276953394633e+01
1.500000000000000000e+00 1.155710276948753013e+01
1.500000000000000000e+00 1.155710276948753013e+01
1.500000000000000000e+00 1.117657692440281281e+01
1.500000000000000000e+00 1.117657692440281281e+01
1.500000000000000000e+00 1.117657692432350203e+01
1.500000000000000000e+00 1.117657692427591520e+01
1.500000000000000000e+00 1.117657692411729187e+01
1.500000000000000000e+00 1.117657692410142900e+01
1.500000000000000000e+00 1.117656911165229516e+01
1.500000000000000000e+00 1.117656911162057121e+01
1.500000000000000000e+00 1.110245993237819739e+01
1.500000000000000000e+00 1.110245993218671856e+01
1.500000000000000000e+00 1.110245750747908211e+01
1.500000000000000000e+00 1.110245750740543613e+01
1.500000000000000000e+00 1.110245750736124926e+01
1.500000000000000000e+00 1.110245750734651971e+01
1.500000000000000000e+00 1.110245750728760328e+01
1.500000000000000000e+00 1.110245750728760328e+01
1.500000000000000000e+00 9.682298489762199978e+00
1.500000000000000000e+00 9.682298489751520520e+00
1.500000000000000000e+00 9.682298489747960701e+00
1.500000000000000000e+00 9.682298489740842840e+00
1.500000000000000000e+00 9.682298489737283020e+00
1.500000000000000000e+00 9.682298489733723201e+00
1.500000000000000000e+00 9.682296966392604176e+00
1.500000000000000000e+00 9.682296966389044357e+00
1.500000000000000000e+00 9.421840757903598984e+00
1.500000000000000000e+00 9.421840757881652095e+00
1.500000000000000000e+00 9.421840320409122782e+00
1.500000000000000000e+00 9.421840320395405755e+00
1.500000000000000000e+00 9.421840320395405755e+00
1.500000000000000000e+00 9.421840320381688727e+00
1.500000000000000000e+00 9.421840320378944256e+00
1.500000000000000000e+00 9.421840320376201561e+00
1.500000000000000000e+00 9.347720109124466603e+00
1.500000000000000000e+00 9.347720109109181053e+00
1.500000000000000000e+00 9.347720109104086461e+00
1.500000000000000000e+00 9.347720109101539165e+00
1.500000000000000000e+00 9.347720109101539165e+00
1.500000000000000000e+00 9.347720109088802687e+00
1.500000000000000000e+00 9.347716455940604519e+00
1.500000000000000000e+00 9.347716455940604519e+00
1.500000000000000000e+00 7.927560522110840502e+00
1.500000000000000000e+00 7.927560522107146568e+00
1.500000000000000000e+00 7.547042710025123391e+00
1.500000000000000000e+00 7.547042710023861289e+00
1.500000000000000000e+00 7.547042710023861289e+00
1.500000000000000000e+00 7.547042710023019296e+00
1.500000000000000000e+00 7.547042710022598300e+00
1.500000000000000000e+00 7.547042710020495093e+00
1.500000000000000000e+00 7.547041959928003863e+00
1.500000000000000000e+00 7.547041959926741761e+00
1.500000000000000000e+00 7.472912443010267580e+00
1.500000000000000000e+00 7.472912443008704386e+00
1.500000000000000000e+00 7.472910753664869787e+00
1.500000000000000000e+00 7.472910753664869787e+00
1.500000000000000000e+00 7.472910753661353489e+00
1.500000000000000000e+00 7.472910753660962691e+00
1.500000000000000000e+00 7.472910753660962691e+00
1.500000000000000000e+00 7.472910753660181093e+00
1.500000000000000000e+00 6.497569184495151084e+00
1.500000000000000000e+00 6.497569184494562222e+00
1.500000000000000000e+00 6.052759349878233941e+00
1.500000000000000000e+00 6.052759349877573136e+00
1.500000000000000000e+00 2.868029206129166564e+00
1.500000000000000000e+00 2.868029206129158570e+00
2.000000000000000000e+00 1.391182539852284172e+01
2.000000000000000000e+00 1.383774387712889897e+01
2.000000000000000000e+00 1.383774387690186281e+01
2.000000000000000000e+00 1.383774387553964225e+01
2.000000000000000000e+00 1.383774387395038552e+01
2.000000000000000000e+00 1.383772307295237169e+01
2.000000000000000000e+00 1.383772307249830646e+01
2.000000000000000000e+00 1.383772307181721040e+01
2.000000000000000000e+00 1.383772307181721040e+01
2.000000000000000000e+00 1.383772307159017956e+01
2.000000000000000000e+00 1.383772307113611610e+01
2.000000000000000000e+00 1.383772307022798742e+01
2.000000000000000000e+00 1.383772306931986051e+01
2.000000000000000000e+00 1.383771974444234765e+01
2.000000000000000000e+00 1.383771974421531681e+01
2.000000000000000000e+00 1.383771974330719168e+01
2.000000000000000000e+00 1.383771974285312822e+01
2.000000000000000000e+00 1.241756400414198325e+01
2.000000000000000000e+00 1.241756308499235573e+01
2.000000000000000000e+00 1.241756308471801518e+01
2.000000000000000000e+00 1.241756308433393841e+01
2.000000000000000000e+00 1.215710459928290277e+01
2.000000000000000000e+00 1.215710459860631687e+01
2.000000000000000000e+00 1.215710459839488244e+01
2.000000000000000000e+00 1.215710459835259627e+01
2.000000000000000000e+00 1.208298869196252312e+01
2.000000000000000000e+00 1.208298869125573738e+01
2.000000000000000000e+00 1.208298869121647101e+01
2.000000000000000000e+00 1.208298869121647101e+01
2.000000000000000000e+00 1.203705017501449959e+01
2.000000000000000000e+00 1.203705017493949292e+01
2.000000000000000000e+00 1.203705017490199047e+01
2.000000000000000000e+00 1.203705017452696069e+01
2.000000000000000000e+00 1.196290583881329361e+01
2.000000000000000000e+00 1.196290583856953305e+01
2.000000000000000000e+00 1.196290583836059618e+01
2.000000000000000000e+00 1.196290583815165931e+01
2.000000000000000000e+00 1.177658439132543755e+01
2.000000000000000000e+00 1.170246245213196801e+01
2.000000000000000000e+00 1.170246029590456693e+01
2.000000000000000000e+00 1.170246029550199296e+01
2.000000000000000000e+00 1.170246029531412546e+01
2.000000000000000000e+00 1.162833430673994073e+01
2.000000000000000000e+00 1.028231280104635736e+01
2.000000000000000000e+00 1.028231280103987011e+01
2.000000000000000000e+00 1.028231280102689738e+01
2.000000000000000000e+00 1.028231280102041190e+01
2.000000000000000000e+00 1.028230475947451339e+01
2.000000000000000000e+00 1.028230475946802791e+01
2.000000000000000000e+00 1.028230475942262423e+01
2.000000000000000000e+00 1.028230475940965150e+01
2.000000000000000000e+00 1.028230475940316602e+01
2.000000000000000000e+00 1.028230475937073507e+01
2.000000000000000000e+00 1.028230475937073507e+01
2.000000000000000000e+00 1.028230475937073507e+01
2.000000000000000000e+00 1.028229895531138816e+01
2.000000000000000000e+00 1.028229895526598447e+01
2.000000000000000000e+00 1.028229895525949900e+01
2.000000000000000000e+00 1.028229895519463710e+01
2.000000000000000000e+00 1.020818127239603434e+01
2.000000000000000000e+00 1.020818127236591977e+01
2.000000000000000000e+00 1.020818127231773786e+01
2.000000000000000000e+00 1.020818127231171424e+01
2.000000000000000000e+00 1.020817854433021665e+01
2.000000000000000000e+00 1.020817854432419480e+01
2.000000000000000000e+00 1.020817854430010385e+01
2.000000000000000000e+00 1.020817854428203475e+01
2.000000000000000000e+00 1.020817854426396565e+01
2.000000000000000000e+00 1.020817854426396565e+01
2.000000000000000000e+00 1.020817854424589832e+01
2.000000000000000000e+00 1.020817854422180737e+01
2.000000000000000000e+00 1.020816545004492504e+01
2.000000000000000000e+00 1.020816545000276676e+01
2.000000000000000000e+00 1.020816544999072129e+01
2.000000000000000000e+00 1.020816544996663033e+01
2.000000000000000000e+00 9.232836111365148923e+00
2.000000000000000000e+00 9.232836111360606779e+00
2.000000000000000000e+00 9.232836111337897833e+00
2.000000000000000000e+00 9.232836111331085505e+00
2.000000000000000000e+00 8.788023174276519356e+00
2.000000000000000000e+00 8.407501055165703008e+00
2.000000000000000000e+00 8.407501055163711712e+00
2.000000000000000000e+00 8.407501055158737913e+00
2.000000000000000000e+00 8.407501055149785074e+00
2.000000000000000000e+00 8.333377380041920190e+00
2.000000000000000000e+00 8.333377380034530546e+00
2.000000000000000000e+00 8.333377380030833947e+00
2.000000000000000000e+00 8.333377380028986536e+00
2.000000000000000000e+00 7.358028910204190254e+00
2.000000000000000000e+00 7.358028910202100370e+00
2.000000000000000000e+00 7.358028910201752204e+00
2.000000000000000000e+00 7.358028910200010486e+00
2.000000000000000000e+00 5.603293334318030006e+00
2.000000000000000000e+00 5.603293334317728913e+00
2.000000000000000000e+00 5.603293334317307028e+00
2.000000000000000000e+00 5.603293334316945540e+00
2.000000000000000000e+00 3.728490890098649313e+00
2.000000000000000000e+00 3.728490890098589361e+00
2.000000000000000000e+00 3.728490890098589361e+00
2.000000000000000000e+00 3.728490890098580035e+00
2.500000000000000000e+00 1.477230672396419564e+01
2.500000000000000000e+00 1.477230672338613715e+01
2.500000000000000000e+00 1.477230672107390497e+01
2.500000000000000000e+00 1.477230671991778799e+01
2.500000000000000000e+00 1.477230671876167278e+01
2.500000000000000000e+00 1.477230671702749731e+01
2.500000000000000000e+00 1.477229774387132188e+01
2.500000000000000000e+00 1.477229774329326872e+01
2.500000000000000000e+00 1.469818811144768667e+01
2.500000000000000000e+00 1.469818811144768667e+01
2.500000000000000000e+00 1.469817752064168026e+01
2.500000000000000000e+00 1.469817752064168026e+01
2.500000000000000000e+00 1.469817751956816565e+01
2.500000000000000000e+00 1.469817751795789462e+01
2.500000000000000000e+00 1.469817751742113821e+01
2.500000000000000000e+00 1.469817751581086718e+01
2.500000000000000000e+00 1.451183669549771516e+01
2.500000000000000000e+00 1.451183669237919283e+01
2.500000000000000000e+00 1.443775052910164547e+01
2.500000000000000000e+00 1.443775052827426464e+01
2.500000000000000000e+00 1.443772602775098157e+01
2.500000000000000000e+00 1.443772602692362028e+01
2.500000000000000000e+00 1.443772563103153139e+01
2.500000000000000000e+00 1.443772563020417188e+01
2.500000000000000000e+00 1.443772562813576954e+01
2.500000000000000000e+00 1.443772562772208978e+01
2.500000000000000000e+00 1.436358906304769434e+01
2.500000000000000000e+00 1.436358906304769434e+01
2.500000000000000000e+00 1.301756700249879906e+01
2.500000000000000000e+00 1.301756700229884522e+01
2.500000000000000000e+00 1.301756700219887009e+01
2.500000000000000000e+00 1.301756700219887009e+01
2.500000000000000000e+00 1.301756700189893934e+01
2.500000000000000000e+00 1.301756700129908140e+01
2.500000000000000000e+00 1.301756612080681208e+01
2.500000000000000000e+00 1.301756612060686003e+01
2.500000000000000000e+00 1.294344646276210931e+01
2.500000000000000000e+00 1.294344646276210931e+01
2.500000000000000000e+00 1.294344646266927512e+01
2.500000000000000000e+00 1.294344646257644094e+01
2.500000000000000000e+00 1.294344646257644094e+01
2.500000000000000000e+00 1.294344646248360675e+01
2.500000000000000000e+00 1.294344623773223901e+01
2.500000000000000000e+00 1.294344623754657064e+01
2.500000000000000000e+00 1.263705806432372647e+01
2.500000000000000000e+00 1.263705806411872068e+01
2.500000000000000000e+00 1.256292134861801024e+01
2.500000000000000000e+00 1.256292134861801024e+01
2.500000000000000000e+00 1.256292134855455700e+01
2.500000000000000000e+00 1.256292134830074936e+01
2.500000000000000000e+00 1.256292098700318860e+01
2.500000000000000000e+00 1.256292098693973713e+01
2.500000000000000000e+00 1.256290071136976216e+01
2.500000000000000000e+00 1.256290071124286101e+01
2.500000000000000000e+00 1.248880634055364069e+01
2.500000000000000000e+00 1.248880634043580073e+01
2.500000000000000000e+00 1.196809954507829943e+01
2.500000000000000000e+00 1.196809954500829143e+01
2.500000000000000000e+00 1.114276931098115675e+01
2.500000000000000000e+00 1.114276931098115675e+01
2.500000000000000000e+00 1.114276931093515088e+01
2.500000000000000000e+00 1.114276931088914679e+01
2.500000000000000000e+00 1.114276931087381151e+01
2.500000000000000000e+00 1.114276931087381151e+01
2.500000000000000000e+00 1.114276905532393158e+01
2.500000000000000000e+00 1.114276905527792572e+01
2.500000000000000000e+00 1.106863742029147168e+01
2.500000000000000000e+00 1.106863742026299313e+01
2.500000000000000000e+00 1.106863742023451458e+01
2.500000000000000000e+00 1.106863742022027530e+01
2.500000000000000000e+00 1.106863742019179675e+01
2.500000000000000000e+00 1.106863742013483964e+01
2.500000000000000000e+00 1.106863703335304017e+01
2.500000000000000000e+00 1.106863703331032234e+01
2.500000000000000000e+00 1.009329734056482941e+01
2.500000000000000000e+00 1.009329734054872318e+01
2.500000000000000000e+00 1.009329637306496963e+01
2.500000000000000000e+00 1.009329637305960148e+01
2.500000000000000000e+00 1.009329637305423155e+01
2.500000000000000000e+00 1.009329637304349347e+01
2.500000000000000000e+00 1.009329637303812355e+01
2.500000000000000000e+00 1.009329637303812355e+01
2.500000000000000000e+00 8.338559961778580387e+00
2.500000000000000000e+00 8.338559961775793283e+00
2.500000000000000000e+00 8.218490844788790994e+00
2.500000000000000000e+00 8.218490844787144312e+00
2.500000000000000000e+00 7.958035400028951045e+00
2.500000000000000000e+00 7.958035400027046791e+00
2.500000000000000000e+00 7.883912081805671157e+00
2.500000000000000000e+00 7.883912081804492544e+00
2.500000000000000000e+00 6.463754629259603313e+00
2.500000000000000000e+00 6.463754629259318207e+00
2.500000000000000000e+00 6.463754629259176099e+00
2.500000000000000000e+00 6.463754629259033990e+00
2.500000000000000000e+00 6.463754629259033990e+00
2.500000000000000000e+00 6.463754629258748885e+00
2.500000000000000000e+00 6.463752846073794522e+00
2.500000000000000000e+00 6.463752846073652414e+00
2.500000000000000000e+00 4.588952995970895898e+00
2.500000000000000000e+00 4.588952995970895898e+00
3.000000000000000000e+00 2.185199668738300360e+01
3.000000000000000000e+00 2.185199600088124328e+01
3.000000000000000000e+00 2.185196648175130107e+01
3.000000000000000000e+00 2.177791087968226691e+01
3.000000000000000000e+00 2.177787645634017721e+01
3.000000000000000000e+00 2.177787581888205537e+01
3.000000000000000000e+00 2.177787518142433854e+01
3.000000000000000000e+00 1.997721046555574631e+01
3.000000000000000000e+00 1.997719161685442657e+01
3.000000000000000000e+00 1.997719151155541795e+01
3.000000000000000000e+00 1.997719140625641998e+01
3.000000000000000000e+00 1.990307116684527955e+01
3.000000000000000000e+00 1.990307106906884727e+01
3.000000000000000000e+00 1.990307067796321405e+01
3.000000000000000000e+00 1.990305317614275538e+01
3.000000000000000000e+00 1.750756541617002426e+01
3.000000000000000000e+00 1.750756541617002426e+01
3.000000000000000000e+00 1.750756540725999244e+01
3.000000000000000000e+00 1.750756539834996062e+01
3.000000000000000000e+00 1.743344663620555579e+01
3.000000000000000000e+00 1.743344661138501905e+01
3.000000000000000000e+00 1.743344661138501905e+01
3.000000000000000000e+00 1.743344660311150918e+01
3.000000000000000000e+00 1.724707924501478118e+01
3.000000000000000000e+00 1.717306252320421578e+01
3.000000000000000000e+00 1.717299118787590118e+01
3.000000000000000000e+00 1.717299116237030177e+01
3.000000000000000000e+00 1.717299114324110221e+01
3.000000000000000000e+00 1.709882907130634422e+01
3.000000000000000000e+00 1.537232212476479809e+01
3.000000000000000000e+00 1.537230810640251910e+01
3.000000000000000000e+00 1.537230810324264318e+01
3.000000000000000000e+00 1.537230810113605983e+01
3.000000000000000000e+00 1.529819603251222482e+01
3.000000000000000000e+00 1.529819603055611843e+01
3.000000000000000000e+00 1.529819602762196062e+01
3.000000000000000000e+00 1.529818709706084512e+01
3.000000000000000000e+00 1.529818657576344165e+01
3.000000000000000000e+00 1.529818657478539912e+01
3.000000000000000000e+00 1.529818657282931049e+01
3.000000000000000000e+00 1.529818594394744302e+01
3.000000000000000000e+00 1.529818594394744302e+01
3.000000000000000000e+00 1.529818594296940049e+01
3.000000000000000000e+00 1.529818594296940049e+01
3.000000000000000000e+00 1.529818594296940049e+01
3.000000000000000000e+00 1.529817939890487999e+01
3.000000000000000000e+00 1.529817939792684456e+01
3.000000000000000000e+00 1.529817939792684456e+01
3.000000000000000000e+00 1.529813933834881823e+01
3.000000000000000000e+00 1.522409625926985832e+01
3.000000000000000000e+00 1.522406310236672944e+01
3.000000000000000000e+00 1.522406309782588352e+01
3.000000000000000000e+00 1.522406309600954444e+01
3.000000000000000000e+00 1.387803103358179335e+01
3.000000000000000000e+00 1.387803103358179335e+01
3.000000000000000000e+00 1.387803103287268414e+01
3.000000000000000000e+00 1.387803103287268414e+01
3.000000000000000000e+00 1.380390481842419881e+01
3.000000000000000000e+00 1.380390481842419881e+01
3.000000000000000000e+00 1.380390481798523439e+01
3.000000000000000000e+00 1.380390481776575129e+01
3.000000000000000000e+00 1.349753135251142666e+01
3.000000000000000000e+00 1.342338260577653664e+01
3.000000000000000000e+00 1.342338260532648597e+01
3.000000000000000000e+00 1.342338260517646731e+01
3.000000000000000000e+00 1.342336354709077817e+01
3.000000000000000000e+00 1.334925531065458415e+01
3.000000000000000000e+00 1.282856169788376555e+01
3.000000000000000000e+00 1.282856169771824817e+01
3.000000000000000000e+00 1.282856169755273079e+01
3.000000000000000000e+00 1.282856169746997210e+01
3.000000000000000000e+00 1.095375650494310626e+01
3.000000000000000000e+00 1.095375650491771857e+01
3.000000000000000000e+00 1.095375650490502473e+01
3.000000000000000000e+00 1.095375650489233088e+01
3.000000000000000000e+00 1.069330157526868241e+01
3.000000000000000000e+00 1.069330115401283621e+01
3.000000000000000000e+00 1.069330115398348724e+01
3.000000000000000000e+00 1.069330115397370307e+01
3.000000000000000000e+00 1.061917773593745729e+01
3.000000000000000000e+00 1.061917675545795703e+01
3.000000000000000000e+00 1.061917675543978845e+01
3.000000000000000000e+00 1.061917675543978845e+01
3.000000000000000000e+00 9.199019970269365132e+00
3.000000000000000000e+00 9.199019970264973978e+00
3.000000000000000000e+00 9.199019970262780177e+00
3.000000000000000000e+00 9.199019970262780177e+00
3.000000000000000000e+00 8.818497881538789329e+00
3.000000000000000000e+00 8.818497881535787286e+00
3.000000000000000000e+00 8.818497881535787286e+00
3.000000000000000000e+00 8.818493600922652220e+00
3.000000000000000000e+00 8.744374252567371997e+00
3.000000000000000000e+00 8.744372194918463848e+00
3.000000000000000000e+00 8.744372194915676744e+00
3.000000000000000000e+00 8.744372194912889640e+00
3.000000000000000000e+00 7.324216603362396327e+00
3.000000000000000000e+00 7.324216603361723088e+00
3.000000000000000000e+00 7.324216603361386468e+00
3.000000000000000000e+00 7.324216603360713229e+00
3.000000000000000000e+00 4.139487259703773070e+00
3.500000000000000000e+00 2.271245056027748177e+01
3.500000000000000000e+00 2.271245055990291206e+01
3.500000000000000000e+00 2.263833740338689537e+01
3.500000000000000000e+00 2.263833740293726393e+01
3.500000000000000000e+00 1.810755339496191851e+01
3.500000000000000000e+00 1.810755339495371175e+01
3.500000000000000000e+00 1.803348487716424131e+01
3.500000000000000000e+00 1.803348487715606652e+01
3.500000000000000000e+00 1.803345053809614384e+01
3.500000000000000000e+00 1.803345053809098530e+01
3.500000000000000000e+00 1.803345053808156706e+01
3.500000000000000000e+00 1.803345053807538179e+01
3.500000000000000000e+00 1.803344538945937359e+01
3.500000000000000000e+00 1.803344538945128050e+01
3.500000000000000000e+00 1.795932412724162575e+01
3.500000000000000000e+00 1.795932412723867344e+01
3.500000000000000000e+00 1.623278732240709843e+01
3.500000000000000000e+00 1.623278732240600064e+01
3.500000000000000000e+00 1.615864939005237844e+01
3.500000000000000000e+00 1.615864939005053103e+01
3.500000000000000000e+00 1.615864625826000633e+01
3.500000000000000000e+00 1.615864625825771839e+01
3.500000000000000000e+00 1.615864625825528478e+01
3.500000000000000000e+00 1.615864625825310341e+01
3.500000000000000000e+00 1.615862311210079838e+01
3.500000000000000000e+00 1.615862311209864899e+01
3.500000000000000000e+00 1.608452739396245335e+01
3.500000000000000000e+00 1.608452739396188846e+01
3.500000000000000000e+00 1.368902087415087721e+01
3.500000000000000000e+00 1.368902087415084168e+01
3.500000000000000000e+00 1.342856919614376565e+01
3.500000000000000000e+00 1.342856919614299471e+01
3.500000000000000000e+00 1.335443928034290373e+01
3.500000000000000000e+00 1.335443928034234773e+01
3.500000000000000000e+00 1.155376201314077278e+01
3.500000000000000000e+00 1.155376201314076035e+01
3.500000000000000000e+00 1.155376137456927843e+01
3.500000000000000000e+00 1.155376137456927488e+01
3.500000000000000000e+00 1.155376137456926955e+01
3.500000000000000000e+00 1.155376137456923935e+01
3.500000000000000000e+00 1.155375635171840898e+01
3.500000000000000000e+00 1.155375635171836812e+01
3.500000000000000000e+00 1.147964320513620429e+01
3.500000000000000000e+00 1.147964320513616521e+01
3.500000000000000000e+00 1.147963887236257641e+01
3.500000000000000000e+00 1.147963887236257463e+01
3.500000000000000000e+00 1.147963887236256575e+01
3.500000000000000000e+00 1.147963887236253733e+01
3.500000000000000000e+00 1.147963809520205380e+01
3.500000000000000000e+00 1.147963809520205025e+01
3.500000000000000000e+00 1.005948142362357167e+01
3.500000000000000000e+00 1.005948142362357167e+01
3.500000000000000000e+00 9.678963679800613562e+00
3.500000000000000000e+00 9.678963679800611786e+00
3.500000000000000000e+00 9.604829673739345708e+00
3.500000000000000000e+00 9.604829673739345708e+00
3.500000000000000000e+00 6.874752787231700246e+00
3.500000000000000000e+00 6.874752787231698470e+00
3.500000000000000000e+00 4.999947964548042023e+00
3.500000000000000000e+00 4.999947964548042023e+00
4.000000000000000000e+00 1.896802913038517957e+01
4.000000000000000000e+00 1.889391227137437212e+01
4.000000000000000000e+00 1.889391011506008411e+01
4.000000000000000000e+00 1.889391011496327621e+01
4.000000000000000000e+00 1.889391011496298844e+01
4.000000000000000000e+00 1.881978920672859346e+01
4.000000000000000000e+00 1.428903322629857264e+01
4.000000000000000000e+00 1.428902231637495035e+01
4.000000000000000000e+00 1.428902231637492903e+01
4.000000000000000000e+00 1.428902231637450804e+01
4.000000000000000000e+00 1.421490785813863411e+01
4.000000000000000000e+00 1.421490785813848490e+01
4.000000000000000000e+00 1.421490785813845648e+01
4.000000000000000000e+00 1.421489888741755614e+01
4.000000000000000000e+00 1.241422608049237297e+01
4.000000000000000000e+00 1.241422608049237297e+01
4.000000000000000000e+00 1.241422608049233389e+01
4.000000000000000000e+00 1.241422146385422032e+01
4.000000000000000000e+00 1.234010063678680069e+01
4.000000000000000000e+00 1.234009553432385609e+01
4.000000000000000000e+00 1.234009553432384010e+01
4.000000000000000000e+00 1.234009553432382766e+01
4.000000000000000000e+00 9.610017817739313628e+00
4.000000000000000000e+00 7.735213565545181247e+00
4.000000000000000000e+00 7.735213565545181247e+00
4.000000000000000000e+00 7.735213565545180359e+00
4.000000000000000000e+00 7.735213157710967735e+00
4.000000000000000000e+00 5.860409984770472036e+00
4.500000000000000000e+00 1.514948628424979660e+01
4.500000000000000000e+00 1.514948628424968113e+01
4.500000000000000000e+00 1.507536378204309990e+01
4.500000000000000000e+00 1.507536378204308036e+01
4.500000000000000000e+00 1.047047889835490686e+01
4.500000000000000000e+00 1.047047889835490686e+01
4.500000000000000000e+00 8.595674618521407240e+00
4.500000000000000000e+00 8.595674618521405463e+00
5.000000000000000000e+00 1.133093921327841791e+01
