-5.000000000000000000e+00 2.398248242208507364e+01
-4.500000000000000000e+00 2.713823508227732617e+01
-4.500000000000000000e+00 2.713823507879054731e+01
-4.500000000000000000e+00 2.514301612404170427e+01
-4.500000000000000000e+00 2.514301611975085393e+01
-4.500000000000000000e+00 2.066633894890926371e+01
-4.500000000000000000e+00 2.066633894164217011e+01
-4.500000000000000000e+00 2.018669330293180053e+01
-4.500000000000000000e+00 2.018669329486071362e+01
-4.000000000000000000e+00 3.030056459394105062e+01
-4.000000000000000000e+00 2.869105266673566135e+01
-4.000000000000000000e+00 2.842388030799428833e+01
-4.000000000000000000e+00 2.842388030725554415e+01
-4.000000000000000000e+00 2.825910924837242533e+01
-4.000000000000000000e+00 2.700377241333691813e+01
-4.000000000000000000e+00 2.396651310765261655e+01
-4.000000000000000000e+00 2.372158165618879977e+01
-4.000000000000000000e+00 2.368789156765963710e+01
-4.000000000000000000e+00 2.368789155723503015e+01
-4.000000000000000000e+00 2.349173816605921772e+01
-4.000000000000000000e+00 2.346078303854553226e+01
-4.000000000000000000e+00 2.346078303507613683e+01
-4.000000000000000000e+00 2.324975372981906219e+01
-4.000000000000000000e+00 2.207613890500921272e+01
-4.000000000000000000e+00 2.207613889430315979e+01
-4.000000000000000000e+00 2.172343344253928876e+01
-4.000000000000000000e+00 2.150093387267017775e+01
-4.000000000000000000e+00 2.147868181923189468e+01
-4.000000000000000000e+00 2.086766699197168506e+01
-4.000000000000000000e+00 2.086766698834615497e+01
-4.000000000000000000e+00 2.049812339838665665e+01
-4.000000000000000000e+00 1.838889648979031932e+01
-4.000000000000000000e+00 1.699159501103019565e+01
-4.000000000000000000e+00 1.699159501016633911e+01
-4.000000000000000000e+00 1.683046445982538941e+01
-4.000000000000000000e+00 1.635921012210236469e+01
-4.000000000000000000e+00 1.589071963280464672e+01
-3.500000000000000000e+00 3.210887969756203830e+01
-3.500000000000000000e+00 3.210887968493267408e+01
-3.500000000000000000e+00 3.074949633151544504e+01
-3.500000000000000000e+00 3.074949631072691503e+01
-3.500000000000000000e+00 2.788444275454520849e+01
-3.500000000000000000e+00 2.788444273123011641e+01
-3.500000000000000000e+00 2.680313355580740975e+01
-3.500000000000000000e+00 2.680313349313246363e+01
-3.500000000000000000e+00 2.594606981085811981e+01
-3.500000000000000000e+00 2.594606960654539307e+01
-3.500000000000000000e+00 2.565935631773699299e+01
-3.500000000000000000e+00 2.565935626982327733e+01
-3.500000000000000000e+00 2.558530631540217470e+01
-3.500000000000000000e+00 2.558530619542711904e+01
-3.500000000000000000e+00 2.498262530757311950e+01
-3.500000000000000000e+00 2.498262529950158850e+01
-3.500000000000000000e+00 2.495134879492696101e+01
-3.500000000000000000e+00 2.495134878930509714e+01
-3.500000000000000000e+00 2.455218908984656423e+01
-3.500000000000000000e+00 2.455218908539245604e+01
-3.500000000000000000e+00 2.450297966079074996e+01
-3.500000000000000000e+00 2.450297965352226370e+01
-3.500000000000000000e+00 2.387880660745155481e+01
-3.500000000000000000e+00 2.387880660381217623e+01
-3.500000000000000000e+00 2.338348096293772826e+01
-3.500000000000000000e+00 2.338348088923462953e+01
-3.500000000000000000e+00 2.320352538403179921e+01
-3.500000000000000000e+00 2.320352532228901055e+01
-3.500000000000000000e+00 2.290478727108500223e+01
-3.500000000000000000e+00 2.290478725428979700e+01
-3.500000000000000000e+00 2.134213711027273064e+01
-3.500000000000000000e+00 2.134213690266827967e+01
-3.500000000000000000e+00 2.088092211850717916e+01
-3.500000000000000000e+00 2.088092206358047420e+01
-3.500000000000000000e+00 2.047872235944745256e+01
-3.500000000000000000e+00 2.047872235588944179e+01
-3.500000000000000000e+00 2.002630248268117441e+01
-3.500000000000000000e+00 2.002630247839041999e+01
-3.500000000000000000e+00 2.000077531503231043e+01
-3.500000000000000000e+00 2.000077531326763136e+01
-3.500000000000000000e+00 1.903825426529506259e+01
-3.500000000000000000e+00 1.903825426380211638e+01
-3.500000000000000000e+00 1.895973280122791138e+01
-3.500000000000000000e+00 1.895973278611774759e+01
-3.500000000000000000e+00 1.836687709314778516e+01
-3.500000000000000000e+00 1.836687703345569744e+01
-3.500000000000000000e+00 1.803108352364154499e+01
-3.500000000000000000e+00 1.803108352015473415e+01
-3.500000000000000000e+00 1.776629671343663119e+01
-3.500000000000000000e+00 1.776629666818899622e+01
-3.500000000000000000e+00 1.767601987699536181e+01
-3.500000000000000000e+00 1.767601987361005911e+01
-3.500000000000000000e+00 1.687844758080848706e+01
-3.500000000000000000e+00 1.687844757930305306e+01
-3.500000000000000000e+00 1.651491208268755528e+01
-3.500000000000000000e+00 1.651491203966763166e+01
-3.500000000000000000e+00 1.451270624680035226e+01
-3.500000000000000000e+00 1.451270624082935967e+01
-3.500000000000000000e+00 1.251906708674018631e+01
-3.500000000000000000e+00 1.251906706464495933e+01
-3.000000000000000000e+00 2.927746167445680570e+01
-3.000000000000000000e+00 2.914594844598851964e+01
-3.000000000000000000e+00 2.914493885478716706e+01
-3.000000000000000000e+00 2.906450811404834766e+01
-3.000000000000000000e+00 2.847166493973971768e+01
-3.000000000000000000e+00 2.820807414244719169e+01
-3.000000000000000000e+00 2.820728362857203209e+01
-3.000000000000000000e+00 2.793713887286197206e+01
-3.000000000000000000e+00 2.793653591836676497e+01
-3.000000000000000000e+00 2.777569108377844742e+01
-3.000000000000000000e+00 2.773250084111546698e+01
-3.000000000000000000e+00 2.724791978316642016e+01
-3.000000000000000000e+00 2.724776841708727204e+01
-3.000000000000000000e+00 2.715131684947914437e+01
-3.000000000000000000e+00 2.710328615581198264e+01
-3.000000000000000000e+00 2.690566867933311457e+01
-3.000000000000000000e+00 2.665049158530536744e+01
-3.000000000000000000e+00 2.665040829708643955e+01
-3.000000000000000000e+00 2.653098866795232169e+01
-3.000000000000000000e+00 2.634148674338476681e+01
-3.000000000000000000e+00 2.594205295499206443e+01
-3.000000000000000000e+00 2.594201194197042426e+01
-3.000000000000000000e+00 2.567373106814984496e+01
-3.000000000000000000e+00 2.542508594602153238e+01
-3.000000000000000000e+00 2.457992867259454783e+01
-3.000000000000000000e+00 2.450993559069306826e+01
-3.000000000000000000e+00 2.450993559069306826e+01
-3.000000000000000000e+00 2.434531947006001573e+01
-3.000000000000000000e+00 2.324225038182756720e+01
-3.000000000000000000e+00 2.321912747604135063e+01
-3.000000000000000000e+00 2.313966743906188128e+01
-3.000000000000000000e+00 2.313966495095193565e+01
-3.000000000000000000e+00 2.270076909650414621e+01
-3.000000000000000000e+00 2.263787804319198216e+01
-3.000000000000000000e+00 2.263787653677426803e+01
-3.000000000000000000e+00 2.262295439037711020e+01
-3.000000000000000000e+00 2.261495155688794156e+01
-3.000000000000000000e+00 2.256362395908461238e+01
-3.000000000000000000e+00 2.246969732860088698e+01
-3.000000000000000000e+00 2.238743637955380450e+01
-3.000000000000000000e+00 2.238743520687235389e+01
-3.000000000000000000e+00 2.221917218795778126e+01
-3.000000000000000000e+00 2.214185504922836145e+01
-3.000000000000000000e+00 2.209386109510640850e+01
-3.000000000000000000e+00 2.204093324028615086e+01
-3.000000000000000000e+00 2.204092992321200839e+01
-3.000000000000000000e+00 2.176261043297936126e+01
-3.000000000000000000e+00 2.176260792177940928e+01
-3.000000000000000000e+00 2.165494427945450440e+01
-3.000000000000000000e+00 2.165494258829753704e+01
-3.000000000000000000e+00 2.159747549226599617e+01
-3.000000000000000000e+00 2.118831498347298137e+01
-3.000000000000000000e+00 2.118831321589686922e+01
-3.000000000000000000e+00 2.118683802625862000e+01
-3.000000000000000000e+00 2.118683590829810370e+01
-3.000000000000000000e+00 2.118683590829810370e+01
-3.000000000000000000e+00 2.118683555530511953e+01
-3.000000000000000000e+00 2.117368272872095503e+01
-3.000000000000000000e+00 2.109506953622188519e+01
-3.000000000000000000e+00 2.108930776746066371e+01
-3.000000000000000000e+00 2.102680579742035860e+01
-3.000000000000000000e+00 2.056869169327000435e+01
-3.000000000000000000e+00 2.050369479068638512e+01
-3.000000000000000000e+00 2.050369425587225791e+01
-3.000000000000000000e+00 2.013221112763206122e+01
-3.000000000000000000e+00 2.002000348169587340e+01
-3.000000000000000000e+00 1.957354903420400660e+01
-3.000000000000000000e+00 1.948600468241446393e+01
-3.000000000000000000e+00 1.948600423138753257e+01
-3.000000000000000000e+00 1.919931060545161472e+01
-3.000000000000000000e+00 1.915782181888907587e+01
-3.000000000000000000e+00 1.900344741301478280e+01
-3.000000000000000000e+00 1.900344721417534188e+01
-3.000000000000000000e+00 1.899721899591227370e+01
-3.000000000000000000e+00 1.870243833049692128e+01
-3.000000000000000000e+00 1.810211725415668127e+01
-3.000000000000000000e+00 1.801260161445463126e+01
-3.000000000000000000e+00 1.801260157016164598e+01
-3.000000000000000000e+00 1.789380430657066867e+01
-3.000000000000000000e+00 1.789380325772773617e+01
-3.000000000000000000e+00 1.789063269608841367e+01
-3.000000000000000000e+00 1.753435254411588318e+01
-3.000000000000000000e+00 1.745127438294663591e+01
-3.000000000000000000e+00 1.745127296799574523e+01
-3.000000000000000000e+00 1.734975452060204049e+01
-3.000000000000000000e+00 1.684758684893379765e+01
-3.000000000000000000e+00 1.618508380445566530e+01
-3.000000000000000000e+00 1.609098228631480865e+01
-3.000000000000000000e+00 1.569280751594032708e+01
-3.000000000000000000e+00 1.569280750433038918e+01
-3.000000000000000000e+00 1.534383363088239349e+01
-3.000000000000000000e+00 1.532412140583440596e+01
-3.000000000000000000e+00 1.478222855350336040e+01
-3.000000000000000000e+00 1.472920757080679266e+01
-3.000000000000000000e+00 1.472920739916799882e+01
-3.000000000000000000e+00 1.413721728027655189e+01
-3.000000000000000000e+00 1.413721725944773411e+01
-3.000000000000000000e+00 1.374924593859650734e+01
-3.000000000000000000e+00 1.042667800856483140e+01
-3.000000000000000000e+00 9.086515157327420766e+00
-2.500000000000000000e+00 2.285485828382264373e+01
-2.500000000000000000e+00 2.285485454092245661e+01
-2.500000000000000000e+00 2.266262180001018223e+01
-2.500000000000000000e+00 2.266262025585307782e+01
-2.500000000000000000e+00 2.253380423411711675e+01
-2.500000000000000000e+00 2.253380016155768217e+01
-2.500000000000000000e+00 2.238660412166056091e+01
-2.500000000000000000e+00 2.238660177825017428e+01
-2.500000000000000000e+00 2.228440952504620753e+01
-2.500000000000000000e+00 2.228440846716699042e+01
-2.500000000000000000e+00 2.213231187788369070e+01
-2.500000000000000000e+00 2.213231096926650210e+01
-2.500000000000000000e+00 2.200731315478374128e+01
-2.500000000000000000e+00 2.200731315478374128e+01
-2.500000000000000000e+00 2.185039704483494205e+01
-2.500000000000000000e+00 2.185039635943045866e+01
-2.500000000000000000e+00 2.176537217188184670e+01
-2.500000000000000000e+00 2.176536902420182784e+01
-2.500000000000000000e+00 2.169549720459702513e+01
-2.500000000000000000e+00 2.169549250820966080e+01
-2.500000000000000000e+00 2.116114849665856923e+01
-2.500000000000000000e+00 2.116114712049536806e+01
-2.500000000000000000e+00 2.107408605954858771e+01
-2.500000000000000000e+00 2.107408511348448954e+01
-2.500000000000000000e+00 2.093036279406373268e+01
-2.500000000000000000e+00 2.093036252092629468e+01
-2.500000000000000000e+00 2.086363227356341099e+01
-2.500000000000000000e+00 2.086363150704660185e+01
-2.500000000000000000e+00 2.052609200964442948e+01
-2.500000000000000000e+00 2.052609164502598560e+01
-2.500000000000000000e+00 2.041510780032133354e+01
-2.500000000000000000e+00 2.041510649505663011e+01
-2.500000000000000000e+00 1.986979772940945210e+01
-2.500000000000000000e+00 1.986979735110308809e+01
-2.500000000000000000e+00 1.972992524953664528e+01
-2.500000000000000000e+00 1.972992418052850994e+01
-2.500000000000000000e+00 1.927907950813355953e+01
-2.500000000000000000e+00 1.927907882707998510e+01
-2.500000000000000000e+00 1.923492426431404212e+01
-2.500000000000000000e+00 1.923492406381069131e+01
-2.500000000000000000e+00 1.902803478442200458e+01
-2.500000000000000000e+00 1.902803466214861317e+01
-2.500000000000000000e+00 1.900422028244534900e+01
-2.500000000000000000e+00 1.900422012325080345e+01
-2.500000000000000000e+00 1.892383916909932395e+01
-2.500000000000000000e+00 1.892383869167735000e+01
-2.500000000000000000e+00 1.886968274925984801e+01
-2.500000000000000000e+00 1.886968257531591320e+01
-2.500000000000000000e+00 1.872589098156358745e+01
-2.500000000000000000e+00 1.872589058988068444e+01
-2.500000000000000000e+00 1.871514504450463789e+01
-2.500000000000000000e+00 1.871514480604527364e+01
-2.500000000000000000e+00 1.864935890463775436e+01
-2.500000000000000000e+00 1.864935884881851891e+01
-2.500000000000000000e+00 1.864570068055812513e+01
-2.500000000000000000e+00 1.864570048590421081e+01
-2.500000000000000000e+00 1.844337480771590876e+01
-2.500000000000000000e+00 1.844337442157575069e+01
-2.500000000000000000e+00 1.833142080087828418e+01
-2.500000000000000000e+00 1.833142073995316679e+01
-2.500000000000000000e+00 1.823684852012067026e+01
-2.500000000000000000e+00 1.823684848316910134e+01
-2.500000000000000000e+00 1.784248177773724464e+01
-2.500000000000000000e+00 1.784248150373493047e+01
-2.500000000000000000e+00 1.778852900062086917e+01
-2.500000000000000000e+00 1.778852812738464806e+01
-2.500000000000000000e+00 1.773746575855511054e+01
-2.500000000000000000e+00 1.773746541095064799e+01
-2.500000000000000000e+00 1.751979839113624493e+01
-2.500000000000000000e+00 1.751979811152564892e+01
-2.500000000000000000e+00 1.738644920116842485e+01
-2.500000000000000000e+00 1.738644909855067056e+01
-2.500000000000000000e+00 1.681568245023948194e+01
-2.500000000000000000e+00 1.681568234318384469e+01
-2.500000000000000000e+00 1.678339334350216205e+01
-2.500000000000000000e+00 1.678339312323717536e+01
-2.500000000000000000e+00 1.645585336703128476e+01
-2.500000000000000000e+00 1.645585266669132807e+01
-2.500000000000000000e+00 1.628411350799804680e+01
-2.500000000000000000e+00 1.628411339003299929e+01
-2.500000000000000000e+00 1.561294865107153740e+01
-2.500000000000000000e+00 1.561294853852375653e+01
-2.500000000000000000e+00 1.530434664864696082e+01
-2.500000000000000000e+00 1.530434633373914899e+01
-2.500000000000000000e+00 1.524767597538052044e+01
-2.500000000000000000e+00 1.524767502784447082e+01
-2.500000000000000000e+00 1.477361042541575387e+01
-2.500000000000000000e+00 1.477361042194288032e+01
-2.500000000000000000e+00 1.442725605874620776e+01
-2.500000000000000000e+00 1.442725603786824529e+01
-2.500000000000000000e+00 1.429553312759236405e+01
-2.500000000000000000e+00 1.429553305976996214e+01
-2.500000000000000000e+00 1.387274232936338692e+01
-2.500000000000000000e+00 1.387274175636806994e+01
-2.500000000000000000e+00 1.353538941464981527e+01
-2.500000000000000000e+00 1.353538928838229971e+01
-2.500000000000000000e+00 1.255310193751992820e+01
-2.500000000000000000e+00 1.255310172162808335e+01
-2.500000000000000000e+00 1.084403421376026166e+01
-2.500000000000000000e+00 1.084403419115849943e+01
-2.000000000000000000e+00 1.993624069831932744e+01
-2.000000000000000000e+00 1.989956100069932887e+01
-2.000000000000000000e+00 1.989956090326550608e+01
-2.000000000000000000e+00 1.989166300983976754e+01
-2.000000000000000000e+00 1.984240451929881388e+01
-2.000000000000000000e+00 1.982142892072993945e+01
-2.000000000000000000e+00 1.982142874050811088e+01
-2.000000000000000000e+00 1.974029850057754132e+01
-2.000000000000000000e+00 1.974029841748865621e+01
-2.000000000000000000e+00 1.970368515418154232e+01
-2.000000000000000000e+00 1.940963174342639519e+01
-2.000000000000000000e+00 1.929614236421813800e+01
-2.000000000000000000e+00 1.925777354609098424e+01
-2.000000000000000000e+00 1.925025864126056163e+01
-2.000000000000000000e+00 1.925025818315692305e+01
-2.000000000000000000e+00 1.891857949456580101e+01
-2.000000000000000000e+00 1.884297080566616600e+01
-2.000000000000000000e+00 1.879972909738241427e+01
-2.000000000000000000e+00 1.877451613728250024e+01
-2.000000000000000000e+00 1.871577584928376226e+01
-2.000000000000000000e+00 1.862260154942137902e+01
-2.000000000000000000e+00 1.860524687498617880e+01
-2.000000000000000000e+00 1.860524679487050292e+01
-2.000000000000000000e+00 1.849804258604857310e+01
-2.000000000000000000e+00 1.849804220220175566e+01
-2.000000000000000000e+00 1.848084123773093879e+01
-2.000000000000000000e+00 1.826599188059294221e+01
-2.000000000000000000e+00 1.806177451964230229e+01
-2.000000000000000000e+00 1.802762800121066533e+01
-2.000000000000000000e+00 1.802762797123494920e+01
-2.000000000000000000e+00 1.797730118691660195e+01
-2.000000000000000000e+00 1.797730084486305557e+01
-2.000000000000000000e+00 1.788004538000195609e+01
-2.000000000000000000e+00 1.770585727978994939e+01
-2.000000000000000000e+00 1.761597184306635100e+01
-2.000000000000000000e+00 1.761597181327563888e+01
-2.000000000000000000e+00 1.755532744070658069e+01
-2.000000000000000000e+00 1.755532741266882013e+01
-2.000000000000000000e+00 1.737259015711642363e+01
-2.000000000000000000e+00 1.737259007926613208e+01
-2.000000000000000000e+00 1.735593804218786218e+01
-2.000000000000000000e+00 1.726102127259120067e+01
-2.000000000000000000e+00 1.724002503708704026e+01
-2.000000000000000000e+00 1.717253384955288809e+01
-2.000000000000000000e+00 1.696734498081455911e+01
-2.000000000000000000e+00 1.693515306610472848e+01
-2.000000000000000000e+00 1.691452271620233105e+01
-2.000000000000000000e+00 1.691452268665792147e+01
-2.000000000000000000e+00 1.690266455686040459e+01
-2.000000000000000000e+00 1.690266453253029155e+01
-2.000000000000000000e+00 1.664432869506408252e+01
-2.000000000000000000e+00 1.663733579593568734e+01
-2.000000000000000000e+00 1.663733577354359738e+01
-2.000000000000000000e+00 1.657253932998119694e+01
-2.000000000000000000e+00 1.653509869833229828e+01
-2.000000000000000000e+00 1.642586527962326315e+01
-2.000000000000000000e+00 1.642586526754059406e+01
-2.000000000000000000e+00 1.632104043061911014e+01
-2.000000000000000000e+00 1.617971916728551918e+01
-2.000000000000000000e+00 1.593949427735617519e+01
-2.000000000000000000e+00 1.583029485938514647e+01
-2.000000000000000000e+00 1.583029485105946321e+01
-2.000000000000000000e+00 1.572926259099003232e+01
-2.000000000000000000e+00 1.566159485775787275e+01
-2.000000000000000000e+00 1.555020975234356406e+01
-2.000000000000000000e+00 1.555020973850142596e+01
-2.000000000000000000e+00 1.545893154462312147e+01
-2.000000000000000000e+00 1.542589362842200096e+01
-2.000000000000000000e+00 1.542589362397690955e+01
-2.000000000000000000e+00 1.536058363636374402e+01
-2.000000000000000000e+00 1.526406931092696873e+01
-2.000000000000000000e+00 1.526406930903649162e+01
-2.000000000000000000e+00 1.522184948804942195e+01
-2.000000000000000000e+00 1.500867608383745022e+01
-2.000000000000000000e+00 1.500867607797990821e+01
-2.000000000000000000e+00 1.476400052049200973e+01
-2.000000000000000000e+00 1.453152077903641270e+01
-2.000000000000000000e+00 1.453152077676461573e+01
-2.000000000000000000e+00 1.449119005925500048e+01
-2.000000000000000000e+00 1.449119001910626103e+01
-2.000000000000000000e+00 1.446472682899003459e+01
-2.000000000000000000e+00 1.421139954376721093e+01
-2.000000000000000000e+00 1.418344464716930275e+01
-2.000000000000000000e+00 1.418344463594136506e+01
-2.000000000000000000e+00 1.411156554217038739e+01
-2.000000000000000000e+00 1.401951275183423284e+01
-2.000000000000000000e+00 1.219233865707169251e+01
-2.000000000000000000e+00 1.219233865453110965e+01
-2.000000000000000000e+00 1.212300979605486972e+01
-2.000000000000000000e+00 1.206210229605379602e+01
-2.000000000000000000e+00 1.175348471917343929e+01
-2.000000000000000000e+00 1.175348471793073912e+01
-2.000000000000000000e+00 1.163173185495101514e+01
-2.000000000000000000e+00 1.153324973596132352e+01
-2.000000000000000000e+00 1.055952310711560216e+01
-2.000000000000000000e+00 1.042703480431909568e+01
-2.000000000000000000e+00 9.506657055738720885e+00
-2.000000000000000000e+00 9.317891128150357360e+00
-2.000000000000000000e+00 8.093059793797266366e+00
-2.000000000000000000e+00 8.093059752523469541e+00
-1.500000000000000000e+00 1.812023967023424831e+01
-1.500000000000000000e+00 1.812023953869653425e+01
-1.500000000000000000e+00 1.791408539566869607e+01
-1.500000000000000000e+00 1.791408527525631555e+01
-1.500000000000000000e+00 1.780780152466685351e+01
-1.500000000000000000e+00 1.780780118782339372e+01
-1.500000000000000000e+00 1.772586239346150450e+01
-1.500000000000000000e+00 1.772586232695935493e+01
-1.500000000000000000e+00 1.771276110376939528e+01
-1.500000000000000000e+00 1.771276106001168316e+01
-1.500000000000000000e+00 1.766623574175176259e+01
-1.500000000000000000e+00 1.766623567909901027e+01
-1.500000000000000000e+00 1.758305645756378510e+01
-1.500000000000000000e+00 1.758305637108549035e+01
-1.500000000000000000e+00 1.756384093483340791e+01
-1.500000000000000000e+00 1.756384060492954902e+01
-1.500000000000000000e+00 1.754558775405094195e+01
-1.500000000000000000e+00 1.754558773554026985e+01
-1.500000000000000000e+00 1.737850163362482903e+01
-1.500000000000000000e+00 1.737850156314414818e+01
-1.500000000000000000e+00 1.729554556793806341e+01
-1.500000000000000000e+00 1.729554548865272423e+01
-1.500000000000000000e+00 1.727854772583405207e+01
-1.500000000000000000e+00 1.727854763371244573e+01
-1.500000000000000000e+00 1.724614732508779014e+01
-1.500000000000000000e+00 1.724614704381311014e+01
-1.500000000000000000e+00 1.719731083055711096e+01
-1.500000000000000000e+00 1.719731081095699565e+01
-1.500000000000000000e+00 1.694415159278506167e+01
-1.500000000000000000e+00 1.694415155220789515e+01
-1.500000000000000000e+00 1.647878307828091593e+01
-1.500000000000000000e+00 1.647878302095417169e+01
-1.500000000000000000e+00 1.644969617952972740e+01
-1.500000000000000000e+00 1.644969617334269429e+01
-1.500000000000000000e+00 1.632477630758473452e+01
-1.500000000000000000e+00 1.632477621202641060e+01
-1.500000000000000000e+00 1.624360964804285956e+01
-1.500000000000000000e+00 1.624360947686044909e+01
-1.500000000000000000e+00 1.622178302502151226e+01
-1.500000000000000000e+00 1.622178279349598640e+01
-1.500000000000000000e+00 1.613756506202710739e+01
-1.500000000000000000e+00 1.613756504844250372e+01
-1.500000000000000000e+00 1.606893792540236987e+01
-1.500000000000000000e+00 1.606893791694663420e+01
-1.500000000000000000e+00 1.605611281827659909e+01
-1.500000000000000000e+00 1.605611277444970142e+01
-1.500000000000000000e+00 1.587630348726067986e+01
-1.500000000000000000e+00 1.587630309670841910e+01
-1.500000000000000000e+00 1.583218801093401140e+01
-1.500000000000000000e+00 1.583218794753891068e+01
-1.500000000000000000e+00 1.575354138358607869e+01
-1.500000000000000000e+00 1.575354125867489863e+01
-1.500000000000000000e+00 1.575128801824885194e+01
-1.500000000000000000e+00 1.575128746741502539e+01
-1.500000000000000000e+00 1.544369156434651380e+01
-1.500000000000000000e+00 1.544369116162932976e+01
-1.500000000000000000e+00 1.538374157457067781e+01
-1.500000000000000000e+00 1.538374131461214667e+01
-1.500000000000000000e+00 1.527607320143178882e+01
-1.500000000000000000e+00 1.527607318421203075e+01
-1.500000000000000000e+00 1.517333824810305209e+01
-1.500000000000000000e+00 1.517333784669122565e+01
-1.500000000000000000e+00 1.478774186191998652e+01
-1.500000000000000000e+00 1.478773851515489746e+01
-1.500000000000000000e+00 1.462473639293366645e+01
-1.500000000000000000e+00 1.462473557697969184e+01
-1.500000000000000000e+00 1.441510443742996728e+01
-1.500000000000000000e+00 1.441510430963092659e+01
-1.500000000000000000e+00 1.439878091499140034e+01
-1.500000000000000000e+00 1.439877879787799486e+01
-1.500000000000000000e+00 1.347728491601546175e+01
-1.500000000000000000e+00 1.347728482846149944e+01
-1.500000000000000000e+00 1.327784111920971633e+01
-1.500000000000000000e+00 1.327784107485299359e+01
-1.500000000000000000e+00 1.327631943885444876e+01
-1.500000000000000000e+00 1.327631941308378671e+01
-1.500000000000000000e+00 1.307182263291206148e+01
-1.500000000000000000e+00 1.307182262267365402e+01
-1.500000000000000000e+00 1.298109158756153114e+01
-1.500000000000000000e+00 1.298109158303094368e+01
-1.500000000000000000e+00 1.254062959532383381e+01
-1.500000000000000000e+00 1.254062959073187322e+01
-1.500000000000000000e+00 1.253165787359131400e+01
-1.500000000000000000e+00 1.253165782728235023e+01
-1.500000000000000000e+00 1.237734015314507907e+01
-1.500000000000000000e+00 1.237734015003549182e+01
-1.500000000000000000e+00 1.219812958774261880e+01
-1.500000000000000000e+00 1.219812956531731274e+01
-1.500000000000000000e+00 1.157219412808703396e+01
-1.500000000000000000e+00 1.157219409093248785e+01
-1.500000000000000000e+00 1.095560765038720064e+01
-1.500000000000000000e+00 1.095560764587250446e+01
-1.500000000000000000e+00 1.079535913391122470e+01
-1.500000000000000000e+00 1.079535912443111911e+01
-1.500000000000000000e+00 7.954612801455371418e+00
-1.500000000000000000e+00 7.954612798251897487e+00
-1.500000000000000000e+00 7.540358646971127676e+00
-1.500000000000000000e+00 7.540358613880777661e+00
-1.500000000000000000e+00 7.391691784829594880e+00
-1.500000000000000000e+00 7.391691784137362831e+00
-1.000000000000000000e+00 1.698298847951515356e+01
-1.000000000000000000e+00 1.687550261495765724e+01
-1.000000000000000000e+00 1.687550210350959645e+01
-1.000000000000000000e+00 1.686957033221769464e+01
-1.000000000000000000e+00 1.679270273885653708e+01
-1.000000000000000000e+00 1.671453844517154153e+01
-1.000000000000000000e+00 1.666425712712742779e+01
-1.000000000000000000e+00 1.664105133116878577e+01
-1.000000000000000000e+00 1.658213744638307574e+01
-1.000000000000000000e+00 1.658213707556556571e+01
-1.000000000000000000e+00 1.644315063005452515e+01
-1.000000000000000000e+00 1.634082305568572480e+01
-1.000000000000000000e+00 1.634082276437347758e+01
-1.000000000000000000e+00 1.632753167348504419e+01
-1.000000000000000000e+00 1.632753151469433206e+01
-1.000000000000000000e+00 1.630135524143099346e+01
-1.000000000000000000e+00 1.629986824955915736e+01
-1.000000000000000000e+00 1.629986814037317444e+01
-1.000000000000000000e+00 1.629960470930757310e+01
-1.000000000000000000e+00 1.617301599942481971e+01
-1.000000000000000000e+00 1.616620067099907487e+01
-1.000000000000000000e+00 1.616620045199117683e+01
-1.000000000000000000e+00 1.611325266994084515e+01
-1.000000000000000000e+00 1.609383639284618184e+01
-1.000000000000000000e+00 1.600667422293723874e+01
-1.000000000000000000e+00 1.600667391704309139e+01
-1.000000000000000000e+00 1.599440960056879391e+01
-1.000000000000000000e+00 1.594879184310278220e+01
-1.000000000000000000e+00 1.593834515508028282e+01
-1.000000000000000000e+00 1.593834493060894353e+01
-1.000000000000000000e+00 1.585100613557964699e+01
-1.000000000000000000e+00 1.584997893996147056e+01
-1.000000000000000000e+00 1.579716315958803463e+01
-1.000000000000000000e+00 1.579716283419195655e+01
-1.000000000000000000e+00 1.567244161171655037e+01
-1.000000000000000000e+00 1.567244158469882720e+01
-1.000000000000000000e+00 1.552417317860816226e+01
-1.000000000000000000e+00 1.552417267470778128e+01
-1.000000000000000000e+00 1.543124899913493486e+01
-1.000000000000000000e+00 1.529567491587840955e+01
-1.000000000000000000e+00 1.528105287531926493e+01
-1.000000000000000000e+00 1.521094923480908179e+01
-1.000000000000000000e+00 1.521094892646904562e+01
-1.000000000000000000e+00 1.520121384483551807e+01
-1.000000000000000000e+00 1.520121260744717162e+01
-1.000000000000000000e+00 1.518185876373050291e+01
-1.000000000000000000e+00 1.518185863661733670e+01
-1.000000000000000000e+00 1.509709629176606072e+01
-1.000000000000000000e+00 1.503719918907392739e+01
-1.000000000000000000e+00 1.503510252909768852e+01
-1.000000000000000000e+00 1.495667734617527955e+01
-1.000000000000000000e+00 1.495667678037006354e+01
-1.000000000000000000e+00 1.480386153237816416e+01
-1.000000000000000000e+00 1.477604822226142822e+01
-1.000000000000000000e+00 1.477604511980319835e+01
-1.000000000000000000e+00 1.458025552485617915e+01
-1.000000000000000000e+00 1.458025548860030796e+01
-1.000000000000000000e+00 1.452085993070360459e+01
-1.000000000000000000e+00 1.452085990777699998e+01
-1.000000000000000000e+00 1.450428551689616441e+01
-1.000000000000000000e+00 1.446256836054506856e+01
-1.000000000000000000e+00 1.429538965384687721e+01
-1.000000000000000000e+00 1.429538948341821225e+01
-1.000000000000000000e+00 1.415192849202540515e+01
-1.000000000000000000e+00 1.407904779872584200e+01
-1.000000000000000000e+00 1.400434809481563470e+01
-1.000000000000000000e+00 1.373260752061195333e+01
-1.000000000000000000e+00 1.369687998643933646e+01
-1.000000000000000000e+00 1.369687896787204195e+01
-1.000000000000000000e+00 1.366495134368283892e+01
-1.000000000000000000e+00 1.366495104895643031e+01
-1.000000000000000000e+00 1.357867785240689251e+01
-1.000000000000000000e+00 1.344135338083449582e+01
-1.000000000000000000e+00 1.329462812742337974e+01
-1.000000000000000000e+00 1.286817581841369496e+01
-1.000000000000000000e+00 1.286817576408274100e+01
-1.000000000000000000e+00 1.285437075002405116e+01
-1.000000000000000000e+00 1.273101314297571740e+01
-1.000000000000000000e+00 1.254583111440358856e+01
-1.000000000000000000e+00 1.209559223529678107e+01
-1.000000000000000000e+00 1.209559164464369196e+01
-1.000000000000000000e+00 1.187683038622533793e+01
-1.000000000000000000e+00 1.164545739040151773e+01
-1.000000000000000000e+00 1.126650430084250409e+01
-1.000000000000000000e+00 1.116732401214637882e+01
-1.000000000000000000e+00 1.116732386239462294e+01
-1.000000000000000000e+00 1.107616596945102749e+01
-1.000000000000000000e+00 1.055546151146560696e+01
-1.000000000000000000e+00 1.055546148748042690e+01
-1.000000000000000000e+00 1.053575616611555432e+01
-1.000000000000000000e+00 1.052826903440130124e+01
-1.000000000000000000e+00 9.757149915528282591e+00
-1.000000000000000000e+00 9.346167025175056153e+00
-1.000000000000000000e+00 9.036692937953299420e+00
-1.000000000000000000e+00 9.036692759102331607e+00
-1.000000000000000000e+00 8.664232228260051016e+00
-1.000000000000000000e+00 8.417305040042707631e+00
-1.000000000000000000e+00 8.417305018538961292e+00
-1.000000000000000000e+00 8.377598116607813949e+00
-1.000000000000000000e+00 7.159509368095903881e+00
-5.000000000000000000e-01 1.657674826378949362e+01
-5.000000000000000000e-01 1.657674767718300046e+01
-5.000000000000000000e-01 1.649975575428317498e+01
-5.000000000000000000e-01 1.649975537050963581e+01
-5.000000000000000000e-01 1.642654442930720649e+01
-5.000000000000000000e-01 1.642654331694710024e+01
-5.000000000000000000e-01 1.630194304216205126e+01
-5.000000000000000000e-01 1.630194206812206659e+01
-5.000000000000000000e-01 1.626493839970753541e+01
-5.000000000000000000e-01 1.626493794966747686e+01
-5.000000000000000000e-01 1.626151241158553873e+01
-5.000000000000000000e-01 1.626151197077325961e+01
-5.000000000000000000e-01 1.624585021035850474e+01
-5.000000000000000000e-01 1.624584824491594404e+01
-5.000000000000000000e-01 1.610876486773868521e+01
-5.000000000000000000e-01 1.610876457956179308e+01
-5.000000000000000000e-01 1.609019783213586408e+01
-5.000000000000000000e-01 1.609019778031131054e+01
-5.000000000000000000e-01 1.605146732538751309e+01
-5.000000000000000000e-01 1.605146686006739642e+01
-5.000000000000000000e-01 1.600650436676926347e+01
-5.000000000000000000e-01 1.600650407681497356e+01
-5.000000000000000000e-01 1.586316327431589457e+01
-5.000000000000000000e-01 1.586316280798553358e+01
-5.000000000000000000e-01 1.573959548224889993e+01
-5.000000000000000000e-01 1.573959517657688423e+01
-5.000000000000000000e-01 1.569638323314770645e+01
-5.000000000000000000e-01 1.569638129317038455e+01
-5.000000000000000000e-01 1.569209785779536404e+01
-5.000000000000000000e-01 1.569209617264950829e+01
-5.000000000000000000e-01 1.568422938774764042e+01
-5.000000000000000000e-01 1.568422901364758815e+01
-5.000000000000000000e-01 1.561034245287429201e+01
-5.000000000000000000e-01 1.561034156285412067e+01
-5.000000000000000000e-01 1.528920639723782138e+01
-5.000000000000000000e-01 1.528920591840375387e+01
-5.000000000000000000e-01 1.496654787816382282e+01
-5.000000000000000000e-01 1.496654605089201695e+01
-5.000000000000000000e-01 1.492464672667991010e+01
-5.000000000000000000e-01 1.492464551024232122e+01
-5.000000000000000000e-01 1.475536085791373786e+01
-5.000000000000000000e-01 1.475536021568412259e+01
-5.000000000000000000e-01 1.465071121321115122e+01
-5.000000000000000000e-01 1.465071086513673926e+01
-5.000000000000000000e-01 1.456106311424769650e+01
-5.000000000000000000e-01 1.456106206549952731e+01
-5.000000000000000000e-01 1.454070444229517101e+01
-5.000000000000000000e-01 1.454070430564689431e+01
-5.000000000000000000e-01 1.451199538674883449e+01
-5.000000000000000000e-01 1.451199498528683129e+01
-5.000000000000000000e-01 1.446114714557831782e+01
-5.000000000000000000e-01 1.446114568413735846e+01
-5.000000000000000000e-01 1.412845815840130825e+01
-5.000000000000000000e-01 1.412845741965794844e+01
-5.000000000000000000e-01 1.387683025903423228e+01
-5.000000000000000000e-01 1.387683022621821749e+01
-5.000000000000000000e-01 1.369531009281154077e+01
-5.000000000000000000e-01 1.369530960135818987e+01
-5.000000000000000000e-01 1.369490318942149187e+01
-5.000000000000000000e-01 1.369490317328255458e+01
-5.000000000000000000e-01 1.357213809362758461e+01
-5.000000000000000000e-01 1.357213698527097279e+01
-5.000000000000000000e-01 1.321922200155472638e+01
-5.000000000000000000e-01 1.321922159033587540e+01
-5.000000000000000000e-01 1.314746989302843261e+01
-5.000000000000000000e-01 1.314746975504833770e+01
-5.000000000000000000e-01 1.311563762152311519e+01
-5.000000000000000000e-01 1.311563742864673898e+01
-5.000000000000000000e-01 1.243833361221959954e+01
-5.000000000000000000e-01 1.243833321845802153e+01
-5.000000000000000000e-01 1.238872280437006701e+01
-5.000000000000000000e-01 1.238872273363006293e+01
-5.000000000000000000e-01 1.236813465851625438e+01
-5.000000000000000000e-01 1.236813463214418363e+01
-5.000000000000000000e-01 1.230563859874831500e+01
-5.000000000000000000e-01 1.230563839079083976e+01
-5.000000000000000000e-01 1.186095718189763559e+01
-5.000000000000000000e-01 1.186095694843015735e+01
-5.000000000000000000e-01 1.171141666932703451e+01
-5.000000000000000000e-01 1.171141649355271319e+01
-5.000000000000000000e-01 1.169529767457676250e+01
-5.000000000000000000e-01 1.169529745788580222e+01
-5.000000000000000000e-01 1.150747504905452701e+01
-5.000000000000000000e-01 1.150747489200583651e+01
-5.000000000000000000e-01 1.138644920239386771e+01
-5.000000000000000000e-01 1.138644901000665932e+01
-5.000000000000000000e-01 1.074330471974838375e+01
-5.000000000000000000e-01 1.074330435872431799e+01
-5.000000000000000000e-01 1.017379608089759024e+01
-5.000000000000000000e-01 1.017379601570793746e+01
-5.000000000000000000e-01 8.951578750228787129e+00
-5.000000000000000000e-01 8.951578552362132513e+00
-5.000000000000000000e-01 8.732287546495369313e+00
-5.000000000000000000e-01 8.732287011759391149e+00
-5.000000000000000000e-01 8.263869055468914482e+00
-5.000000000000000000e-01 8.263868776397510274e+00
-5.000000000000000000e-01 7.373867045724948888e+00
-5.000000000000000000e-01 7.373866504389471999e+00
-5.000000000000000000e-01 5.686944843284604367e+00
-5.000000000000000000e-01 5.686944748106053105e+00
0.000000000000000000e+00 1.586229486922175447e+01
0.000000000000000000e+00 1.584758826301578161e+01
0.000000000000000000e+00 1.567690900360434014e+01
0.000000000000000000e+00 1.567690877221131629e+01
0.000000000000000000e+00 1.559761151182134675e+01
0.000000000000000000e+00 1.557971276384077974e+01
0.000000000000000000e+00 1.557937860267690944e+01
0.000000000000000000e+00 1.547379475452921582e+01
0.000000000000000000e+00 1.547379459714628247e+01
0.000000000000000000e+00 1.544268408936786940e+01
0.000000000000000000e+00 1.540465931098001207e+01
0.000000000000000000e+00 1.540465928922152195e+01
0.000000000000000000e+00 1.526902280793579614e+01
0.000000000000000000e+00 1.526860057009201910e+01
0.000000000000000000e+00 1.524884889674335753e+01
0.000000000000000000e+00 1.524884883529998092e+01
0.000000000000000000e+00 1.502848731843335806e+01
0.000000000000000000e+00 1.502848666793327936e+01
0.000000000000000000e+00 1.501463633454983437e+01
0.000000000000000000e+00 1.500413931609666562e+01
0.000000000000000000e+00 1.500413931026563752e+01
0.000000000000000000e+00 1.492373248878915426e+01
0.000000000000000000e+00 1.484352921365463196e+01
0.000000000000000000e+00 1.484352901998674845e+01
0.000000000000000000e+00 1.480601973179713760e+01
0.000000000000000000e+00 1.480601791604195938e+01
0.000000000000000000e+00 1.478985812452085824e+01
0.000000000000000000e+00 1.478435003612683474e+01
0.000000000000000000e+00 1.476523926237521600e+01
0.000000000000000000e+00 1.461402332584996522e+01
0.000000000000000000e+00 1.461402326515746708e+01
0.000000000000000000e+00 1.455862547254642614e+01
0.000000000000000000e+00 1.444323088829167112e+01
0.000000000000000000e+00 1.443673379946743296e+01
0.000000000000000000e+00 1.433552662479121409e+01
0.000000000000000000e+00 1.433552599882021639e+01
0.000000000000000000e+00 1.418195553748569537e+01
0.000000000000000000e+00 1.418195530108890878e+01
0.000000000000000000e+00 1.405207660156218807e+01
0.000000000000000000e+00 1.405207659846781887e+01
0.000000000000000000e+00 1.402149588104797928e+01
0.000000000000000000e+00 1.399300483493020941e+01
0.000000000000000000e+00 1.398430822880818347e+01
0.000000000000000000e+00 1.398430816755847417e+01
0.000000000000000000e+00 1.382496568374852686e+01
0.000000000000000000e+00 1.382496566491958845e+01
0.000000000000000000e+00 1.380266106722499764e+01
0.000000000000000000e+00 1.377185181602400732e+01
0.000000000000000000e+00 1.376204858080149940e+01
0.000000000000000000e+00 1.357709990056476101e+01
0.000000000000000000e+00 1.346048552649334518e+01
0.000000000000000000e+00 1.346048552431371625e+01
0.000000000000000000e+00 1.345874717817403621e+01
0.000000000000000000e+00 1.341202970234272662e+01
0.000000000000000000e+00 1.341202967089809128e+01
0.000000000000000000e+00 1.328748438377049368e+01
0.000000000000000000e+00 1.328748412998015205e+01
0.000000000000000000e+00 1.326738722130721371e+01
0.000000000000000000e+00 1.310922535560666624e+01
0.000000000000000000e+00 1.310705314287040757e+01
0.000000000000000000e+00 1.310705309257609308e+01
0.000000000000000000e+00 1.288396476538591884e+01
0.000000000000000000e+00 1.287440422621394731e+01
0.000000000000000000e+00 1.287440412363113040e+01
0.000000000000000000e+00 1.272762815703589823e+01
0.000000000000000000e+00 1.272541680866201119e+01
0.000000000000000000e+00 1.263881959530975685e+01
0.000000000000000000e+00 1.262258534096609530e+01
0.000000000000000000e+00 1.262258478792765537e+01
0.000000000000000000e+00 1.235437589513827206e+01
0.000000000000000000e+00 1.235437584991395710e+01
0.000000000000000000e+00 1.225788874566996789e+01
0.000000000000000000e+00 1.205185833209092650e+01
0.000000000000000000e+00 1.190565008285931725e+01
0.000000000000000000e+00 1.122020159955458141e+01
0.000000000000000000e+00 1.122020149872860628e+01
0.000000000000000000e+00 1.116323802648395080e+01
0.000000000000000000e+00 1.116323775513117766e+01
0.000000000000000000e+00 1.108977076218109659e+01
0.000000000000000000e+00 1.105386365518105585e+01
0.000000000000000000e+00 1.093251303441340561e+01
0.000000000000000000e+00 1.028059511557479944e+01
0.000000000000000000e+00 1.027039195893622114e+01
0.000000000000000000e+00 1.018608079278627621e+01
0.000000000000000000e+00 9.806308260700607349e+00
0.000000000000000000e+00 9.786831974264464051e+00
0.000000000000000000e+00 9.786831974031301229e+00
0.000000000000000000e+00 9.758463092536754147e+00
0.000000000000000000e+00 9.706992771560559063e+00
0.000000000000000000e+00 9.559475070541399333e+00
0.000000000000000000e+00 9.559475061564199905e+00
0.000000000000000000e+00 7.828973030511543030e+00
0.000000000000000000e+00 7.828973006726073436e+00
0.000000000000000000e+00 7.258432617610035109e+00
0.000000000000000000e+00 7.181078203591856557e+00
0.000000000000000000e+00 7.167980658798245308e+00
0.000000000000000000e+00 7.167980640802725567e+00
0.000000000000000000e+00 6.894804166953713676e+00
0.000000000000000000e+00 5.037744206279692882e+00
0.000000000000000000e+00 7.267999789006694689e-02
5.000000000000000000e-01 1.622386146278095964e+01
5.000000000000000000e-01 1.622386137886343960e+01
5.000000000000000000e-01 1.609611880761067937e+01
5.000000000000000000e-01 1.609611840575746555e+01
5.000000000000000000e-01 1.603818040562274660e+01
5.000000000000000000e-01 1.603818024983007007e+01
5.000000000000000000e-01 1.595057728207659409e+01
5.000000000000000000e-01 1.595057713747315731e+01
5.000000000000000000e-01 1.590109724352813458e+01
5.000000000000000000e-01 1.590109693789878520e+01
5.000000000000000000e-01 1.579383011818705107e+01
5.000000000000000000e-01 1.579383001382879215e+01
5.000000000000000000e-01 1.564029215354269020e+01
5.000000000000000000e-01 1.564029180929365204e+01
5.000000000000000000e-01 1.561787146273461957e+01
5.000000000000000000e-01 1.561787136982842128e+01
5.000000000000000000e-01 1.561170234965202219e+01
5.000000000000000000e-01 1.561170215695328878e+01
5.000000000000000000e-01 1.553880618787498946e+01
5.000000000000000000e-01 1.553880608461404833e+01
5.000000000000000000e-01 1.544524422209240910e+01
5.000000000000000000e-01 1.544524393544697816e+01
5.000000000000000000e-01 1.538865202525423470e+01
5.000000000000000000e-01 1.538865193746106819e+01
5.000000000000000000e-01 1.519475830800584504e+01
5.000000000000000000e-01 1.519475775326462497e+01
5.000000000000000000e-01 1.519304218655637051e+01
5.000000000000000000e-01 1.519304192859054403e+01
5.000000000000000000e-01 1.492577959149631717e+01
5.000000000000000000e-01 1.492577956790827010e+01
5.000000000000000000e-01 1.485706889262750430e+01
5.000000000000000000e-01 1.485706884480890544e+01
5.000000000000000000e-01 1.484875402536748190e+01
5.000000000000000000e-01 1.484875332026790851e+01
5.000000000000000000e-01 1.482127496304882897e+01
5.000000000000000000e-01 1.482127347148106189e+01
5.000000000000000000e-01 1.454589867291461225e+01
5.000000000000000000e-01 1.454589722556620579e+01
5.000000000000000000e-01 1.440332322359969019e+01
5.000000000000000000e-01 1.440332178271582286e+01
5.000000000000000000e-01 1.430106250765228104e+01
5.000000000000000000e-01 1.430106217171177896e+01
5.000000000000000000e-01 1.420316731032980151e+01
5.000000000000000000e-01 1.420316682838194211e+01
5.000000000000000000e-01 1.414013297829717608e+01
5.000000000000000000e-01 1.414013289781064309e+01
5.000000000000000000e-01 1.386712947534202911e+01
5.000000000000000000e-01 1.386712946949684699e+01
5.000000000000000000e-01 1.380965716823022049e+01
5.000000000000000000e-01 1.380965685829911038e+01
5.000000000000000000e-01 1.370828579452487261e+01
5.000000000000000000e-01 1.370828552763680364e+01
5.000000000000000000e-01 1.328908989913823646e+01
5.000000000000000000e-01 1.328908836857264575e+01
5.000000000000000000e-01 1.315060294115292905e+01
5.000000000000000000e-01 1.315060051395915863e+01
5.000000000000000000e-01 1.301782196231688360e+01
5.000000000000000000e-01 1.301782190131569727e+01
5.000000000000000000e-01 1.297595601512010965e+01
5.000000000000000000e-01 1.297595581315114188e+01
5.000000000000000000e-01 1.289728621525051544e+01
5.000000000000000000e-01 1.289728618980903718e+01
5.000000000000000000e-01 1.286126071463867682e+01
5.000000000000000000e-01 1.286126070711383385e+01
5.000000000000000000e-01 1.254091113713990779e+01
5.000000000000000000e-01 1.254091053914808995e+01
5.000000000000000000e-01 1.240646839350337238e+01
5.000000000000000000e-01 1.240646838536397567e+01
5.000000000000000000e-01 1.236006867574471180e+01
5.000000000000000000e-01 1.236006761806985210e+01
5.000000000000000000e-01 1.223519111780392699e+01
5.000000000000000000e-01 1.223519021888272995e+01
5.000000000000000000e-01 1.192293127017012111e+01
5.000000000000000000e-01 1.192293047771130432e+01
5.000000000000000000e-01 1.175786067834018311e+01
5.000000000000000000e-01 1.175786066988680112e+01
5.000000000000000000e-01 1.166742144249669444e+01
5.000000000000000000e-01 1.166742129001784534e+01
5.000000000000000000e-01 1.143006993233213286e+01
5.000000000000000000e-01 1.143006965701059841e+01
5.000000000000000000e-01 1.077615014698487883e+01
5.000000000000000000e-01 1.077615013648414433e+01
5.000000000000000000e-01 1.020906593627528025e+01
5.000000000000000000e-01 1.020906590509487799e+01
5.000000000000000000e-01 1.015639509352865133e+01
5.000000000000000000e-01 1.015639509039187871e+01
5.000000000000000000e-01 9.943280086599003198e+00
5.000000000000000000e-01 9.943280070186919062e+00
5.000000000000000000e-01 9.230451488335750909e+00
5.000000000000000000e-01 9.230451487014931899e+00
5.000000000000000000e-01 9.088052549502121380e+00
5.000000000000000000e-01 9.088052491119297471e+00
5.000000000000000000e-01 8.343386049301752649e+00
5.000000000000000000e-01 8.343385939199123413e+00
5.000000000000000000e-01 7.324742693143526218e+00
5.000000000000000000e-01 7.324742575117737964e+00
5.000000000000000000e-01 6.550079746231072697e+00
5.000000000000000000e-01 6.550079677331718031e+00
5.000000000000000000e-01 4.774096941499854196e+00
5.000000000000000000e-01 4.774096867286028889e+00
1.000000000000000000e+00 1.653598558672771190e+01
1.000000000000000000e+00 1.648724682182130508e+01
1.000000000000000000e+00 1.648724587110258355e+01
1.000000000000000000e+00 1.639508037290145737e+01
1.000000000000000000e+00 1.638219730055257628e+01
1.000000000000000000e+00 1.633760350020147811e+01
1.000000000000000000e+00 1.616691282374822336e+01
1.000000000000000000e+00 1.607836075545954913e+01
1.000000000000000000e+00 1.594345819289111077e+01
1.000000000000000000e+00 1.594345817983859703e+01
1.000000000000000000e+00 1.591034697901145023e+01
1.000000000000000000e+00 1.591034572709506811e+01
1.000000000000000000e+00 1.589207538920495111e+01
1.000000000000000000e+00 1.578562984260176982e+01
1.000000000000000000e+00 1.576962375772527203e+01
1.000000000000000000e+00 1.576463625484244346e+01
1.000000000000000000e+00 1.570928505561863453e+01
1.000000000000000000e+00 1.570928495086855392e+01
1.000000000000000000e+00 1.564439236708544811e+01
1.000000000000000000e+00 1.558093503608392005e+01
1.000000000000000000e+00 1.553065900061330673e+01
1.000000000000000000e+00 1.553065819973920014e+01
1.000000000000000000e+00 1.543405044852003805e+01
1.000000000000000000e+00 1.543405002165748918e+01
1.000000000000000000e+00 1.536401855963049456e+01
1.000000000000000000e+00 1.532664418162082853e+01
1.000000000000000000e+00 1.532664316729488974e+01
1.000000000000000000e+00 1.518195855429325825e+01
1.000000000000000000e+00 1.518111121159410004e+01
1.000000000000000000e+00 1.501176691438887367e+01
1.000000000000000000e+00 1.496687338166757897e+01
1.000000000000000000e+00 1.496687302072859893e+01
1.000000000000000000e+00 1.494640961683601077e+01
1.000000000000000000e+00 1.490710062275407566e+01
1.000000000000000000e+00 1.490709916090100684e+01
1.000000000000000000e+00 1.484297854678304418e+01
1.000000000000000000e+00 1.478150221049099677e+01
1.000000000000000000e+00 1.478150213814962477e+01
1.000000000000000000e+00 1.469028922152637762e+01
1.000000000000000000e+00 1.465308940605549815e+01
1.000000000000000000e+00 1.465308829264428958e+01
1.000000000000000000e+00 1.465285689805315883e+01
1.000000000000000000e+00 1.465285674210915978e+01
1.000000000000000000e+00 1.464055010038769744e+01
1.000000000000000000e+00 1.458879421796668652e+01
1.000000000000000000e+00 1.458879400722661757e+01
1.000000000000000000e+00 1.455674288985113485e+01
1.000000000000000000e+00 1.446146336485305639e+01
1.000000000000000000e+00 1.405528514691649633e+01
1.000000000000000000e+00 1.405528283900255104e+01
1.000000000000000000e+00 1.385209034831323471e+01
1.000000000000000000e+00 1.376847144858479766e+01
1.000000000000000000e+00 1.376729833357068955e+01
1.000000000000000000e+00 1.370958546035260461e+01
1.000000000000000000e+00 1.370958511542353087e+01
1.000000000000000000e+00 1.365099832472860975e+01
1.000000000000000000e+00 1.361679082804773167e+01
1.000000000000000000e+00 1.351331755831695602e+01
1.000000000000000000e+00 1.351331752483354975e+01
1.000000000000000000e+00 1.350417113429774574e+01
1.000000000000000000e+00 1.350417110876327520e+01
1.000000000000000000e+00 1.345591564183961530e+01
1.000000000000000000e+00 1.339364963616039894e+01
1.000000000000000000e+00 1.334662913964120534e+01
1.000000000000000000e+00 1.334450734377345782e+01
1.000000000000000000e+00 1.334450714385571324e+01
1.000000000000000000e+00 1.326016744214649989e+01
1.000000000000000000e+00 1.326016689166668172e+01
1.000000000000000000e+00 1.325757681867287019e+01
1.000000000000000000e+00 1.309567612158896921e+01
1.000000000000000000e+00 1.289369700358269810e+01
1.000000000000000000e+00 1.277215944629503319e+01
1.000000000000000000e+00 1.229875051575793421e+01
1.000000000000000000e+00 1.229874810514805006e+01
1.000000000000000000e+00 1.228439549545969456e+01
1.000000000000000000e+00 1.194079619831238581e+01
1.000000000000000000e+00 1.178439527251410190e+01
1.000000000000000000e+00 1.174247253701407168e+01
1.000000000000000000e+00 1.174247125274082926e+01
1.000000000000000000e+00 1.139715400172861060e+01
1.000000000000000000e+00 1.139715388891048597e+01
1.000000000000000000e+00 1.132982286588328869e+01
1.000000000000000000e+00 1.132438420453129169e+01
1.000000000000000000e+00 1.119889908502847042e+01
1.000000000000000000e+00 1.119889901684621947e+01
1.000000000000000000e+00 1.118128857207022975e+01
1.000000000000000000e+00 1.068154270317525878e+01
1.000000000000000000e+00 1.020645532557455759e+01
1.000000000000000000e+00 1.001708497113178886e+01
1.000000000000000000e+00 1.001708449932731959e+01
1.000000000000000000e+00 9.442904634222616167e+00
1.000000000000000000e+00 9.442903775517081044e+00
1.000000000000000000e+00 9.326306478904832886e+00
1.000000000000000000e+00 9.325291302027983065e+00
1.000000000000000000e+00 8.658376109128335330e+00
1.000000000000000000e+00 8.658375945534421803e+00
1.000000000000000000e+00 8.586327811631157658e+00
1.000000000000000000e+00 7.637940954679961258e+00
1.000000000000000000e+00 5.962468665574697013e+00
1.000000000000000000e+00 5.630013254674691936e+00
1.500000000000000000e+00 1.692357116855230359e+01
1.500000000000000000e+00 1.692356974746904541e+01
1.500000000000000000e+00 1.685135516251326848e+01
1.500000000000000000e+00 1.685135461241835841e+01
1.500000000000000000e+00 1.673100414727963070e+01
1.500000000000000000e+00 1.673100345053797966e+01
1.500000000000000000e+00 1.669854110775024125e+01
1.500000000000000000e+00 1.669854028646380328e+01
1.500000000000000000e+00 1.662881755804335171e+01
1.500000000000000000e+00 1.662881741372933675e+01
1.500000000000000000e+00 1.661311758933339178e+01
1.500000000000000000e+00 1.661311753104990885e+01
1.500000000000000000e+00 1.658417225772248216e+01
1.500000000000000000e+00 1.658417212678727992e+01
1.500000000000000000e+00 1.646851964405512803e+01
1.500000000000000000e+00 1.646851933197755713e+01
1.500000000000000000e+00 1.638870909488299432e+01
1.500000000000000000e+00 1.638870848368022237e+01
1.500000000000000000e+00 1.619704929006688587e+01
1.500000000000000000e+00 1.619704854998476762e+01
1.500000000000000000e+00 1.617458861828256289e+01
1.500000000000000000e+00 1.617458849140975730e+01
1.500000000000000000e+00 1.597686885442889171e+01
1.500000000000000000e+00 1.597686714236960093e+01
1.500000000000000000e+00 1.597187141190468473e+01
1.500000000000000000e+00 1.597187073471489249e+01
1.500000000000000000e+00 1.573900500238284295e+01
1.500000000000000000e+00 1.573900490359202387e+01
1.500000000000000000e+00 1.561350788318123506e+01
1.500000000000000000e+00 1.561350786441277805e+01
1.500000000000000000e+00 1.556201726322992585e+01
1.500000000000000000e+00 1.556201649541668708e+01
1.500000000000000000e+00 1.551899645397985061e+01
1.500000000000000000e+00 1.551899639055520019e+01
1.500000000000000000e+00 1.546095222787510970e+01
1.500000000000000000e+00 1.546095222672418501e+01
1.500000000000000000e+00 1.543509293709393759e+01
1.500000000000000000e+00 1.543509243127818742e+01
1.500000000000000000e+00 1.541954656363432896e+01
1.500000000000000000e+00 1.541954653823676580e+01
1.500000000000000000e+00 1.537149030629119295e+01
1.500000000000000000e+00 1.537149011053904069e+01
1.500000000000000000e+00 1.534596416287233822e+01
1.500000000000000000e+00 1.534596334830290942e+01
1.500000000000000000e+00 1.519913299101568072e+01
1.500000000000000000e+00 1.519913290597807531e+01
1.500000000000000000e+00 1.489776415635783202e+01
1.500000000000000000e+00 1.489776398990519723e+01
1.500000000000000000e+00 1.485642922996499493e+01
1.500000000000000000e+00 1.485642795666654159e+01
1.500000000000000000e+00 1.481804525720082033e+01
1.500000000000000000e+00 1.481804524509858823e+01
1.500000000000000000e+00 1.455687125328612552e+01
1.500000000000000000e+00 1.455687123045090736e+01
1.500000000000000000e+00 1.455111608462246764e+01
1.500000000000000000e+00 1.455111597758850550e+01
1.500000000000000000e+00 1.443462343933175696e+01
1.500000000000000000e+00 1.443462323890589438e+01
1.500000000000000000e+00 1.436116219035490538e+01
1.500000000000000000e+00 1.436116191790713437e+01
1.500000000000000000e+00 1.406135818874642318e+01
1.500000000000000000e+00 1.406135793377777787e+01
1.500000000000000000e+00 1.386406463946573453e+01
1.500000000000000000e+00 1.386406433481479894e+01
1.500000000000000000e+00 1.361427686105560042e+01
1.500000000000000000e+00 1.361427660885406077e+01
1.500000000000000000e+00 1.293364443688451715e+01
1.500000000000000000e+00 1.293364424429412374e+01
1.500000000000000000e+00 1.286558004956807721e+01
1.500000000000000000e+00 1.286557986673015819e+01
1.500000000000000000e+00 1.255347797079812011e+01
1.500000000000000000e+00 1.255347667876334938e+01
1.500000000000000000e+00 1.239252316367401541e+01
1.500000000000000000e+00 1.239252308881185627e+01
1.500000000000000000e+00 1.238036230483534794e+01
1.500000000000000000e+00 1.238036145567494728e+01
1.500000000000000000e+00 1.215847282733484924e+01
1.500000000000000000e+00 1.215847223954983392e+01
1.500000000000000000e+00 1.178912964837553190e+01
1.500000000000000000e+00 1.178912934747048524e+01
1.500000000000000000e+00 1.167402148157035668e+01
1.500000000000000000e+00 1.167402136674088986e+01
1.500000000000000000e+00 1.154715155712893093e+01
1.500000000000000000e+00 1.154715153337010491e+01
1.500000000000000000e+00 1.125213716736645786e+01
1.500000000000000000e+00 1.125213706740854569e+01
1.500000000000000000e+00 1.073114406383730923e+01
1.500000000000000000e+00 1.073114396640279722e+01
1.500000000000000000e+00 1.057966116931724798e+01
1.500000000000000000e+00 1.057966115604415158e+01
1.500000000000000000e+00 1.029529855365350244e+01
1.500000000000000000e+00 1.029529855245101011e+01
1.500000000000000000e+00 9.684685116163763041e+00
1.500000000000000000e+00 9.684684112983990900e+00
1.500000000000000000e+00 7.276862530572548948e+00
1.500000000000000000e+00 7.276862517855954060e+00
1.500000000000000000e+00 6.744622873796180862e+00
1.500000000000000000e+00 6.744622658815696781e+00
1.500000000000000000e+00 6.514405472821026777e+00
1.500000000000000000e+00 6.514405394380497150e+00
2.000000000000000000e+00 1.846135411662336523e+01
2.000000000000000000e+00 1.799739970100122122e+01
2.000000000000000000e+00 1.795108328953764598e+01
2.000000000000000000e+00 1.788679682729365794e+01
2.000000000000000000e+00 1.780797962247494226e+01
2.000000000000000000e+00 1.780797950215226422e+01
2.000000000000000000e+00 1.780174443982594568e+01
2.000000000000000000e+00 1.780174415284650635e+01
2.000000000000000000e+00 1.777793369575375593e+01
2.000000000000000000e+00 1.773985617424853700e+01
2.000000000000000000e+00 1.773985611804911500e+01
2.000000000000000000e+00 1.772237624961180202e+01
2.000000000000000000e+00 1.763384733080224009e+01
2.000000000000000000e+00 1.761678036695395377e+01
2.000000000000000000e+00 1.755992132780423276e+01
2.000000000000000000e+00 1.751799789540505969e+01
2.000000000000000000e+00 1.751799749925234551e+01
2.000000000000000000e+00 1.744093676250513880e+01
2.000000000000000000e+00 1.733716995013693563e+01
2.000000000000000000e+00 1.733716981488299069e+01
2.000000000000000000e+00 1.723182374670414774e+01
2.000000000000000000e+00 1.722737162762859597e+01
2.000000000000000000e+00 1.703600991404735154e+01
2.000000000000000000e+00 1.663672222825189451e+01
2.000000000000000000e+00 1.663672212008985696e+01
2.000000000000000000e+00 1.651842031684892120e+01
2.000000000000000000e+00 1.651841999874415023e+01
2.000000000000000000e+00 1.621199971179699517e+01
2.000000000000000000e+00 1.618750254659935095e+01
2.000000000000000000e+00 1.612968380727888729e+01
2.000000000000000000e+00 1.604007809653001360e+01
2.000000000000000000e+00 1.604007808831482151e+01
2.000000000000000000e+00 1.592782685509399698e+01
2.000000000000000000e+00 1.573093275538915137e+01
2.000000000000000000e+00 1.573093260613284805e+01
2.000000000000000000e+00 1.571534387400486388e+01
2.000000000000000000e+00 1.564961347545169978e+01
2.000000000000000000e+00 1.564961344765386464e+01
2.000000000000000000e+00 1.551247931920855905e+01
2.000000000000000000e+00 1.544522178355542508e+01
2.000000000000000000e+00 1.540159377680102182e+01
2.000000000000000000e+00 1.526309528495622558e+01
2.000000000000000000e+00 1.526309502621311687e+01
2.000000000000000000e+00 1.515312459959123181e+01
2.000000000000000000e+00 1.514362522680887579e+01
2.000000000000000000e+00 1.507864688970696498e+01
2.000000000000000000e+00 1.498246129208275690e+01
2.000000000000000000e+00 1.496388194946942996e+01
2.000000000000000000e+00 1.496388194456859999e+01
2.000000000000000000e+00 1.466579712981096151e+01
2.000000000000000000e+00 1.463203487464371477e+01
2.000000000000000000e+00 1.463203486861487868e+01
2.000000000000000000e+00 1.458695111585064197e+01
2.000000000000000000e+00 1.454612714952695285e+01
2.000000000000000000e+00 1.454612714768277471e+01
2.000000000000000000e+00 1.453350566972030222e+01
2.000000000000000000e+00 1.453077105068836872e+01
2.000000000000000000e+00 1.453077102344723670e+01
2.000000000000000000e+00 1.436610773432324351e+01
2.000000000000000000e+00 1.436610770929243408e+01
2.000000000000000000e+00 1.428417840183821497e+01
2.000000000000000000e+00 1.428417840006422779e+01
2.000000000000000000e+00 1.426825541440832801e+01
2.000000000000000000e+00 1.418995609306189820e+01
2.000000000000000000e+00 1.407332503154234615e+01
2.000000000000000000e+00 1.401423078665319188e+01
2.000000000000000000e+00 1.393579808893867877e+01
2.000000000000000000e+00 1.393579807591649633e+01
2.000000000000000000e+00 1.391587361427998282e+01
2.000000000000000000e+00 1.391587356886500970e+01
2.000000000000000000e+00 1.369719716659204245e+01
2.000000000000000000e+00 1.337391122092682139e+01
2.000000000000000000e+00 1.337391121978460973e+01
2.000000000000000000e+00 1.325544668423481554e+01
2.000000000000000000e+00 1.317406710676847226e+01
2.000000000000000000e+00 1.308303217118498729e+01
2.000000000000000000e+00 1.295822707971667320e+01
2.000000000000000000e+00 1.270255284255498118e+01
2.000000000000000000e+00 1.258877097963670444e+01
2.000000000000000000e+00 1.232298331410373216e+01
2.000000000000000000e+00 1.232298326483617679e+01
2.000000000000000000e+00 1.227585161530033986e+01
2.000000000000000000e+00 1.221681766184871343e+01
2.000000000000000000e+00 1.221681765933494823e+01
2.000000000000000000e+00 1.212064993898846765e+01
2.000000000000000000e+00 1.135383541280829967e+01
2.000000000000000000e+00 1.135383533750835561e+01
2.000000000000000000e+00 1.114467521186878862e+01
2.000000000000000000e+00 1.059534432835205742e+01
2.000000000000000000e+00 1.059534429795787069e+01
2.000000000000000000e+00 1.039231566825336728e+01
2.000000000000000000e+00 1.039231563526225699e+01
2.000000000000000000e+00 1.039199311818308402e+01
2.000000000000000000e+00 1.019747458793512251e+01
2.000000000000000000e+00 9.048630153472355886e+00
2.000000000000000000e+00 8.322754310812992884e+00
2.000000000000000000e+00 7.417373348064087324e+00
2.000000000000000000e+00 7.417373327982398123e+00
2.000000000000000000e+00 7.324678585399196251e+00
2.000000000000000000e+00 7.127480623277489435e+00
2.500000000000000000e+00 2.080579382126864019e+01
2.500000000000000000e+00 2.080579382126864019e+01
2.500000000000000000e+00 2.036334218478509328e+01
2.500000000000000000e+00 2.036334125522297001e+01
2.500000000000000000e+00 1.980908249061799964e+01
2.500000000000000000e+00 1.980908231260758967e+01
2.500000000000000000e+00 1.963866282543600050e+01
2.500000000000000000e+00 1.963866267531789234e+01
2.500000000000000000e+00 1.953944787343795753e+01
2.500000000000000000e+00 1.953944753359009212e+01
2.500000000000000000e+00 1.938184748961208825e+01
2.500000000000000000e+00 1.938184673484522236e+01
2.500000000000000000e+00 1.916239599488288547e+01
2.500000000000000000e+00 1.916239576178785242e+01
2.500000000000000000e+00 1.891342307804031009e+01
2.500000000000000000e+00 1.891342256922118636e+01
2.500000000000000000e+00 1.890958309610795141e+01
2.500000000000000000e+00 1.890958309610795141e+01
2.500000000000000000e+00 1.879766639511283088e+01
2.500000000000000000e+00 1.879766626562678411e+01
2.500000000000000000e+00 1.870806658484467988e+01
2.500000000000000000e+00 1.870806643685880033e+01
2.500000000000000000e+00 1.869344196350559173e+01
2.500000000000000000e+00 1.869344196350559173e+01
2.500000000000000000e+00 1.855431642023818384e+01
2.500000000000000000e+00 1.855431603955066322e+01
2.500000000000000000e+00 1.794213671601486482e+01
2.500000000000000000e+00 1.794213500980476184e+01
2.500000000000000000e+00 1.777862773187816359e+01
2.500000000000000000e+00 1.777862766177277720e+01
2.500000000000000000e+00 1.753957857650336294e+01
2.500000000000000000e+00 1.753957822690777846e+01
2.500000000000000000e+00 1.751248156240367848e+01
2.500000000000000000e+00 1.751248137437088914e+01
2.500000000000000000e+00 1.748982472730731885e+01
2.500000000000000000e+00 1.748982461351369722e+01
2.500000000000000000e+00 1.737614186844379205e+01
2.500000000000000000e+00 1.737614113404754335e+01
2.500000000000000000e+00 1.731269403584309785e+01
2.500000000000000000e+00 1.731269343458431464e+01
2.500000000000000000e+00 1.718909719663396274e+01
2.500000000000000000e+00 1.718909678191855406e+01
2.500000000000000000e+00 1.706451003044952586e+01
2.500000000000000000e+00 1.706450962426719187e+01
2.500000000000000000e+00 1.689809566873454116e+01
2.500000000000000000e+00 1.689809513591211143e+01
2.500000000000000000e+00 1.665120397744098923e+01
2.500000000000000000e+00 1.665120389040596649e+01
2.500000000000000000e+00 1.665028055739119139e+01
2.500000000000000000e+00 1.665028027762395624e+01
2.500000000000000000e+00 1.642617836036776779e+01
2.500000000000000000e+00 1.642617762913767976e+01
2.500000000000000000e+00 1.634123988558627971e+01
2.500000000000000000e+00 1.634123977733946731e+01
2.500000000000000000e+00 1.598216986725801192e+01
2.500000000000000000e+00 1.598216970056905595e+01
2.500000000000000000e+00 1.592913502626884714e+01
2.500000000000000000e+00 1.592913486267549850e+01
2.500000000000000000e+00 1.564969918263441784e+01
2.500000000000000000e+00 1.564969892548242392e+01
2.500000000000000000e+00 1.554385501468852482e+01
2.500000000000000000e+00 1.554385485713751258e+01
2.500000000000000000e+00 1.552641658837814198e+01
2.500000000000000000e+00 1.552641651096444519e+01
2.500000000000000000e+00 1.549267347976934062e+01
2.500000000000000000e+00 1.549267328018242473e+01
2.500000000000000000e+00 1.540531355143640724e+01
2.500000000000000000e+00 1.540531349591594612e+01
2.500000000000000000e+00 1.525438675989167336e+01
2.500000000000000000e+00 1.525438656236823753e+01
2.500000000000000000e+00 1.519136380491927341e+01
2.500000000000000000e+00 1.519136372845035687e+01
2.500000000000000000e+00 1.513366510061909764e+01
2.500000000000000000e+00 1.513366498612409572e+01
2.500000000000000000e+00 1.503920743406133909e+01
2.500000000000000000e+00 1.503920706340926117e+01
2.500000000000000000e+00 1.464809677059939652e+01
2.500000000000000000e+00 1.464809661029056898e+01
2.500000000000000000e+00 1.446716938905426986e+01
2.500000000000000000e+00 1.446716907804391283e+01
2.500000000000000000e+00 1.383153245663778641e+01
2.500000000000000000e+00 1.383153240045571053e+01
2.500000000000000000e+00 1.367168857076305422e+01
2.500000000000000000e+00 1.367168841480782326e+01
2.500000000000000000e+00 1.331837143799269718e+01
2.500000000000000000e+00 1.331837138140142329e+01
2.500000000000000000e+00 1.301390766036219482e+01
2.500000000000000000e+00 1.301390719816597397e+01
2.500000000000000000e+00 1.171860272306145845e+01
2.500000000000000000e+00 1.171860255049256239e+01
2.500000000000000000e+00 1.112916838827090338e+01
2.500000000000000000e+00 1.112916822057135313e+01
2.500000000000000000e+00 1.095557287664642310e+01
2.500000000000000000e+00 1.095557287304750993e+01
2.500000000000000000e+00 1.083721735741873005e+01
2.500000000000000000e+00 1.083721730702604980e+01
2.500000000000000000e+00 1.068876567315991899e+01
2.500000000000000000e+00 1.068876561229147804e+01
2.500000000000000000e+00 8.310478723996613581e+00
2.500000000000000000e+00 8.310478707041676572e+00
3.000000000000000000e+00 2.707576681698968457e+01
3.000000000000000000e+00 2.690255591988313455e+01
3.000000000000000000e+00 2.690244875597583629e+01
3.000000000000000000e+00 2.655046762258071880e+01
3.000000000000000000e+00 2.655039226179090406e+01
3.000000000000000000e+00 2.643326254173430812e+01
3.000000000000000000e+00 2.580594613501310874e+01
3.000000000000000000e+00 2.563772526934947749e+01
3.000000000000000000e+00 2.532592997891154596e+01
3.000000000000000000e+00 2.532590783027202619e+01
3.000000000000000000e+00 2.521285603822444088e+01
3.000000000000000000e+00 2.501669834691474037e+01
3.000000000000000000e+00 2.461825943638344683e+01
3.000000000000000000e+00 2.461824852167642419e+01
3.000000000000000000e+00 2.431440759818084274e+01
3.000000000000000000e+00 2.408561911543421274e+01
3.000000000000000000e+00 2.394274127924214213e+01
3.000000000000000000e+00 2.362797238105772024e+01
3.000000000000000000e+00 2.362795210871912488e+01
3.000000000000000000e+00 2.347115449850117130e+01
3.000000000000000000e+00 2.312524386863389481e+01
3.000000000000000000e+00 2.312296810331701025e+01
3.000000000000000000e+00 2.295811998496354533e+01
3.000000000000000000e+00 2.295811790993249701e+01
3.000000000000000000e+00 2.185184017717588745e+01
3.000000000000000000e+00 2.180855064839477109e+01
3.000000000000000000e+00 2.171158725496388087e+01
3.000000000000000000e+00 2.171158725496388087e+01
3.000000000000000000e+00 2.110368055113517372e+01
3.000000000000000000e+00 2.097211975401986805e+01
3.000000000000000000e+00 2.092603556633338258e+01
3.000000000000000000e+00 2.041309173025008405e+01
3.000000000000000000e+00 2.041309140459096128e+01
3.000000000000000000e+00 2.035957526458276945e+01
3.000000000000000000e+00 2.035957495589363475e+01
3.000000000000000000e+00 2.021698347605634893e+01
3.000000000000000000e+00 1.993414036374740306e+01
3.000000000000000000e+00 1.993413975857584930e+01
3.000000000000000000e+00 1.983240123949808620e+01
3.000000000000000000e+00 1.983240105728792102e+01
3.000000000000000000e+00 1.983240078397273365e+01
3.000000000000000000e+00 1.983240078397273365e+01
3.000000000000000000e+00 1.981942245271265080e+01
3.000000000000000000e+00 1.981328407347614018e+01
3.000000000000000000e+00 1.976237414959584271e+01
3.000000000000000000e+00 1.927176451562887749e+01
3.000000000000000000e+00 1.927022546336259268e+01
3.000000000000000000e+00 1.923398604803242762e+01
3.000000000000000000e+00 1.923398534692896078e+01
3.000000000000000000e+00 1.884993240337762899e+01
3.000000000000000000e+00 1.883394794315508136e+01
3.000000000000000000e+00 1.873224548613362472e+01
3.000000000000000000e+00 1.873224527388295613e+01
3.000000000000000000e+00 1.865908519115494713e+01
3.000000000000000000e+00 1.861615572003484687e+01
3.000000000000000000e+00 1.854388359633355066e+01
3.000000000000000000e+00 1.854388352098623471e+01
3.000000000000000000e+00 1.847432823534695601e+01
3.000000000000000000e+00 1.832214311939189955e+01
3.000000000000000000e+00 1.816682619370890350e+01
3.000000000000000000e+00 1.816682529794049117e+01
3.000000000000000000e+00 1.811391750743225515e+01
3.000000000000000000e+00 1.810771566347864692e+01
3.000000000000000000e+00 1.810771529001445046e+01
3.000000000000000000e+00 1.784151889901371391e+01
3.000000000000000000e+00 1.775438177139061224e+01
3.000000000000000000e+00 1.760795578966299857e+01
3.000000000000000000e+00 1.760795565174966271e+01
3.000000000000000000e+00 1.739325226865647878e+01
3.000000000000000000e+00 1.668433089081551657e+01
3.000000000000000000e+00 1.661371656955782683e+01
3.000000000000000000e+00 1.651684267686109564e+01
3.000000000000000000e+00 1.651684245189207445e+01
3.000000000000000000e+00 1.649918377648459256e+01
3.000000000000000000e+00 1.629513344373762251e+01
3.000000000000000000e+00 1.627516559460362444e+01
3.000000000000000000e+00 1.627516553744555949e+01
3.000000000000000000e+00 1.580695048664445146e+01
3.000000000000000000e+00 1.498760915366294277e+01
3.000000000000000000e+00 1.473801793495840684e+01
3.000000000000000000e+00 1.447049388836971673e+01
3.000000000000000000e+00 1.447049308260721645e+01
3.000000000000000000e+00 1.440139470849111980e+01
3.000000000000000000e+00 1.405090410931961742e+01
3.000000000000000000e+00 1.401970212524146042e+01
3.000000000000000000e+00 1.401970166742952628e+01
3.000000000000000000e+00 1.395237781585104031e+01
3.000000000000000000e+00 1.376730964096925369e+01
3.000000000000000000e+00 1.346135628342858759e+01
3.000000000000000000e+00 1.328699994282497698e+01
3.000000000000000000e+00 1.328699938287189397e+01
3.000000000000000000e+00 1.280401159504861752e+01
3.000000000000000000e+00 1.280401153109325207e+01
3.000000000000000000e+00 1.245241615462950158e+01
3.000000000000000000e+00 1.209817708223668653e+01
3.000000000000000000e+00 1.191288055461668272e+01
3.000000000000000000e+00 1.191288035219792540e+01
3.000000000000000000e+00 1.180274930590167592e+01
3.000000000000000000e+00 9.070296875260391189e+00
3.000000000000000000e+00 7.731908474642150253e+00
3.500000000000000000e+00 2.925134870179990898e+01
3.500000000000000000e+00 2.925134868642237507e+01
3.500000000000000000e+00 2.817489758609619344e+01
3.500000000000000000e+00 2.817489757187467703e+01
3.500000000000000000e+00 2.468952542345109435e+01
3.500000000000000000e+00 2.468952537576373629e+01
3.500000000000000000e+00 2.408112904022011591e+01
3.500000000000000000e+00 2.408112903126409421e+01
3.500000000000000000e+00 2.299393915471070926e+01
3.500000000000000000e+00 2.299393915210962192e+01
3.500000000000000000e+00 2.298815356042058511e+01
3.500000000000000000e+00 2.298815355695670704e+01
3.500000000000000000e+00 2.276069243364729289e+01
3.500000000000000000e+00 2.276069242793302649e+01
3.500000000000000000e+00 2.183201254601325658e+01
3.500000000000000000e+00 2.183201254456388440e+01
3.500000000000000000e+00 2.157352425955043529e+01
3.500000000000000000e+00 2.157352425900932857e+01
3.500000000000000000e+00 2.151512825601314560e+01
3.500000000000000000e+00 2.151512825181359290e+01
3.500000000000000000e+00 2.099293460220564000e+01
3.500000000000000000e+00 2.099293459790768424e+01
3.500000000000000000e+00 2.098661947480056256e+01
3.500000000000000000e+00 2.098661946576343595e+01
3.500000000000000000e+00 2.041198879839986091e+01
3.500000000000000000e+00 2.041198873245972933e+01
3.500000000000000000e+00 2.036225296055258127e+01
3.500000000000000000e+00 2.036225295944056413e+01
3.500000000000000000e+00 1.968639088404830417e+01
3.500000000000000000e+00 1.968639059523406232e+01
3.500000000000000000e+00 1.824158839261629694e+01
3.500000000000000000e+00 1.824158837504936415e+01
3.500000000000000000e+00 1.764463796401346940e+01
3.500000000000000000e+00 1.764463794898925997e+01
3.500000000000000000e+00 1.716579204420093419e+01
3.500000000000000000e+00 1.716579204305792317e+01
3.500000000000000000e+00 1.654466713614811368e+01
3.500000000000000000e+00 1.654466711194935158e+01
3.500000000000000000e+00 1.651625742707307509e+01
3.500000000000000000e+00 1.651625741980592466e+01
3.500000000000000000e+00 1.620807777477146416e+01
3.500000000000000000e+00 1.620807765553085034e+01
3.500000000000000000e+00 1.603661178109559415e+01
3.500000000000000000e+00 1.603661177302452856e+01
3.500000000000000000e+00 1.557181625677889691e+01
3.500000000000000000e+00 1.557181559295638884e+01
3.500000000000000000e+00 1.510756454812093352e+01
3.500000000000000000e+00 1.510756445373798229e+01
3.500000000000000000e+00 1.506017386379403433e+01
3.500000000000000000e+00 1.506017351614533517e+01
3.500000000000000000e+00 1.480372803009698224e+01
3.500000000000000000e+00 1.480372717265079885e+01
3.500000000000000000e+00 1.426753256536659009e+01
3.500000000000000000e+00 1.426753253611886230e+01
3.500000000000000000e+00 1.335782879801294243e+01
3.500000000000000000e+00 1.335782879537795331e+01
3.500000000000000000e+00 1.216895969694101787e+01
3.500000000000000000e+00 1.216895967677010937e+01
3.500000000000000000e+00 9.492655853924533815e+00
3.500000000000000000e+00 9.492655846987551271e+00
4.000000000000000000e+00 2.504189464331093262e+01
4.000000000000000000e+00 2.460383270213348084e+01
4.000000000000000000e+00 2.427379878616004305e+01
4.000000000000000000e+00 2.427379878542165059e+01
4.000000000000000000e+00 2.415665111627163597e+01
4.000000000000000000e+00 2.410902772641741620e+01
4.000000000000000000e+00 2.024621319739071978e+01
4.000000000000000000e+00 1.981643158580480701e+01
4.000000000000000000e+00 1.953781004582342007e+01
4.000000000000000000e+00 1.953781003539887706e+01
4.000000000000000000e+00 1.931070151670937562e+01
4.000000000000000000e+00 1.931070151323994821e+01
4.000000000000000000e+00 1.909967220797704712e+01
4.000000000000000000e+00 1.792605738317302411e+01
4.000000000000000000e+00 1.792605737246699960e+01
4.000000000000000000e+00 1.786514394505454817e+01
4.000000000000000000e+00 1.757335192060289586e+01
4.000000000000000000e+00 1.732860029738871432e+01
4.000000000000000000e+00 1.702338653312471450e+01
4.000000000000000000e+00 1.671758547013553908e+01
4.000000000000000000e+00 1.671758546650996635e+01
4.000000000000000000e+00 1.651000715274786046e+01
4.000000000000000000e+00 1.517469308385033422e+01
4.000000000000000000e+00 1.300999094841561998e+01
4.000000000000000000e+00 1.284151348919401059e+01
4.000000000000000000e+00 1.284151348833015405e+01
4.000000000000000000e+00 1.268038293798869276e+01
4.000000000000000000e+00 1.071396447161578180e+01
4.500000000000000000e+00 2.083254378573521848e+01
4.500000000000000000e+00 2.083254377766422394e+01
4.500000000000000000e+00 2.035289813895369804e+01
4.500000000000000000e+00 2.035289813168666839e+01
4.500000000000000000e+00 1.587622096084500889e+01
4.500000000000000000e+00 1.587622095655421361e+01
4.500000000000000000e+00 1.388100200180535637e+01
4.500000000000000000e+00 1.388100199831855441e+01
5.000000000000000000e+00 1.703675465851085136e+01
