-5.000000000000000000e+00 2.481254038797436934e+01
-4.500000000000000000e+00 2.757150430290442600e+01
-4.500000000000000000e+00 2.757150429989216533e+01
-4.500000000000000000e+00 2.541571521238157416e+01
-4.500000000000000000e+00 2.541571520824146191e+01
-4.500000000000000000e+00 2.158427911935806875e+01
-4.500000000000000000e+00 2.158427911134144139e+01
-4.500000000000000000e+00 2.071141619935460909e+01
-4.500000000000000000e+00 2.071141619021008395e+01
-4.000000000000000000e+00 3.020907536469082899e+01
-4.000000000000000000e+00 2.844606045174749909e+01
-4.000000000000000000e+00 2.820981057012674142e+01
-4.000000000000000000e+00 2.820981056899850969e+01
-4.000000000000000000e+00 2.812617578303244770e+01
-4.000000000000000000e+00 2.649366342781194206e+01
-4.000000000000000000e+00 2.472571099828745744e+01
-4.000000000000000000e+00 2.416761100276401919e+01
-4.000000000000000000e+00 2.413892599391705218e+01
-4.000000000000000000e+00 2.411565216783934318e+01
-4.000000000000000000e+00 2.411565216283182522e+01
-4.000000000000000000e+00 2.370739571445484017e+01
-4.000000000000000000e+00 2.370739570280489872e+01
-4.000000000000000000e+00 2.323048144656766922e+01
-4.000000000000000000e+00 2.236416906311506025e+01
-4.000000000000000000e+00 2.236416905167022406e+01
-4.000000000000000000e+00 2.220163631465220888e+01
-4.000000000000000000e+00 2.182131699681844950e+01
-4.000000000000000000e+00 2.163924516574306978e+01
-4.000000000000000000e+00 2.154176679207987632e+01
-4.000000000000000000e+00 2.106005835589272479e+01
-4.000000000000000000e+00 2.106005835108657465e+01
-4.000000000000000000e+00 1.909723350929886720e+01
-4.000000000000000000e+00 1.751641628383135441e+01
-4.000000000000000000e+00 1.751641628270702356e+01
-4.000000000000000000e+00 1.743057174722414970e+01
-4.000000000000000000e+00 1.624913974185123067e+01
-4.000000000000000000e+00 1.574405763070541120e+01
-3.500000000000000000e+00 3.093541073458558799e+01
-3.500000000000000000e+00 3.093541073180773182e+01
-3.500000000000000000e+00 2.926941627384222500e+01
-3.500000000000000000e+00 2.926941625592565188e+01
-3.500000000000000000e+00 2.691990364467091013e+01
-3.500000000000000000e+00 2.691990355472016461e+01
-3.500000000000000000e+00 2.650272746699313231e+01
-3.500000000000000000e+00 2.650272709655301284e+01
-3.500000000000000000e+00 2.607730696334513354e+01
-3.500000000000000000e+00 2.607730665832476902e+01
-3.500000000000000000e+00 2.534746630148995550e+01
-3.500000000000000000e+00 2.534746576215205494e+01
-3.500000000000000000e+00 2.529924603857148568e+01
-3.500000000000000000e+00 2.529924603176956310e+01
-3.500000000000000000e+00 2.494641785570220094e+01
-3.500000000000000000e+00 2.494641784653999750e+01
-3.500000000000000000e+00 2.472997213599100874e+01
-3.500000000000000000e+00 2.472997193856447495e+01
-3.500000000000000000e+00 2.456717280693246508e+01
-3.500000000000000000e+00 2.456717259812078780e+01
-3.500000000000000000e+00 2.429217905147901391e+01
-3.500000000000000000e+00 2.429217898798195563e+01
-3.500000000000000000e+00 2.407355493455271045e+01
-3.500000000000000000e+00 2.407355492653208628e+01
-3.500000000000000000e+00 2.391538383845700722e+01
-3.500000000000000000e+00 2.391538378583642910e+01
-3.500000000000000000e+00 2.341724428546318038e+01
-3.500000000000000000e+00 2.341724408849280081e+01
-3.500000000000000000e+00 2.267412105440611469e+01
-3.500000000000000000e+00 2.267412072368199105e+01
-3.500000000000000000e+00 2.238252634851195566e+01
-3.500000000000000000e+00 2.238252615117040634e+01
-3.500000000000000000e+00 2.126479307895284521e+01
-3.500000000000000000e+00 2.126479294407094400e+01
-3.500000000000000000e+00 2.070104999119779876e+01
-3.500000000000000000e+00 2.070104992816876077e+01
-3.500000000000000000e+00 2.034325971627814411e+01
-3.500000000000000000e+00 2.034325970779669390e+01
-3.500000000000000000e+00 2.024211883765172715e+01
-3.500000000000000000e+00 2.024211883351161489e+01
-3.500000000000000000e+00 1.990338912428408236e+01
-3.500000000000000000e+00 1.990338910956888441e+01
-3.500000000000000000e+00 1.920908991329503479e+01
-3.500000000000000000e+00 1.920908990631775382e+01
-3.500000000000000000e+00 1.915289465574355177e+01
-3.500000000000000000e+00 1.915289462537772991e+01
-3.500000000000000000e+00 1.825905198047970757e+01
-3.500000000000000000e+00 1.825905195413287885e+01
-3.500000000000000000e+00 1.808632974600100596e+01
-3.500000000000000000e+00 1.808632974298877372e+01
-3.500000000000000000e+00 1.798275384193526705e+01
-3.500000000000000000e+00 1.798275383897728830e+01
-3.500000000000000000e+00 1.718196587466934488e+01
-3.500000000000000000e+00 1.718196585245720698e+01
-3.500000000000000000e+00 1.565921329207169421e+01
-3.500000000000000000e+00 1.565921326681335302e+01
-3.500000000000000000e+00 1.461228120796421059e+01
-3.500000000000000000e+00 1.461228120438509315e+01
-3.500000000000000000e+00 1.202916693788501057e+01
-3.500000000000000000e+00 1.202916688698669923e+01
-3.000000000000000000e+00 2.891515744343712058e+01
-3.000000000000000000e+00 2.876433455370253611e+01
-3.000000000000000000e+00 2.876295619373241408e+01
-3.000000000000000000e+00 2.865842246605058108e+01
-3.000000000000000000e+00 2.775889679592672010e+01
-3.000000000000000000e+00 2.770630482461998056e+01
-3.000000000000000000e+00 2.770630482461998056e+01
-3.000000000000000000e+00 2.714843480535153475e+01
-3.000000000000000000e+00 2.714802376198067435e+01
-3.000000000000000000e+00 2.714774982690157401e+01
-3.000000000000000000e+00 2.711806605008687399e+01
-3.000000000000000000e+00 2.698262542032798095e+01
-3.000000000000000000e+00 2.691224800522911664e+01
-3.000000000000000000e+00 2.672958383137849481e+01
-3.000000000000000000e+00 2.672949368850197516e+01
-3.000000000000000000e+00 2.641007348093364371e+01
-3.000000000000000000e+00 2.586075537981351502e+01
-3.000000000000000000e+00 2.586067975972878585e+01
-3.000000000000000000e+00 2.572865238993865944e+01
-3.000000000000000000e+00 2.567599166565884872e+01
-3.000000000000000000e+00 2.547036405151607497e+01
-3.000000000000000000e+00 2.546609954383387375e+01
-3.000000000000000000e+00 2.546604858192788967e+01
-3.000000000000000000e+00 2.533960025925381387e+01
-3.000000000000000000e+00 2.530666992931578818e+01
-3.000000000000000000e+00 2.514069271561077556e+01
-3.000000000000000000e+00 2.514069271561077556e+01
-3.000000000000000000e+00 2.498000386390240379e+01
-3.000000000000000000e+00 2.352239416197555855e+01
-3.000000000000000000e+00 2.327033414448866111e+01
-3.000000000000000000e+00 2.314462108060735801e+01
-3.000000000000000000e+00 2.314461858014164619e+01
-3.000000000000000000e+00 2.307535069558984375e+01
-3.000000000000000000e+00 2.297217075963042987e+01
-3.000000000000000000e+00 2.297216865523782658e+01
-3.000000000000000000e+00 2.292320384191810234e+01
-3.000000000000000000e+00 2.287186195580150283e+01
-3.000000000000000000e+00 2.281855293426171372e+01
-3.000000000000000000e+00 2.274204652063971821e+01
-3.000000000000000000e+00 2.274204652063971821e+01
-3.000000000000000000e+00 2.218618931704244090e+01
-3.000000000000000000e+00 2.210254595874368633e+01
-3.000000000000000000e+00 2.210254507677375102e+01
-3.000000000000000000e+00 2.205081287837821691e+01
-3.000000000000000000e+00 2.193561352554027977e+01
-3.000000000000000000e+00 2.193561277916718666e+01
-3.000000000000000000e+00 2.191460150982238986e+01
-3.000000000000000000e+00 2.191397901585187924e+01
-3.000000000000000000e+00 2.163863930756310339e+01
-3.000000000000000000e+00 2.162006564056716584e+01
-3.000000000000000000e+00 2.139418425908220556e+01
-3.000000000000000000e+00 2.139418252177745217e+01
-3.000000000000000000e+00 2.099050945418438019e+01
-3.000000000000000000e+00 2.084529440043728954e+01
-3.000000000000000000e+00 2.084529364784866701e+01
-3.000000000000000000e+00 2.084529364784866701e+01
-3.000000000000000000e+00 2.084529339698591954e+01
-3.000000000000000000e+00 2.082718722328635153e+01
-3.000000000000000000e+00 2.081171070920672506e+01
-3.000000000000000000e+00 2.081171022405091620e+01
-3.000000000000000000e+00 2.071163962220240151e+01
-3.000000000000000000e+00 2.042692159924654050e+01
-3.000000000000000000e+00 2.028714716699159482e+01
-3.000000000000000000e+00 2.028714716699159482e+01
-3.000000000000000000e+00 2.006398647464804341e+01
-3.000000000000000000e+00 2.005483055426309136e+01
-3.000000000000000000e+00 2.000455300292560779e+01
-3.000000000000000000e+00 1.940348035353947509e+01
-3.000000000000000000e+00 1.938254089650449785e+01
-3.000000000000000000e+00 1.932517342456116438e+01
-3.000000000000000000e+00 1.932517315026082017e+01
-3.000000000000000000e+00 1.912177518350053163e+01
-3.000000000000000000e+00 1.907269229129958532e+01
-3.000000000000000000e+00 1.907269173725020650e+01
-3.000000000000000000e+00 1.879261001528901787e+01
-3.000000000000000000e+00 1.879260898462571916e+01
-3.000000000000000000e+00 1.849380849493469725e+01
-3.000000000000000000e+00 1.845172851729865471e+01
-3.000000000000000000e+00 1.830016375361213221e+01
-3.000000000000000000e+00 1.830016308437637917e+01
-3.000000000000000000e+00 1.825192319114871609e+01
-3.000000000000000000e+00 1.755934691705855144e+01
-3.000000000000000000e+00 1.747688447735681194e+01
-3.000000000000000000e+00 1.739172204098898078e+01
-3.000000000000000000e+00 1.739172161247716275e+01
-3.000000000000000000e+00 1.692627931961579435e+01
-3.000000000000000000e+00 1.569422063873954976e+01
-3.000000000000000000e+00 1.566914084610808189e+01
-3.000000000000000000e+00 1.546149347756160886e+01
-3.000000000000000000e+00 1.546149347410696961e+01
-3.000000000000000000e+00 1.531166389813050976e+01
-3.000000000000000000e+00 1.518516562792537172e+01
-3.000000000000000000e+00 1.508655720106518316e+01
-3.000000000000000000e+00 1.458863674569168722e+01
-3.000000000000000000e+00 1.458863658838311750e+01
-3.000000000000000000e+00 1.376207057687329716e+01
-3.000000000000000000e+00 1.376207054256342133e+01
-3.000000000000000000e+00 1.329557383496007539e+01
-3.000000000000000000e+00 1.036026978148876587e+01
-3.000000000000000000e+00 8.930428049283539949e+00
-2.500000000000000000e+00 2.279992406900720781e+01
-2.500000000000000000e+00 2.279992052617435760e+01
-2.500000000000000000e+00 2.257880304277162864e+01
-2.500000000000000000e+00 2.257879452277946797e+01
-2.500000000000000000e+00 2.233432034713126413e+01
-2.500000000000000000e+00 2.233431701107905099e+01
-2.500000000000000000e+00 2.231016775211374537e+01
-2.500000000000000000e+00 2.231016558115037896e+01
-2.500000000000000000e+00 2.217593185796135558e+01
-2.500000000000000000e+00 2.217592995970594671e+01
-2.500000000000000000e+00 2.194210711319923846e+01
-2.500000000000000000e+00 2.194210711319923846e+01
-2.500000000000000000e+00 2.185484078676667963e+01
-2.500000000000000000e+00 2.185484009830965846e+01
-2.500000000000000000e+00 2.181405170104478586e+01
-2.500000000000000000e+00 2.181405037916422529e+01
-2.500000000000000000e+00 2.177035159554629473e+01
-2.500000000000000000e+00 2.177034969750946303e+01
-2.500000000000000000e+00 2.169091698042944216e+01
-2.500000000000000000e+00 2.169091581169587002e+01
-2.500000000000000000e+00 2.141068595996107504e+01
-2.500000000000000000e+00 2.141068507685515598e+01
-2.500000000000000000e+00 2.137124123462298186e+01
-2.500000000000000000e+00 2.137124123462298186e+01
-2.500000000000000000e+00 2.126633394897971385e+01
-2.500000000000000000e+00 2.126633280237766144e+01
-2.500000000000000000e+00 2.120168877558995035e+01
-2.500000000000000000e+00 2.120168662594145559e+01
-2.500000000000000000e+00 2.086995400627729680e+01
-2.500000000000000000e+00 2.086995272064784501e+01
-2.500000000000000000e+00 2.051249544352909737e+01
-2.500000000000000000e+00 2.051249436444616947e+01
-2.500000000000000000e+00 2.042728537441108116e+01
-2.500000000000000000e+00 2.042728438346829734e+01
-2.500000000000000000e+00 2.033421147454313171e+01
-2.500000000000000000e+00 2.033420876592376203e+01
-2.500000000000000000e+00 1.977173665549990034e+01
-2.500000000000000000e+00 1.977173588381732472e+01
-2.500000000000000000e+00 1.973207058264826941e+01
-2.500000000000000000e+00 1.973207000579213855e+01
-2.500000000000000000e+00 1.966362156530948724e+01
-2.500000000000000000e+00 1.966362010314628961e+01
-2.500000000000000000e+00 1.960487333320778092e+01
-2.500000000000000000e+00 1.960487297038173438e+01
-2.500000000000000000e+00 1.942254961155369131e+01
-2.500000000000000000e+00 1.942254924872842992e+01
-2.500000000000000000e+00 1.899517567705402143e+01
-2.500000000000000000e+00 1.899517563761372330e+01
-2.500000000000000000e+00 1.887658285246561718e+01
-2.500000000000000000e+00 1.887658218690218703e+01
-2.500000000000000000e+00 1.886658751540061374e+01
-2.500000000000000000e+00 1.886658716858790896e+01
-2.500000000000000000e+00 1.884775793452162773e+01
-2.500000000000000000e+00 1.884775776434987904e+01
-2.500000000000000000e+00 1.875486500280689839e+01
-2.500000000000000000e+00 1.875486478570051574e+01
-2.500000000000000000e+00 1.847988323514887909e+01
-2.500000000000000000e+00 1.847988316447274570e+01
-2.500000000000000000e+00 1.820279620293054634e+01
-2.500000000000000000e+00 1.820279304220525418e+01
-2.500000000000000000e+00 1.793165905227389700e+01
-2.500000000000000000e+00 1.793165894334308064e+01
-2.500000000000000000e+00 1.787363089663394078e+01
-2.500000000000000000e+00 1.787363045977792808e+01
-2.500000000000000000e+00 1.775894984347793937e+01
-2.500000000000000000e+00 1.775894865199664707e+01
-2.500000000000000000e+00 1.756036883969568052e+01
-2.500000000000000000e+00 1.756036818217501150e+01
-2.500000000000000000e+00 1.703281729337331996e+01
-2.500000000000000000e+00 1.703281702179517865e+01
-2.500000000000000000e+00 1.689360986565297296e+01
-2.500000000000000000e+00 1.689360950399091266e+01
-2.500000000000000000e+00 1.674536945404558352e+01
-2.500000000000000000e+00 1.674536898421626319e+01
-2.500000000000000000e+00 1.673834847201102249e+01
-2.500000000000000000e+00 1.673834837292239186e+01
-2.500000000000000000e+00 1.647684523659685496e+01
-2.500000000000000000e+00 1.647684432114506237e+01
-2.500000000000000000e+00 1.638706546493530070e+01
-2.500000000000000000e+00 1.638706530221552882e+01
-2.500000000000000000e+00 1.582683190191662526e+01
-2.500000000000000000e+00 1.582683170279098306e+01
-2.500000000000000000e+00 1.548352157786022509e+01
-2.500000000000000000e+00 1.548352154136719783e+01
-2.500000000000000000e+00 1.517148403292978465e+01
-2.500000000000000000e+00 1.517148399760204214e+01
-2.500000000000000000e+00 1.492173190322810861e+01
-2.500000000000000000e+00 1.492173186563968734e+01
-2.500000000000000000e+00 1.402088406976110768e+01
-2.500000000000000000e+00 1.402088396260292669e+01
-2.500000000000000000e+00 1.387520341438489169e+01
-2.500000000000000000e+00 1.387520268205696183e+01
-2.500000000000000000e+00 1.341268426798661295e+01
-2.500000000000000000e+00 1.341268325679569706e+01
-2.500000000000000000e+00 1.296643445724982691e+01
-2.500000000000000000e+00 1.296643405694981332e+01
-2.500000000000000000e+00 1.292920967921414999e+01
-2.500000000000000000e+00 1.292920959135320658e+01
-2.500000000000000000e+00 1.071223511856695865e+01
-2.500000000000000000e+00 1.071223502422373741e+01
-2.000000000000000000e+00 1.962864646113959211e+01
-2.000000000000000000e+00 1.962864601527372699e+01
-2.000000000000000000e+00 1.959622902729905647e+01
-2.000000000000000000e+00 1.959622852371463253e+01
-2.000000000000000000e+00 1.958196370753698190e+01
-2.000000000000000000e+00 1.944416490037477274e+01
-2.000000000000000000e+00 1.944416471499815202e+01
-2.000000000000000000e+00 1.941542023109084525e+01
-2.000000000000000000e+00 1.934007672923981858e+01
-2.000000000000000000e+00 1.933878341883896823e+01
-2.000000000000000000e+00 1.933474648527133510e+01
-2.000000000000000000e+00 1.927926131363664553e+01
-2.000000000000000000e+00 1.927926115644181948e+01
-2.000000000000000000e+00 1.917071784756828023e+01
-2.000000000000000000e+00 1.914783791022779269e+01
-2.000000000000000000e+00 1.914783772644683069e+01
-2.000000000000000000e+00 1.904907651354319498e+01
-2.000000000000000000e+00 1.904907638866970032e+01
-2.000000000000000000e+00 1.895582652874565355e+01
-2.000000000000000000e+00 1.883117103136675397e+01
-2.000000000000000000e+00 1.873362002589135500e+01
-2.000000000000000000e+00 1.854680984261778320e+01
-2.000000000000000000e+00 1.844909826268599673e+01
-2.000000000000000000e+00 1.844909780579595093e+01
-2.000000000000000000e+00 1.823983207601323286e+01
-2.000000000000000000e+00 1.822136850205141201e+01
-2.000000000000000000e+00 1.819622241360518444e+01
-2.000000000000000000e+00 1.819622209428112214e+01
-2.000000000000000000e+00 1.811479198804601864e+01
-2.000000000000000000e+00 1.800630815899507553e+01
-2.000000000000000000e+00 1.800630815899507553e+01
-2.000000000000000000e+00 1.799857310945619915e+01
-2.000000000000000000e+00 1.799857294931102203e+01
-2.000000000000000000e+00 1.779309570112468109e+01
-2.000000000000000000e+00 1.774274317144784874e+01
-2.000000000000000000e+00 1.772961892039063159e+01
-2.000000000000000000e+00 1.772961867563171978e+01
-2.000000000000000000e+00 1.765500159952162207e+01
-2.000000000000000000e+00 1.765500156854519886e+01
-2.000000000000000000e+00 1.756966172929504211e+01
-2.000000000000000000e+00 1.754601545125828466e+01
-2.000000000000000000e+00 1.740840156067452327e+01
-2.000000000000000000e+00 1.716700329038536310e+01
-2.000000000000000000e+00 1.715836480014043630e+01
-2.000000000000000000e+00 1.715836478757280759e+01
-2.000000000000000000e+00 1.713778707206691720e+01
-2.000000000000000000e+00 1.709201801501712836e+01
-2.000000000000000000e+00 1.709201784448457317e+01
-2.000000000000000000e+00 1.691491050270454721e+01
-2.000000000000000000e+00 1.682457255523636874e+01
-2.000000000000000000e+00 1.677363625256841217e+01
-2.000000000000000000e+00 1.669542948400104621e+01
-2.000000000000000000e+00 1.662275465748391667e+01
-2.000000000000000000e+00 1.662275450300824176e+01
-2.000000000000000000e+00 1.635456979964752122e+01
-2.000000000000000000e+00 1.618825522296384634e+01
-2.000000000000000000e+00 1.614242901225907190e+01
-2.000000000000000000e+00 1.614242898268225801e+01
-2.000000000000000000e+00 1.607197216687437802e+01
-2.000000000000000000e+00 1.596787996831769618e+01
-2.000000000000000000e+00 1.590524084362263935e+01
-2.000000000000000000e+00 1.583250284303328925e+01
-2.000000000000000000e+00 1.583250276626768738e+01
-2.000000000000000000e+00 1.565682593846488579e+01
-2.000000000000000000e+00 1.565055778489857730e+01
-2.000000000000000000e+00 1.565055777655134861e+01
-2.000000000000000000e+00 1.560503883743483478e+01
-2.000000000000000000e+00 1.560503880553167377e+01
-2.000000000000000000e+00 1.550989333663909875e+01
-2.000000000000000000e+00 1.546735346808931943e+01
-2.000000000000000000e+00 1.546735342754831422e+01
-2.000000000000000000e+00 1.535873509660680902e+01
-2.000000000000000000e+00 1.494550227325478531e+01
-2.000000000000000000e+00 1.480328389307350179e+01
-2.000000000000000000e+00 1.480328387697488779e+01
-2.000000000000000000e+00 1.449022960154633566e+01
-2.000000000000000000e+00 1.449022946203261242e+01
-2.000000000000000000e+00 1.415561666883066394e+01
-2.000000000000000000e+00 1.409390967236514136e+01
-2.000000000000000000e+00 1.409390964977920291e+01
-2.000000000000000000e+00 1.386326095255372515e+01
-2.000000000000000000e+00 1.383087598332487467e+01
-2.000000000000000000e+00 1.371506933373479775e+01
-2.000000000000000000e+00 1.353203320069812676e+01
-2.000000000000000000e+00 1.353203319049678299e+01
-2.000000000000000000e+00 1.347215732219953921e+01
-2.000000000000000000e+00 1.257199095807675882e+01
-2.000000000000000000e+00 1.257199094302960418e+01
-2.000000000000000000e+00 1.247979287393076397e+01
-2.000000000000000000e+00 1.231405150758925515e+01
-2.000000000000000000e+00 1.231405150704505580e+01
-2.000000000000000000e+00 1.199213804297926700e+01
-2.000000000000000000e+00 1.180875170218812897e+01
-2.000000000000000000e+00 1.149084535798913365e+01
-2.000000000000000000e+00 1.138083831059965689e+01
-2.000000000000000000e+00 1.020094338638736886e+01
-2.000000000000000000e+00 9.906737384028470927e+00
-2.000000000000000000e+00 8.952618852207086420e+00
-2.000000000000000000e+00 8.005667784338761805e+00
-2.000000000000000000e+00 8.005667728948877127e+00
-1.500000000000000000e+00 1.811195137636027397e+01
-1.500000000000000000e+00 1.811195136005377293e+01
-1.500000000000000000e+00 1.801622549241433902e+01
-1.500000000000000000e+00 1.801622546277847903e+01
-1.500000000000000000e+00 1.796085091578870419e+01
-1.500000000000000000e+00 1.796085087372960842e+01
-1.500000000000000000e+00 1.773536252009219538e+01
-1.500000000000000000e+00 1.773536236343934647e+01
-1.500000000000000000e+00 1.750907830736932524e+01
-1.500000000000000000e+00 1.750907815566945658e+01
-1.500000000000000000e+00 1.733653674886807394e+01
-1.500000000000000000e+00 1.733653665124650090e+01
-1.500000000000000000e+00 1.730065163072640289e+01
-1.500000000000000000e+00 1.730065160899243537e+01
-1.500000000000000000e+00 1.724681267190779721e+01
-1.500000000000000000e+00 1.724681265131302155e+01
-1.500000000000000000e+00 1.720624522234630049e+01
-1.500000000000000000e+00 1.720624470816998297e+01
-1.500000000000000000e+00 1.717944421457545090e+01
-1.500000000000000000e+00 1.717944416965169552e+01
-1.500000000000000000e+00 1.706145010480914337e+01
-1.500000000000000000e+00 1.706144983104596236e+01
-1.500000000000000000e+00 1.703217340041938499e+01
-1.500000000000000000e+00 1.703217335610863259e+01
-1.500000000000000000e+00 1.691597004083921263e+01
-1.500000000000000000e+00 1.691596925184742517e+01
-1.500000000000000000e+00 1.665422016051654452e+01
-1.500000000000000000e+00 1.665421968607135028e+01
-1.500000000000000000e+00 1.657612475832914711e+01
-1.500000000000000000e+00 1.657612447047431203e+01
-1.500000000000000000e+00 1.640094274933955276e+01
-1.500000000000000000e+00 1.640094249006387628e+01
-1.500000000000000000e+00 1.634282217173626961e+01
-1.500000000000000000e+00 1.634282169080422875e+01
-1.500000000000000000e+00 1.613444285175239656e+01
-1.500000000000000000e+00 1.613444264410451368e+01
-1.500000000000000000e+00 1.606797332628444863e+01
-1.500000000000000000e+00 1.606797315099715817e+01
-1.500000000000000000e+00 1.605797652707848044e+01
-1.500000000000000000e+00 1.605797652080581628e+01
-1.500000000000000000e+00 1.592550178422297513e+01
-1.500000000000000000e+00 1.592550126225660989e+01
-1.500000000000000000e+00 1.568557421249341921e+01
-1.500000000000000000e+00 1.568557346760892734e+01
-1.500000000000000000e+00 1.559651977631997966e+01
-1.500000000000000000e+00 1.559651972623514027e+01
-1.500000000000000000e+00 1.554230770651529703e+01
-1.500000000000000000e+00 1.554230591870543599e+01
-1.500000000000000000e+00 1.535299934490869767e+01
-1.500000000000000000e+00 1.535299932527886035e+01
-1.500000000000000000e+00 1.533401025426228514e+01
-1.500000000000000000e+00 1.533401010321862579e+01
-1.500000000000000000e+00 1.527981049772586175e+01
-1.500000000000000000e+00 1.527981034792918535e+01
-1.500000000000000000e+00 1.519816576503034611e+01
-1.500000000000000000e+00 1.519816570131379940e+01
-1.500000000000000000e+00 1.518752252545617765e+01
-1.500000000000000000e+00 1.518752227591497750e+01
-1.500000000000000000e+00 1.513998085296361040e+01
-1.500000000000000000e+00 1.513998065341522370e+01
-1.500000000000000000e+00 1.483274450684577239e+01
-1.500000000000000000e+00 1.483274449579247545e+01
-1.500000000000000000e+00 1.462385882000648962e+01
-1.500000000000000000e+00 1.462385832468440583e+01
-1.500000000000000000e+00 1.446944591113703993e+01
-1.500000000000000000e+00 1.446944533210805517e+01
-1.500000000000000000e+00 1.419603676162243389e+01
-1.500000000000000000e+00 1.419603669989840711e+01
-1.500000000000000000e+00 1.359351083434292207e+01
-1.500000000000000000e+00 1.359351069100471143e+01
-1.500000000000000000e+00 1.335709610838178740e+01
-1.500000000000000000e+00 1.335709593288735952e+01
-1.500000000000000000e+00 1.321368906665889753e+01
-1.500000000000000000e+00 1.321368890925817752e+01
-1.500000000000000000e+00 1.318632298693760596e+01
-1.500000000000000000e+00 1.318632298646418377e+01
-1.500000000000000000e+00 1.274313512682102889e+01
-1.500000000000000000e+00 1.274313509726384197e+01
-1.500000000000000000e+00 1.269285134168120877e+01
-1.500000000000000000e+00 1.269285121855653742e+01
-1.500000000000000000e+00 1.245348362978431567e+01
-1.500000000000000000e+00 1.245348352820603033e+01
-1.500000000000000000e+00 1.228731794553099910e+01
-1.500000000000000000e+00 1.228731782882101875e+01
-1.500000000000000000e+00 1.195960851336477937e+01
-1.500000000000000000e+00 1.195960841691067067e+01
-1.500000000000000000e+00 1.183852101145054903e+01
-1.500000000000000000e+00 1.183852096154336309e+01
-1.500000000000000000e+00 1.138213920733930173e+01
-1.500000000000000000e+00 1.138213916708884810e+01
-1.500000000000000000e+00 1.059120760320833554e+01
-1.500000000000000000e+00 1.059120758092529790e+01
-1.500000000000000000e+00 1.056784156598335045e+01
-1.500000000000000000e+00 1.056784155868262687e+01
-1.500000000000000000e+00 9.624515146591031467e+00
-1.500000000000000000e+00 9.624515073805904208e+00
-1.500000000000000000e+00 8.014694532720445963e+00
-1.500000000000000000e+00 8.014694532283503037e+00
-1.500000000000000000e+00 5.601030405184633132e+00
-1.500000000000000000e+00 5.601030401184403651e+00
-1.000000000000000000e+00 1.688268878573672183e+01
-1.000000000000000000e+00 1.683585919881218729e+01
-1.000000000000000000e+00 1.668920219165592300e+01
-1.000000000000000000e+00 1.663551974203675243e+01
-1.000000000000000000e+00 1.663551947381926155e+01
-1.000000000000000000e+00 1.659129137470761250e+01
-1.000000000000000000e+00 1.647815118689668523e+01
-1.000000000000000000e+00 1.647815116779984024e+01
-1.000000000000000000e+00 1.643525789263171433e+01
-1.000000000000000000e+00 1.643525782859908801e+01
-1.000000000000000000e+00 1.640243637012714117e+01
-1.000000000000000000e+00 1.640226952974707331e+01
-1.000000000000000000e+00 1.638776541072187243e+01
-1.000000000000000000e+00 1.638776528568884672e+01
-1.000000000000000000e+00 1.637258968378364798e+01
-1.000000000000000000e+00 1.631975200560352590e+01
-1.000000000000000000e+00 1.627733125639187506e+01
-1.000000000000000000e+00 1.616017534666486810e+01
-1.000000000000000000e+00 1.616017500391535577e+01
-1.000000000000000000e+00 1.610091909527078258e+01
-1.000000000000000000e+00 1.610091857580447439e+01
-1.000000000000000000e+00 1.596367748761849903e+01
-1.000000000000000000e+00 1.582639200232708632e+01
-1.000000000000000000e+00 1.579533194933342166e+01
-1.000000000000000000e+00 1.575932765940658165e+01
-1.000000000000000000e+00 1.575932752756628830e+01
-1.000000000000000000e+00 1.573195573999013419e+01
-1.000000000000000000e+00 1.573195539589655745e+01
-1.000000000000000000e+00 1.566039997235352921e+01
-1.000000000000000000e+00 1.566039981640242118e+01
-1.000000000000000000e+00 1.562377217218490522e+01
-1.000000000000000000e+00 1.562071956412893847e+01
-1.000000000000000000e+00 1.560193703875922111e+01
-1.000000000000000000e+00 1.560193664650555334e+01
-1.000000000000000000e+00 1.544065490863567902e+01
-1.000000000000000000e+00 1.543589318819642919e+01
-1.000000000000000000e+00 1.543589282003590135e+01
-1.000000000000000000e+00 1.541608479962608946e+01
-1.000000000000000000e+00 1.525406293938867108e+01
-1.000000000000000000e+00 1.518963499311789533e+01
-1.000000000000000000e+00 1.518963485009602365e+01
-1.000000000000000000e+00 1.498918412243875586e+01
-1.000000000000000000e+00 1.492684174959477694e+01
-1.000000000000000000e+00 1.481322898233589669e+01
-1.000000000000000000e+00 1.479762286421508932e+01
-1.000000000000000000e+00 1.479035288077154320e+01
-1.000000000000000000e+00 1.479035240754966729e+01
-1.000000000000000000e+00 1.476741419929906840e+01
-1.000000000000000000e+00 1.476741417974101545e+01
-1.000000000000000000e+00 1.444269318981692507e+01
-1.000000000000000000e+00 1.443807751517297788e+01
-1.000000000000000000e+00 1.438655778888395886e+01
-1.000000000000000000e+00 1.438655742531688730e+01
-1.000000000000000000e+00 1.431769464705055128e+01
-1.000000000000000000e+00 1.424857553115498376e+01
-1.000000000000000000e+00 1.424857539796624017e+01
-1.000000000000000000e+00 1.420252028221559115e+01
-1.000000000000000000e+00 1.414317016392337401e+01
-1.000000000000000000e+00 1.414316981357397829e+01
-1.000000000000000000e+00 1.399885109945205208e+01
-1.000000000000000000e+00 1.396977827555192242e+01
-1.000000000000000000e+00 1.396977802476022923e+01
-1.000000000000000000e+00 1.394062421898506976e+01
-1.000000000000000000e+00 1.394062418098771694e+01
-1.000000000000000000e+00 1.393194848981760536e+01
-1.000000000000000000e+00 1.388122907740861578e+01
-1.000000000000000000e+00 1.372157028252767041e+01
-1.000000000000000000e+00 1.358206181212904617e+01
-1.000000000000000000e+00 1.346871066023064323e+01
-1.000000000000000000e+00 1.346871046825180507e+01
-1.000000000000000000e+00 1.337220192683350461e+01
-1.000000000000000000e+00 1.337220076719020945e+01
-1.000000000000000000e+00 1.306360585237061045e+01
-1.000000000000000000e+00 1.296154557362461901e+01
-1.000000000000000000e+00 1.288164501359325875e+01
-1.000000000000000000e+00 1.254974099909610530e+01
-1.000000000000000000e+00 1.254974098907666580e+01
-1.000000000000000000e+00 1.224620234114308737e+01
-1.000000000000000000e+00 1.205339446332729381e+01
-1.000000000000000000e+00 1.205339435435876183e+01
-1.000000000000000000e+00 1.191952710733209386e+01
-1.000000000000000000e+00 1.189397141305589223e+01
-1.000000000000000000e+00 1.151868017280785850e+01
-1.000000000000000000e+00 1.135372000708213314e+01
-1.000000000000000000e+00 1.107583881885980581e+01
-1.000000000000000000e+00 1.098415055392478834e+01
-1.000000000000000000e+00 1.098415052225745114e+01
-1.000000000000000000e+00 1.089023723089808371e+01
-1.000000000000000000e+00 1.037762282964351712e+01
-1.000000000000000000e+00 1.037762272658068241e+01
-1.000000000000000000e+00 9.935147589757548303e+00
-1.000000000000000000e+00 9.534780268253907565e+00
-1.000000000000000000e+00 8.994598379253190501e+00
-1.000000000000000000e+00 8.799766956851513555e+00
-1.000000000000000000e+00 8.799766898805827964e+00
-1.000000000000000000e+00 8.684926432297530141e+00
-1.000000000000000000e+00 8.311863479623582407e+00
-1.000000000000000000e+00 8.311863431748356845e+00
-1.000000000000000000e+00 8.279376146871566533e+00
-1.000000000000000000e+00 7.550564346408208394e+00
-5.000000000000000000e-01 1.636109314877889531e+01
-5.000000000000000000e-01 1.636109313179161262e+01
-5.000000000000000000e-01 1.630164775669540234e+01
-5.000000000000000000e-01 1.630164743388970550e+01
-5.000000000000000000e-01 1.616511743895970810e+01
-5.000000000000000000e-01 1.616511719226073396e+01
-5.000000000000000000e-01 1.614445391842617639e+01
-5.000000000000000000e-01 1.614445378848035872e+01
-5.000000000000000000e-01 1.601255793495300850e+01
-5.000000000000000000e-01 1.601255782306236597e+01
-5.000000000000000000e-01 1.595693098568993307e+01
-5.000000000000000000e-01 1.595693060392275520e+01
-5.000000000000000000e-01 1.592537350956762232e+01
-5.000000000000000000e-01 1.592537327517065826e+01
-5.000000000000000000e-01 1.576765020236599213e+01
-5.000000000000000000e-01 1.576764984264029934e+01
-5.000000000000000000e-01 1.558771242563945769e+01
-5.000000000000000000e-01 1.558771119756328893e+01
-5.000000000000000000e-01 1.543532589299837454e+01
-5.000000000000000000e-01 1.543532494843962866e+01
-5.000000000000000000e-01 1.541070967071292230e+01
-5.000000000000000000e-01 1.541070923290230077e+01
-5.000000000000000000e-01 1.516671766819300338e+01
-5.000000000000000000e-01 1.516671746066469950e+01
-5.000000000000000000e-01 1.516602684997115702e+01
-5.000000000000000000e-01 1.516602658088485711e+01
-5.000000000000000000e-01 1.504698207644820052e+01
-5.000000000000000000e-01 1.504698164432284102e+01
-5.000000000000000000e-01 1.491537542797763827e+01
-5.000000000000000000e-01 1.491537478368605818e+01
-5.000000000000000000e-01 1.478833329040413602e+01
-5.000000000000000000e-01 1.478833290330954675e+01
-5.000000000000000000e-01 1.478602266193068360e+01
-5.000000000000000000e-01 1.478602259219176140e+01
-5.000000000000000000e-01 1.475632816309927087e+01
-5.000000000000000000e-01 1.475632732227280819e+01
-5.000000000000000000e-01 1.472469357319686090e+01
-5.000000000000000000e-01 1.472469322870946762e+01
-5.000000000000000000e-01 1.445788164291178646e+01
-5.000000000000000000e-01 1.445788147153798064e+01
-5.000000000000000000e-01 1.438884315917026413e+01
-5.000000000000000000e-01 1.438884274158882626e+01
-5.000000000000000000e-01 1.429327544996404420e+01
-5.000000000000000000e-01 1.429327483449441871e+01
-5.000000000000000000e-01 1.407112644002337021e+01
-5.000000000000000000e-01 1.407112640217678390e+01
-5.000000000000000000e-01 1.394726365750882913e+01
-5.000000000000000000e-01 1.394726297634665357e+01
-5.000000000000000000e-01 1.374878589071610868e+01
-5.000000000000000000e-01 1.374878579973815640e+01
-5.000000000000000000e-01 1.372309789225496601e+01
-5.000000000000000000e-01 1.372309774669740357e+01
-5.000000000000000000e-01 1.365238235556519086e+01
-5.000000000000000000e-01 1.365238223560099939e+01
-5.000000000000000000e-01 1.354330084274222656e+01
-5.000000000000000000e-01 1.354330080215098953e+01
-5.000000000000000000e-01 1.343737420001050431e+01
-5.000000000000000000e-01 1.343737413626762134e+01
-5.000000000000000000e-01 1.342296632253861866e+01
-5.000000000000000000e-01 1.342296439847017275e+01
-5.000000000000000000e-01 1.329884895676459244e+01
-5.000000000000000000e-01 1.329884828112962225e+01
-5.000000000000000000e-01 1.321953683767690535e+01
-5.000000000000000000e-01 1.321953481556253607e+01
-5.000000000000000000e-01 1.300355156303499093e+01
-5.000000000000000000e-01 1.300355108470060372e+01
-5.000000000000000000e-01 1.284950588282611861e+01
-5.000000000000000000e-01 1.284950532632584341e+01
-5.000000000000000000e-01 1.265492869207757032e+01
-5.000000000000000000e-01 1.265492868908617119e+01
-5.000000000000000000e-01 1.263809253051483950e+01
-5.000000000000000000e-01 1.263809249309676908e+01
-5.000000000000000000e-01 1.221946253724474651e+01
-5.000000000000000000e-01 1.221946142317347039e+01
-5.000000000000000000e-01 1.182244052279609114e+01
-5.000000000000000000e-01 1.182244044185208942e+01
-5.000000000000000000e-01 1.168808740490276321e+01
-5.000000000000000000e-01 1.168808651534492782e+01
-5.000000000000000000e-01 1.138275270239473791e+01
-5.000000000000000000e-01 1.138275249285088186e+01
-5.000000000000000000e-01 1.115852594769989459e+01
-5.000000000000000000e-01 1.115852591771122526e+01
-5.000000000000000000e-01 1.089707606923792760e+01
-5.000000000000000000e-01 1.089707586200389144e+01
-5.000000000000000000e-01 1.088877015081778232e+01
-5.000000000000000000e-01 1.088876998492090564e+01
-5.000000000000000000e-01 1.055647105359217797e+01
-5.000000000000000000e-01 1.055647070270421750e+01
-5.000000000000000000e-01 1.046527541305614584e+01
-5.000000000000000000e-01 1.046527540842980031e+01
-5.000000000000000000e-01 9.809656220887418954e+00
-5.000000000000000000e-01 9.809655775482049478e+00
-5.000000000000000000e-01 8.848440167671309808e+00
-5.000000000000000000e-01 8.848439835922361496e+00
-5.000000000000000000e-01 8.722290227760034043e+00
-5.000000000000000000e-01 8.722289447719230537e+00
-5.000000000000000000e-01 8.032962476894621062e+00
-5.000000000000000000e-01 8.032962117989329798e+00
-5.000000000000000000e-01 4.981378521578158747e+00
-5.000000000000000000e-01 4.981378419710965844e+00
0.000000000000000000e+00 1.537616975136980635e+01
0.000000000000000000e+00 1.536832348617367749e+01
0.000000000000000000e+00 1.536832341588374895e+01
0.000000000000000000e+00 1.520457968543239247e+01
0.000000000000000000e+00 1.520457933540844664e+01
0.000000000000000000e+00 1.517493699546926322e+01
0.000000000000000000e+00 1.506474766341874805e+01
0.000000000000000000e+00 1.506474761230697723e+01
0.000000000000000000e+00 1.505848936399224236e+01
0.000000000000000000e+00 1.502078977220223344e+01
0.000000000000000000e+00 1.496289169307508082e+01
0.000000000000000000e+00 1.470914186396303158e+01
0.000000000000000000e+00 1.465507497329579500e+01
0.000000000000000000e+00 1.462478012774416314e+01
0.000000000000000000e+00 1.459753068827665246e+01
0.000000000000000000e+00 1.459753062857692463e+01
0.000000000000000000e+00 1.455750649660144980e+01
0.000000000000000000e+00 1.454007593368975826e+01
0.000000000000000000e+00 1.454007584295365163e+01
0.000000000000000000e+00 1.453193271430965616e+01
0.000000000000000000e+00 1.447265488975221714e+01
0.000000000000000000e+00 1.447172068672730738e+01
0.000000000000000000e+00 1.447172056646349780e+01
0.000000000000000000e+00 1.442974750234396986e+01
0.000000000000000000e+00 1.442974745679034854e+01
0.000000000000000000e+00 1.438355125845640003e+01
0.000000000000000000e+00 1.437081361797947388e+01
0.000000000000000000e+00 1.437081361294969817e+01
0.000000000000000000e+00 1.425208025641854093e+01
0.000000000000000000e+00 1.425208019525958925e+01
0.000000000000000000e+00 1.421489875100229483e+01
0.000000000000000000e+00 1.414687690610706738e+01
0.000000000000000000e+00 1.406678544427991184e+01
0.000000000000000000e+00 1.406678542172741686e+01
0.000000000000000000e+00 1.396501991850186997e+01
0.000000000000000000e+00 1.386417336009028212e+01
0.000000000000000000e+00 1.386417227026823262e+01
0.000000000000000000e+00 1.380108525276402709e+01
0.000000000000000000e+00 1.375512885435659172e+01
0.000000000000000000e+00 1.375512877638693787e+01
0.000000000000000000e+00 1.368444591980149028e+01
0.000000000000000000e+00 1.356772302202586111e+01
0.000000000000000000e+00 1.356772292341160302e+01
0.000000000000000000e+00 1.355122001301448442e+01
0.000000000000000000e+00 1.349814487524765561e+01
0.000000000000000000e+00 1.349814484210678422e+01
0.000000000000000000e+00 1.345878244030177306e+01
0.000000000000000000e+00 1.331215124573204278e+01
0.000000000000000000e+00 1.329784848498318617e+01
0.000000000000000000e+00 1.299133208369483228e+01
0.000000000000000000e+00 1.292057155069870689e+01
0.000000000000000000e+00 1.292057149344514677e+01
0.000000000000000000e+00 1.287751996109678387e+01
0.000000000000000000e+00 1.287751994962449587e+01
0.000000000000000000e+00 1.283770123249233386e+01
0.000000000000000000e+00 1.282769269969549875e+01
0.000000000000000000e+00 1.281877844112119469e+01
0.000000000000000000e+00 1.281877765002899494e+01
0.000000000000000000e+00 1.276255680918367474e+01
0.000000000000000000e+00 1.267668821230421550e+01
0.000000000000000000e+00 1.267668820455455858e+01
0.000000000000000000e+00 1.252446530456674445e+01
0.000000000000000000e+00 1.250675465790395968e+01
0.000000000000000000e+00 1.243841950757112258e+01
0.000000000000000000e+00 1.238831629335570561e+01
0.000000000000000000e+00 1.238831621593034704e+01
0.000000000000000000e+00 1.238359821741287448e+01
0.000000000000000000e+00 1.230358593644272780e+01
0.000000000000000000e+00 1.203995351611749065e+01
0.000000000000000000e+00 1.203995301046285249e+01
0.000000000000000000e+00 1.183532196850114993e+01
0.000000000000000000e+00 1.183532151529983167e+01
0.000000000000000000e+00 1.183332182284481959e+01
0.000000000000000000e+00 1.161395959146622836e+01
0.000000000000000000e+00 1.161395954123057095e+01
0.000000000000000000e+00 1.141458555264571473e+01
0.000000000000000000e+00 1.136506308305452961e+01
0.000000000000000000e+00 1.104756156255724164e+01
0.000000000000000000e+00 1.082999185363966355e+01
0.000000000000000000e+00 1.079804876516713996e+01
0.000000000000000000e+00 1.059788752756898234e+01
0.000000000000000000e+00 1.059788750507879307e+01
0.000000000000000000e+00 9.832174161062354756e+00
0.000000000000000000e+00 9.727466430289812394e+00
0.000000000000000000e+00 9.595630279180317856e+00
0.000000000000000000e+00 9.595629938016788429e+00
0.000000000000000000e+00 9.484000139844201982e+00
0.000000000000000000e+00 9.316141895960026176e+00
0.000000000000000000e+00 9.316141894291488867e+00
0.000000000000000000e+00 9.289405527892990122e+00
0.000000000000000000e+00 8.996103586611482683e+00
0.000000000000000000e+00 7.892289887786207103e+00
0.000000000000000000e+00 7.892289868982314438e+00
0.000000000000000000e+00 7.539086591699208917e+00
0.000000000000000000e+00 7.035372556519114084e+00
0.000000000000000000e+00 6.949611602758420936e+00
0.000000000000000000e+00 6.949611584742039661e+00
0.000000000000000000e+00 6.903521785231455432e+00
0.000000000000000000e+00 5.411348687623651621e+00
0.000000000000000000e+00 1.096582143970647044e-01
5.000000000000000000e-01 1.556674506520916523e+01
5.000000000000000000e-01 1.556674476583970090e+01
5.000000000000000000e-01 1.547811045044640998e+01
5.000000000000000000e-01 1.547811039658769339e+01
5.000000000000000000e-01 1.535807567074729540e+01
5.000000000000000000e-01 1.535807551913983815e+01
5.000000000000000000e-01 1.530834378685364960e+01
5.000000000000000000e-01 1.530834281858621715e+01
5.000000000000000000e-01 1.530050991200182686e+01
5.000000000000000000e-01 1.530050762590142277e+01
5.000000000000000000e-01 1.528015865365716053e+01
5.000000000000000000e-01 1.528015848747864247e+01
5.000000000000000000e-01 1.521072356877774823e+01
5.000000000000000000e-01 1.521072351680190771e+01
5.000000000000000000e-01 1.508391374127453943e+01
5.000000000000000000e-01 1.508391332131034090e+01
5.000000000000000000e-01 1.506751517345843716e+01
5.000000000000000000e-01 1.506751507250473310e+01
5.000000000000000000e-01 1.485645580423094536e+01
5.000000000000000000e-01 1.485645527854887504e+01
5.000000000000000000e-01 1.477313746274468009e+01
5.000000000000000000e-01 1.477313742571821287e+01
5.000000000000000000e-01 1.469916147708609877e+01
5.000000000000000000e-01 1.469916131482595567e+01
5.000000000000000000e-01 1.460669653549932434e+01
5.000000000000000000e-01 1.460669634495435432e+01
5.000000000000000000e-01 1.443551447106506913e+01
5.000000000000000000e-01 1.443551444588630872e+01
5.000000000000000000e-01 1.438383709630855201e+01
5.000000000000000000e-01 1.438383684348299951e+01
5.000000000000000000e-01 1.410293847731048622e+01
5.000000000000000000e-01 1.410293833642199779e+01
5.000000000000000000e-01 1.406708657242938543e+01
5.000000000000000000e-01 1.406708649361466001e+01
5.000000000000000000e-01 1.395515383006205568e+01
5.000000000000000000e-01 1.395515364955012849e+01
5.000000000000000000e-01 1.378013299865088825e+01
5.000000000000000000e-01 1.378013280875759428e+01
5.000000000000000000e-01 1.369949964275693866e+01
5.000000000000000000e-01 1.369949904405168972e+01
5.000000000000000000e-01 1.353984105087249645e+01
5.000000000000000000e-01 1.353984091047368032e+01
5.000000000000000000e-01 1.336172738091383394e+01
5.000000000000000000e-01 1.336172683520208082e+01
5.000000000000000000e-01 1.322709090700680612e+01
5.000000000000000000e-01 1.322709082897053534e+01
5.000000000000000000e-01 1.313407038331318333e+01
5.000000000000000000e-01 1.313407011158772697e+01
5.000000000000000000e-01 1.312881325872161931e+01
5.000000000000000000e-01 1.312881321637189558e+01
5.000000000000000000e-01 1.284982721672505512e+01
5.000000000000000000e-01 1.284982712009872508e+01
5.000000000000000000e-01 1.273116205926492484e+01
5.000000000000000000e-01 1.273116198471230831e+01
5.000000000000000000e-01 1.271367862098603752e+01
5.000000000000000000e-01 1.271367851585388919e+01
5.000000000000000000e-01 1.250447209152234151e+01
5.000000000000000000e-01 1.250447144526329346e+01
5.000000000000000000e-01 1.247593883778623258e+01
5.000000000000000000e-01 1.247593822418986775e+01
5.000000000000000000e-01 1.231025001141305708e+01
5.000000000000000000e-01 1.231024902645482300e+01
5.000000000000000000e-01 1.226987252341773704e+01
5.000000000000000000e-01 1.226987131529901731e+01
5.000000000000000000e-01 1.217427100314384347e+01
5.000000000000000000e-01 1.217427094326158610e+01
5.000000000000000000e-01 1.211484483906847309e+01
5.000000000000000000e-01 1.211484475734609489e+01
5.000000000000000000e-01 1.184866668674648160e+01
5.000000000000000000e-01 1.184866633560441684e+01
5.000000000000000000e-01 1.172148607694351341e+01
5.000000000000000000e-01 1.172148583242833020e+01
5.000000000000000000e-01 1.164261974905249986e+01
5.000000000000000000e-01 1.164261736442988848e+01
5.000000000000000000e-01 1.137541186493991674e+01
5.000000000000000000e-01 1.137541183529313216e+01
5.000000000000000000e-01 1.109774530350428989e+01
5.000000000000000000e-01 1.109774513824372200e+01
5.000000000000000000e-01 1.074848968725854093e+01
5.000000000000000000e-01 1.074848953341917657e+01
5.000000000000000000e-01 1.040505164005577754e+01
5.000000000000000000e-01 1.040505140225304004e+01
5.000000000000000000e-01 1.000366422687098478e+01
5.000000000000000000e-01 1.000366418276531100e+01
5.000000000000000000e-01 9.630144899024095650e+00
5.000000000000000000e-01 9.630144881216272879e+00
5.000000000000000000e-01 9.618487698784406348e+00
5.000000000000000000e-01 9.618487636442150546e+00
5.000000000000000000e-01 9.263832374259926894e+00
5.000000000000000000e-01 9.263832263072899309e+00
5.000000000000000000e-01 8.976234259534667359e+00
5.000000000000000000e-01 8.976234011660338297e+00
5.000000000000000000e-01 8.340173906693063799e+00
5.000000000000000000e-01 8.340173851063052979e+00
5.000000000000000000e-01 7.488382084073665013e+00
5.000000000000000000e-01 7.488382046064208097e+00
5.000000000000000000e-01 5.994336144787326681e+00
5.000000000000000000e-01 5.994336090357956337e+00
5.000000000000000000e-01 4.992080968328931334e+00
5.000000000000000000e-01 4.992080907027511394e+00
1.000000000000000000e+00 1.592462008170006449e+01
1.000000000000000000e+00 1.575097071898364653e+01
1.000000000000000000e+00 1.573698854952628601e+01
1.000000000000000000e+00 1.571936972399534049e+01
1.000000000000000000e+00 1.571936958390648797e+01
1.000000000000000000e+00 1.568881382400607194e+01
1.000000000000000000e+00 1.568881358406006044e+01
1.000000000000000000e+00 1.557467006836990997e+01
1.000000000000000000e+00 1.556001227937549203e+01
1.000000000000000000e+00 1.539463879020191683e+01
1.000000000000000000e+00 1.539463688162263111e+01
1.000000000000000000e+00 1.529769342546755340e+01
1.000000000000000000e+00 1.527471567194193369e+01
1.000000000000000000e+00 1.527471545698699629e+01
1.000000000000000000e+00 1.522142968011053910e+01
1.000000000000000000e+00 1.519163842229557559e+01
1.000000000000000000e+00 1.512559601889114091e+01
1.000000000000000000e+00 1.512559561808719799e+01
1.000000000000000000e+00 1.499299524253193283e+01
1.000000000000000000e+00 1.498965808084884976e+01
1.000000000000000000e+00 1.497516779618585936e+01
1.000000000000000000e+00 1.497516731399389123e+01
1.000000000000000000e+00 1.485664804255746674e+01
1.000000000000000000e+00 1.485664800670860863e+01
1.000000000000000000e+00 1.484866177573460355e+01
1.000000000000000000e+00 1.481960912092986327e+01
1.000000000000000000e+00 1.479300022281461224e+01
1.000000000000000000e+00 1.479299944382376530e+01
1.000000000000000000e+00 1.471566007819480859e+01
1.000000000000000000e+00 1.468308852918210583e+01
1.000000000000000000e+00 1.458006037926300102e+01
1.000000000000000000e+00 1.458006024333002593e+01
1.000000000000000000e+00 1.457722461569061601e+01
1.000000000000000000e+00 1.450196327206185742e+01
1.000000000000000000e+00 1.450196290813281053e+01
1.000000000000000000e+00 1.435406837245027489e+01
1.000000000000000000e+00 1.435406823776002838e+01
1.000000000000000000e+00 1.435297910450205805e+01
1.000000000000000000e+00 1.426992741644452245e+01
1.000000000000000000e+00 1.426629201760961507e+01
1.000000000000000000e+00 1.409359103260443824e+01
1.000000000000000000e+00 1.400076263191938075e+01
1.000000000000000000e+00 1.400076209584507581e+01
1.000000000000000000e+00 1.384154683185519730e+01
1.000000000000000000e+00 1.375349172057002356e+01
1.000000000000000000e+00 1.340531068755378286e+01
1.000000000000000000e+00 1.340531038803090524e+01
1.000000000000000000e+00 1.339911146249150420e+01
1.000000000000000000e+00 1.329438705681839039e+01
1.000000000000000000e+00 1.327186949616131528e+01
1.000000000000000000e+00 1.325246562507970083e+01
1.000000000000000000e+00 1.325246201593625095e+01
1.000000000000000000e+00 1.312668158026147402e+01
1.000000000000000000e+00 1.300878164196969955e+01
1.000000000000000000e+00 1.281465770172687257e+01
1.000000000000000000e+00 1.281465756004149092e+01
1.000000000000000000e+00 1.274681150951903952e+01
1.000000000000000000e+00 1.269364734561653130e+01
1.000000000000000000e+00 1.259578222086071264e+01
1.000000000000000000e+00 1.252330273085542522e+01
1.000000000000000000e+00 1.251658783554385757e+01
1.000000000000000000e+00 1.251658766725418737e+01
1.000000000000000000e+00 1.246093011192133027e+01
1.000000000000000000e+00 1.246093010298255521e+01
1.000000000000000000e+00 1.245447161937146241e+01
1.000000000000000000e+00 1.245447159454956321e+01
1.000000000000000000e+00 1.237789289853335717e+01
1.000000000000000000e+00 1.233216140226002899e+01
1.000000000000000000e+00 1.233216135908718236e+01
1.000000000000000000e+00 1.232569483376702024e+01
1.000000000000000000e+00 1.218342294909515644e+01
1.000000000000000000e+00 1.184323597321471588e+01
1.000000000000000000e+00 1.162467956452542239e+01
1.000000000000000000e+00 1.162467884909026949e+01
1.000000000000000000e+00 1.147988507958636362e+01
1.000000000000000000e+00 1.146574861444634763e+01
1.000000000000000000e+00 1.140457538235190782e+01
1.000000000000000000e+00 1.140457487012662696e+01
1.000000000000000000e+00 1.132028926924087386e+01
1.000000000000000000e+00 1.119371003866104530e+01
1.000000000000000000e+00 1.107847419319078242e+01
1.000000000000000000e+00 1.107847385049983835e+01
1.000000000000000000e+00 1.101661400659083156e+01
1.000000000000000000e+00 1.070866458100139340e+01
1.000000000000000000e+00 1.026416284303540571e+01
1.000000000000000000e+00 1.026416284187614636e+01
1.000000000000000000e+00 1.018149131207080771e+01
1.000000000000000000e+00 9.893945187757923421e+00
1.000000000000000000e+00 9.597448838783428471e+00
1.000000000000000000e+00 9.597448276327000372e+00
1.000000000000000000e+00 9.221624594695791544e+00
1.000000000000000000e+00 8.945944585577045416e+00
1.000000000000000000e+00 8.945943884309921046e+00
1.000000000000000000e+00 8.758715208443787148e+00
1.000000000000000000e+00 8.733058966034402459e+00
1.000000000000000000e+00 8.733058104158001100e+00
1.000000000000000000e+00 8.615584225067090429e+00
1.000000000000000000e+00 7.364588996370999396e+00
1.000000000000000000e+00 5.882981754730389312e+00
1.000000000000000000e+00 5.373092254239992371e+00
1.500000000000000000e+00 1.608163290993310568e+01
1.500000000000000000e+00 1.608163259735579942e+01
1.500000000000000000e+00 1.606072133324583362e+01
1.500000000000000000e+00 1.606072060361704601e+01
1.500000000000000000e+00 1.584155329535593104e+01
1.500000000000000000e+00 1.584155268911985637e+01
1.500000000000000000e+00 1.583183946701605649e+01
1.500000000000000000e+00 1.583183905675928216e+01
1.500000000000000000e+00 1.573497746699091415e+01
1.500000000000000000e+00 1.573497721722222131e+01
1.500000000000000000e+00 1.553103158953692819e+01
1.500000000000000000e+00 1.553103134511133376e+01
1.500000000000000000e+00 1.552581626685285876e+01
1.500000000000000000e+00 1.552581575352748899e+01
1.500000000000000000e+00 1.537310543764860071e+01
1.500000000000000000e+00 1.537310525739200884e+01
1.500000000000000000e+00 1.533258496660121217e+01
1.500000000000000000e+00 1.533258476414681049e+01
1.500000000000000000e+00 1.533011270049940045e+01
1.500000000000000000e+00 1.533011217642756385e+01
1.500000000000000000e+00 1.530057286318260168e+01
1.500000000000000000e+00 1.530057284651613614e+01
1.500000000000000000e+00 1.511847393395719941e+01
1.500000000000000000e+00 1.511847302690389050e+01
1.500000000000000000e+00 1.504978512283634728e+01
1.500000000000000000e+00 1.504978504349269564e+01
1.500000000000000000e+00 1.503666435661628142e+01
1.500000000000000000e+00 1.503666420300938533e+01
1.500000000000000000e+00 1.496144235341176554e+01
1.500000000000000000e+00 1.496144231569748406e+01
1.500000000000000000e+00 1.491879219690720682e+01
1.500000000000000000e+00 1.491879205971065758e+01
1.500000000000000000e+00 1.478826139147674468e+01
1.500000000000000000e+00 1.478826084876102875e+01
1.500000000000000000e+00 1.448924173664444304e+01
1.500000000000000000e+00 1.448924165171220935e+01
1.500000000000000000e+00 1.441867156414825679e+01
1.500000000000000000e+00 1.441867062211842132e+01
1.500000000000000000e+00 1.441724594192618802e+01
1.500000000000000000e+00 1.441724562660720999e+01
1.500000000000000000e+00 1.435491090016316740e+01
1.500000000000000000e+00 1.435490966827059900e+01
1.500000000000000000e+00 1.411740192349239109e+01
1.500000000000000000e+00 1.411740177184277201e+01
1.500000000000000000e+00 1.404634676755449441e+01
1.500000000000000000e+00 1.404634672895601533e+01
1.500000000000000000e+00 1.394754301186881484e+01
1.500000000000000000e+00 1.394754282715104310e+01
1.500000000000000000e+00 1.394013657229829484e+01
1.500000000000000000e+00 1.394013642918603146e+01
1.500000000000000000e+00 1.385129087226294864e+01
1.500000000000000000e+00 1.385129079908056937e+01
1.500000000000000000e+00 1.381001449416804938e+01
1.500000000000000000e+00 1.381001424573705272e+01
1.500000000000000000e+00 1.352981691724290059e+01
1.500000000000000000e+00 1.352981664925786909e+01
1.500000000000000000e+00 1.335419953603247833e+01
1.500000000000000000e+00 1.335419952413337263e+01
1.500000000000000000e+00 1.306267863198090673e+01
1.500000000000000000e+00 1.306267831068098850e+01
1.500000000000000000e+00 1.305345655464327237e+01
1.500000000000000000e+00 1.305345645940755261e+01
1.500000000000000000e+00 1.296193637349150762e+01
1.500000000000000000e+00 1.296193611598675233e+01
1.500000000000000000e+00 1.259024010042876540e+01
1.500000000000000000e+00 1.259023984285058617e+01
1.500000000000000000e+00 1.232768444741953751e+01
1.500000000000000000e+00 1.232768443227372757e+01
1.500000000000000000e+00 1.214476921489644745e+01
1.500000000000000000e+00 1.214476904310357064e+01
1.500000000000000000e+00 1.199872346922651367e+01
1.500000000000000000e+00 1.199872340667783099e+01
1.500000000000000000e+00 1.182042841037298153e+01
1.500000000000000000e+00 1.182042790451607139e+01
1.500000000000000000e+00 1.166669967336045666e+01
1.500000000000000000e+00 1.166669963959278711e+01
1.500000000000000000e+00 1.154989711482818393e+01
1.500000000000000000e+00 1.154989682469897083e+01
1.500000000000000000e+00 1.135871301046066506e+01
1.500000000000000000e+00 1.135871204356101849e+01
1.500000000000000000e+00 1.107571865938203182e+01
1.500000000000000000e+00 1.107571856190978643e+01
1.500000000000000000e+00 1.084031904561191340e+01
1.500000000000000000e+00 1.084031823877949918e+01
1.500000000000000000e+00 1.054329335557586411e+01
1.500000000000000000e+00 1.054329335368126763e+01
1.500000000000000000e+00 1.035075291110878126e+01
1.500000000000000000e+00 1.035075290512854629e+01
1.500000000000000000e+00 9.853073161983887829e+00
1.500000000000000000e+00 9.853072895219657568e+00
1.500000000000000000e+00 9.670462813969406213e+00
1.500000000000000000e+00 9.670462805802877426e+00
1.500000000000000000e+00 8.947528618915892906e+00
1.500000000000000000e+00 8.947527870077118806e+00
1.500000000000000000e+00 8.441187361010328516e+00
1.500000000000000000e+00 8.441186765545422688e+00
1.500000000000000000e+00 6.927122137255302903e+00
1.500000000000000000e+00 6.927122124640010092e+00
1.500000000000000000e+00 4.473293297484485009e+00
1.500000000000000000e+00 4.473293285201997982e+00
2.000000000000000000e+00 1.699919631197996850e+01
2.000000000000000000e+00 1.698202764558892142e+01
2.000000000000000000e+00 1.695781161663424186e+01
2.000000000000000000e+00 1.695781148808656980e+01
2.000000000000000000e+00 1.685744503039303410e+01
2.000000000000000000e+00 1.679211022181281976e+01
2.000000000000000000e+00 1.679211021309934893e+01
2.000000000000000000e+00 1.679095565702013459e+01
2.000000000000000000e+00 1.679095541332459263e+01
2.000000000000000000e+00 1.668857217498550938e+01
2.000000000000000000e+00 1.655738645184093727e+01
2.000000000000000000e+00 1.644025087245632832e+01
2.000000000000000000e+00 1.644025041585556934e+01
2.000000000000000000e+00 1.629152959805222523e+01
2.000000000000000000e+00 1.627402052742778338e+01
2.000000000000000000e+00 1.626037426431329536e+01
2.000000000000000000e+00 1.626037425663345104e+01
2.000000000000000000e+00 1.621376747988398037e+01
2.000000000000000000e+00 1.614690332832165609e+01
2.000000000000000000e+00 1.585781271609999266e+01
2.000000000000000000e+00 1.585781237378122910e+01
2.000000000000000000e+00 1.580998062457401332e+01
2.000000000000000000e+00 1.565158686959704326e+01
2.000000000000000000e+00 1.551720191374465863e+01
2.000000000000000000e+00 1.551319524521994886e+01
2.000000000000000000e+00 1.551319481230414610e+01
2.000000000000000000e+00 1.528360796518139431e+01
2.000000000000000000e+00 1.522749391120950513e+01
2.000000000000000000e+00 1.522749385470950223e+01
2.000000000000000000e+00 1.515751369739139953e+01
2.000000000000000000e+00 1.515491665531906129e+01
2.000000000000000000e+00 1.515491652310992343e+01
2.000000000000000000e+00 1.510250353478815910e+01
2.000000000000000000e+00 1.504770775317187592e+01
2.000000000000000000e+00 1.504770761080195562e+01
2.000000000000000000e+00 1.498393592433331989e+01
2.000000000000000000e+00 1.469039244684216250e+01
2.000000000000000000e+00 1.461648734097761526e+01
2.000000000000000000e+00 1.461648732119152250e+01
2.000000000000000000e+00 1.461442208549354049e+01
2.000000000000000000e+00 1.460091271740538588e+01
2.000000000000000000e+00 1.453463635470997772e+01
2.000000000000000000e+00 1.453463619518797323e+01
2.000000000000000000e+00 1.448643501508591136e+01
2.000000000000000000e+00 1.431877303605757490e+01
2.000000000000000000e+00 1.408518388088486972e+01
2.000000000000000000e+00 1.408014177211913598e+01
2.000000000000000000e+00 1.408014176343974277e+01
2.000000000000000000e+00 1.406674973817860241e+01
2.000000000000000000e+00 1.406288773314404139e+01
2.000000000000000000e+00 1.406288759437437008e+01
2.000000000000000000e+00 1.403905145984302116e+01
2.000000000000000000e+00 1.379843588378506425e+01
2.000000000000000000e+00 1.379843584165597292e+01
2.000000000000000000e+00 1.377116475982910693e+01
2.000000000000000000e+00 1.377116459117319991e+01
2.000000000000000000e+00 1.369616771362333907e+01
2.000000000000000000e+00 1.369616766790417728e+01
2.000000000000000000e+00 1.352937115069916807e+01
2.000000000000000000e+00 1.346376113199409374e+01
2.000000000000000000e+00 1.343896585274469757e+01
2.000000000000000000e+00 1.343896584025008423e+01
2.000000000000000000e+00 1.337704417481440800e+01
2.000000000000000000e+00 1.334221133450146723e+01
2.000000000000000000e+00 1.332445929114177829e+01
2.000000000000000000e+00 1.332445926423606153e+01
2.000000000000000000e+00 1.320465093799793799e+01
2.000000000000000000e+00 1.299899671620266162e+01
2.000000000000000000e+00 1.281281392321457702e+01
2.000000000000000000e+00 1.278578645779335865e+01
2.000000000000000000e+00 1.278578639610313950e+01
2.000000000000000000e+00 1.259624318026495615e+01
2.000000000000000000e+00 1.258202606020528336e+01
2.000000000000000000e+00 1.258202605658341433e+01
2.000000000000000000e+00 1.247371811504380723e+01
2.000000000000000000e+00 1.234964507301876679e+01
2.000000000000000000e+00 1.228704051089034088e+01
2.000000000000000000e+00 1.198381334298009548e+01
2.000000000000000000e+00 1.168513583818321067e+01
2.000000000000000000e+00 1.168513574230175145e+01
2.000000000000000000e+00 1.113495305102851773e+01
2.000000000000000000e+00 1.100292305685334249e+01
2.000000000000000000e+00 1.100292304659976672e+01
2.000000000000000000e+00 1.082693290535539710e+01
2.000000000000000000e+00 1.069581149251415830e+01
2.000000000000000000e+00 1.064842764229205407e+01
2.000000000000000000e+00 1.064842758329689154e+01
2.000000000000000000e+00 1.001643380554349427e+01
2.000000000000000000e+00 9.832880698982963352e+00
2.000000000000000000e+00 9.832880676667999253e+00
2.000000000000000000e+00 9.778088595862948651e+00
2.000000000000000000e+00 9.719786064996355890e+00
2.000000000000000000e+00 9.423914525823899879e+00
2.000000000000000000e+00 9.423914480908715419e+00
2.000000000000000000e+00 8.446501911229397308e+00
2.000000000000000000e+00 7.483055875188627581e+00
2.000000000000000000e+00 7.185761425654063395e+00
2.000000000000000000e+00 7.185761390215694711e+00
2.000000000000000000e+00 6.819074233479950564e+00
2.000000000000000000e+00 6.678523917106373275e+00
2.500000000000000000e+00 1.899746796950028482e+01
2.500000000000000000e+00 1.899746737653828177e+01
2.500000000000000000e+00 1.887161912304561895e+01
2.500000000000000000e+00 1.887161912304561895e+01
2.500000000000000000e+00 1.884944862398420895e+01
2.500000000000000000e+00 1.884944828306484155e+01
2.500000000000000000e+00 1.855730555009442639e+01
2.500000000000000000e+00 1.855730486280566893e+01
2.500000000000000000e+00 1.829499772617780806e+01
2.500000000000000000e+00 1.829499770659581870e+01
2.500000000000000000e+00 1.824269699036649328e+01
2.500000000000000000e+00 1.824269660009927563e+01
2.500000000000000000e+00 1.802028588026017886e+01
2.500000000000000000e+00 1.802028553806120215e+01
2.500000000000000000e+00 1.790310696040239336e+01
2.500000000000000000e+00 1.790310485634561743e+01
2.500000000000000000e+00 1.773271823901779598e+01
2.500000000000000000e+00 1.773271816089821229e+01
2.500000000000000000e+00 1.772318415086682819e+01
2.500000000000000000e+00 1.772318410665064192e+01
2.500000000000000000e+00 1.758310707747489587e+01
2.500000000000000000e+00 1.758310649131471592e+01
2.500000000000000000e+00 1.736276373642393267e+01
2.500000000000000000e+00 1.736276243361979610e+01
2.500000000000000000e+00 1.720610311539125448e+01
2.500000000000000000e+00 1.720610306925377131e+01
2.500000000000000000e+00 1.718705906919625548e+01
2.500000000000000000e+00 1.718705868765889733e+01
2.500000000000000000e+00 1.716625836380906378e+01
2.500000000000000000e+00 1.716625743276842186e+01
2.500000000000000000e+00 1.700053216725465788e+01
2.500000000000000000e+00 1.700053146426541772e+01
2.500000000000000000e+00 1.690617536353349948e+01
2.500000000000000000e+00 1.690617530005272329e+01
2.500000000000000000e+00 1.678337193051706322e+01
2.500000000000000000e+00 1.678337168002499169e+01
2.500000000000000000e+00 1.672600957296179658e+01
2.500000000000000000e+00 1.672600925895102719e+01
2.500000000000000000e+00 1.651235799224090073e+01
2.500000000000000000e+00 1.651235783744337482e+01
2.500000000000000000e+00 1.633153913268859370e+01
2.500000000000000000e+00 1.633153889629486244e+01
2.500000000000000000e+00 1.605844399898582964e+01
2.500000000000000000e+00 1.605844291958360515e+01
2.500000000000000000e+00 1.597768358538562516e+01
2.500000000000000000e+00 1.597768330945747017e+01
2.500000000000000000e+00 1.585171383154800395e+01
2.500000000000000000e+00 1.585171358147353793e+01
2.500000000000000000e+00 1.576815349540134648e+01
2.500000000000000000e+00 1.576815343280885351e+01
2.500000000000000000e+00 1.566207999639765447e+01
2.500000000000000000e+00 1.566207966849042421e+01
2.500000000000000000e+00 1.547588581549758757e+01
2.500000000000000000e+00 1.547588505964665195e+01
2.500000000000000000e+00 1.520656610079288740e+01
2.500000000000000000e+00 1.520656601690566490e+01
2.500000000000000000e+00 1.516766518661312624e+01
2.500000000000000000e+00 1.516766513768615177e+01
2.500000000000000000e+00 1.468451587377590606e+01
2.500000000000000000e+00 1.468451571864010852e+01
2.500000000000000000e+00 1.441495981353940437e+01
2.500000000000000000e+00 1.441495942736719549e+01
2.500000000000000000e+00 1.421470118291611584e+01
2.500000000000000000e+00 1.421470102933972512e+01
2.500000000000000000e+00 1.394499470799561536e+01
2.500000000000000000e+00 1.394499450251778150e+01
2.500000000000000000e+00 1.376295211690328735e+01
2.500000000000000000e+00 1.376295204485221113e+01
2.500000000000000000e+00 1.369986923013830982e+01
2.500000000000000000e+00 1.369986922954492137e+01
2.500000000000000000e+00 1.366409911898367646e+01
2.500000000000000000e+00 1.366409903348466948e+01
2.500000000000000000e+00 1.365029692664418448e+01
2.500000000000000000e+00 1.365029642538780408e+01
2.500000000000000000e+00 1.345795430044520913e+01
2.500000000000000000e+00 1.345795393775543580e+01
2.500000000000000000e+00 1.341131894466904662e+01
2.500000000000000000e+00 1.341131871226266625e+01
2.500000000000000000e+00 1.300627653196031552e+01
2.500000000000000000e+00 1.300627652662219802e+01
2.500000000000000000e+00 1.266387719381154575e+01
2.500000000000000000e+00 1.266387666905074205e+01
2.500000000000000000e+00 1.236019426924175946e+01
2.500000000000000000e+00 1.236019376648829571e+01
2.500000000000000000e+00 1.174187514706935076e+01
2.500000000000000000e+00 1.174187504207277932e+01
2.500000000000000000e+00 1.172336027454224983e+01
2.500000000000000000e+00 1.172336015456286518e+01
2.500000000000000000e+00 1.068688873041678100e+01
2.500000000000000000e+00 1.068688844610612243e+01
2.500000000000000000e+00 1.020251188671809750e+01
2.500000000000000000e+00 1.020251159671082419e+01
2.500000000000000000e+00 1.011973227893636817e+01
2.500000000000000000e+00 1.011973227877649251e+01
2.500000000000000000e+00 9.936248423305777067e+00
2.500000000000000000e+00 9.936248411159251503e+00
2.500000000000000000e+00 9.488001073893608250e+00
2.500000000000000000e+00 9.488001004328973309e+00
2.500000000000000000e+00 7.573741618600305259e+00
2.500000000000000000e+00 7.573741618429373545e+00
3.000000000000000000e+00 2.558321072797282270e+01
3.000000000000000000e+00 2.558309614434097057e+01
3.000000000000000000e+00 2.550068318060677441e+01
3.000000000000000000e+00 2.499157361560789781e+01
3.000000000000000000e+00 2.488198897824157996e+01
3.000000000000000000e+00 2.488197476976053579e+01
3.000000000000000000e+00 2.482913395996168404e+01
3.000000000000000000e+00 2.460061405161109249e+01
3.000000000000000000e+00 2.369743626569221462e+01
3.000000000000000000e+00 2.369742757340357642e+01
3.000000000000000000e+00 2.356631010503312496e+01
3.000000000000000000e+00 2.347342038539559894e+01
3.000000000000000000e+00 2.330112246140729937e+01
3.000000000000000000e+00 2.312372938146874546e+01
3.000000000000000000e+00 2.312372938146874546e+01
3.000000000000000000e+00 2.299994368454208882e+01
3.000000000000000000e+00 2.143412911776627539e+01
3.000000000000000000e+00 2.136119445587834065e+01
3.000000000000000000e+00 2.134491262540521817e+01
3.000000000000000000e+00 2.134491179851508136e+01
3.000000000000000000e+00 2.106577545314977229e+01
3.000000000000000000e+00 2.092034691236493771e+01
3.000000000000000000e+00 2.064673285733022112e+01
3.000000000000000000e+00 2.064673203459102879e+01
3.000000000000000000e+00 2.042182649575001108e+01
3.000000000000000000e+00 2.041171481466467341e+01
3.000000000000000000e+00 2.021151050671887717e+01
3.000000000000000000e+00 2.021151024051299316e+01
3.000000000000000000e+00 1.995384014134435091e+01
3.000000000000000000e+00 1.995384014134435091e+01
3.000000000000000000e+00 1.992762818004516490e+01
3.000000000000000000e+00 1.977906156517807545e+01
3.000000000000000000e+00 1.968811948467084960e+01
3.000000000000000000e+00 1.947879791528024285e+01
3.000000000000000000e+00 1.923135990972271614e+01
3.000000000000000000e+00 1.923135975988024171e+01
3.000000000000000000e+00 1.882560704555299580e+01
3.000000000000000000e+00 1.867357960613848533e+01
3.000000000000000000e+00 1.867357954895076588e+01
3.000000000000000000e+00 1.867204597864887461e+01
3.000000000000000000e+00 1.867204595009883406e+01
3.000000000000000000e+00 1.867204589299874939e+01
3.000000000000000000e+00 1.867204580734863484e+01
3.000000000000000000e+00 1.865393705644513034e+01
3.000000000000000000e+00 1.855207954184920638e+01
3.000000000000000000e+00 1.826497646107608830e+01
3.000000000000000000e+00 1.814251225903490194e+01
3.000000000000000000e+00 1.814251197322185760e+01
3.000000000000000000e+00 1.810642445722140081e+01
3.000000000000000000e+00 1.790390835888927512e+01
3.000000000000000000e+00 1.788851737344967319e+01
3.000000000000000000e+00 1.765191403604396214e+01
3.000000000000000000e+00 1.740741766637186316e+01
3.000000000000000000e+00 1.740741763412810883e+01
3.000000000000000000e+00 1.722497313541591168e+01
3.000000000000000000e+00 1.711479596675870951e+01
3.000000000000000000e+00 1.711479555767659022e+01
3.000000000000000000e+00 1.694058464506367656e+01
3.000000000000000000e+00 1.684563986825030923e+01
3.000000000000000000e+00 1.684563982688358053e+01
3.000000000000000000e+00 1.664546230804136329e+01
3.000000000000000000e+00 1.652830219199887907e+01
3.000000000000000000e+00 1.643586196066778982e+01
3.000000000000000000e+00 1.635613720289687834e+01
3.000000000000000000e+00 1.635021197736460863e+01
3.000000000000000000e+00 1.635021168890552090e+01
3.000000000000000000e+00 1.630763331502261337e+01
3.000000000000000000e+00 1.630763297685978941e+01
3.000000000000000000e+00 1.627738578121397595e+01
3.000000000000000000e+00 1.527922003527022277e+01
3.000000000000000000e+00 1.523479732799890662e+01
3.000000000000000000e+00 1.523479722702217742e+01
3.000000000000000000e+00 1.518837463609841976e+01
3.000000000000000000e+00 1.480688978655790500e+01
3.000000000000000000e+00 1.464657341612323371e+01
3.000000000000000000e+00 1.446285694027735858e+01
3.000000000000000000e+00 1.446285639771505771e+01
3.000000000000000000e+00 1.419589149216832169e+01
3.000000000000000000e+00 1.355008482844839968e+01
3.000000000000000000e+00 1.351870553118822826e+01
3.000000000000000000e+00 1.331828911958070272e+01
3.000000000000000000e+00 1.331828883826828225e+01
3.000000000000000000e+00 1.326563962665678353e+01
3.000000000000000000e+00 1.305372251022121333e+01
3.000000000000000000e+00 1.301846966480888312e+01
3.000000000000000000e+00 1.301846947278082212e+01
3.000000000000000000e+00 1.295848723952381931e+01
3.000000000000000000e+00 1.291659495708389471e+01
3.000000000000000000e+00 1.263677509671191324e+01
3.000000000000000000e+00 1.227487993035295943e+01
3.000000000000000000e+00 1.227487912067517151e+01
3.000000000000000000e+00 1.161146353114557428e+01
3.000000000000000000e+00 1.161146345140996949e+01
3.000000000000000000e+00 1.117161507030627021e+01
3.000000000000000000e+00 1.083123205956575319e+01
3.000000000000000000e+00 1.056293599413016793e+01
3.000000000000000000e+00 1.056293581911762125e+01
3.000000000000000000e+00 1.044740431257679703e+01
3.000000000000000000e+00 8.185864411970127819e+00
3.000000000000000000e+00 6.747034379633318757e+00
3.500000000000000000e+00 2.640824804931235192e+01
3.500000000000000000e+00 2.640824803832841638e+01
3.500000000000000000e+00 2.585950408352375263e+01
3.500000000000000000e+00 2.585950407782639715e+01
3.500000000000000000e+00 2.320461375910575086e+01
3.500000000000000000e+00 2.320461357859245055e+01
3.500000000000000000e+00 2.201250958431972293e+01
3.500000000000000000e+00 2.201250956614125442e+01
3.500000000000000000e+00 2.143100983040453755e+01
3.500000000000000000e+00 2.143100982740140026e+01
3.500000000000000000e+00 2.137531248622036983e+01
3.500000000000000000e+00 2.137531248143650942e+01
3.500000000000000000e+00 2.125570407276651608e+01
3.500000000000000000e+00 2.125570406471971907e+01
3.500000000000000000e+00 2.086563782308821047e+01
3.500000000000000000e+00 2.086563781863337042e+01
3.500000000000000000e+00 2.038697165855312932e+01
3.500000000000000000e+00 2.038697165666187416e+01
3.500000000000000000e+00 1.967668079924169078e+01
3.500000000000000000e+00 1.967668076112230580e+01
3.500000000000000000e+00 1.932652778001025951e+01
3.500000000000000000e+00 1.932652777733441241e+01
3.500000000000000000e+00 1.927522073989074158e+01
3.500000000000000000e+00 1.927522073574789729e+01
3.500000000000000000e+00 1.920061006281316196e+01
3.500000000000000000e+00 1.920061005730628878e+01
3.500000000000000000e+00 1.833628691796560872e+01
3.500000000000000000e+00 1.833628686565147348e+01
3.500000000000000000e+00 1.757854104970616049e+01
3.500000000000000000e+00 1.757854095921022974e+01
3.500000000000000000e+00 1.709271128972620701e+01
3.500000000000000000e+00 1.709271107745546558e+01
3.500000000000000000e+00 1.632706838318436127e+01
3.500000000000000000e+00 1.632706819632782924e+01
3.500000000000000000e+00 1.590542349752572981e+01
3.500000000000000000e+00 1.590542327915121490e+01
3.500000000000000000e+00 1.576686325820173273e+01
3.500000000000000000e+00 1.576686325109239384e+01
3.500000000000000000e+00 1.544378464686722552e+01
3.500000000000000000e+00 1.544378463885049690e+01
3.500000000000000000e+00 1.503560053271272423e+01
3.500000000000000000e+00 1.503560039129946269e+01
3.500000000000000000e+00 1.490377468904839908e+01
3.500000000000000000e+00 1.490377453801978014e+01
3.500000000000000000e+00 1.457092172686373033e+01
3.500000000000000000e+00 1.457092171771924427e+01
3.500000000000000000e+00 1.420578599438045764e+01
3.500000000000000000e+00 1.420578582510296073e+01
3.500000000000000000e+00 1.360932115973065137e+01
3.500000000000000000e+00 1.360932103222412337e+01
3.500000000000000000e+00 1.338841499020420045e+01
3.500000000000000000e+00 1.338841495887001898e+01
3.500000000000000000e+00 1.189794363451640713e+01
3.500000000000000000e+00 1.189794345515052676e+01
3.500000000000000000e+00 1.169149286780039887e+01
3.500000000000000000e+00 1.169149282851601512e+01
3.500000000000000000e+00 1.095678813222020231e+01
3.500000000000000000e+00 1.095678811237520378e+01
3.500000000000000000e+00 8.553508237976913620e+00
3.500000000000000000e+00 8.553508223440230651e+00
4.000000000000000000e+00 2.379189925555020224e+01
4.000000000000000000e+00 2.208318867132341623e+01
4.000000000000000000e+00 2.206931609763269364e+01
4.000000000000000000e+00 2.206931609650870740e+01
4.000000000000000000e+00 2.198568131053465180e+01
4.000000000000000000e+00 2.191458441217441688e+01
4.000000000000000000e+00 1.858521652578070160e+01
4.000000000000000000e+00 1.845182509643182556e+01
4.000000000000000000e+00 1.797515769534846797e+01
4.000000000000000000e+00 1.797515769034100686e+01
4.000000000000000000e+00 1.756690124196403247e+01
4.000000000000000000e+00 1.756690123031402351e+01
4.000000000000000000e+00 1.708998697407178469e+01
4.000000000000000000e+00 1.655377320807265917e+01
4.000000000000000000e+00 1.622367459062422412e+01
4.000000000000000000e+00 1.622367457917939149e+01
4.000000000000000000e+00 1.568082252437240243e+01
4.000000000000000000e+00 1.549875069324449051e+01
4.000000000000000000e+00 1.539317080984684694e+01
4.000000000000000000e+00 1.491956388340186201e+01
4.000000000000000000e+00 1.491956387859572786e+01
4.000000000000000000e+00 1.450118828965909223e+01
4.000000000000000000e+00 1.363526001915120034e+01
4.000000000000000000e+00 1.150327886259379717e+01
4.000000000000000000e+00 1.137592181134051117e+01
4.000000000000000000e+00 1.137592181021618210e+01
4.000000000000000000e+00 1.129007727473475065e+01
4.000000000000000000e+00 9.056056879736654963e+00
4.500000000000000000e+00 1.880592338319225121e+01
4.500000000000000000e+00 1.880592337404739922e+01
4.500000000000000000e+00 1.793306046206077653e+01
4.500000000000000000e+00 1.793306045404427707e+01
4.500000000000000000e+00 1.410162436516089457e+01
4.500000000000000000e+00 1.410162436102077166e+01
4.500000000000000000e+00 1.194583527351015739e+01
4.500000000000000000e+00 1.194583527049793048e+01
5.000000000000000000e+00 1.470479918542798714e+01
