-5.000000000000000000e+00 1.355971406714219007e+01
-4.500000000000000000e+00 1.701120427097810506e+01
-4.500000000000000000e+00 1.701120426210266601e+01
-4.500000000000000000e+00 1.685603604353889295e+01
-4.500000000000000000e+00 1.685603603561678554e+01
-4.500000000000000000e+00 1.242206239105888699e+01
-4.500000000000000000e+00 1.242206238617562875e+01
-4.500000000000000000e+00 1.074519981753648068e+01
-4.500000000000000000e+00 1.074519981360628762e+01
-4.000000000000000000e+00 2.146595028958147111e+01
-4.000000000000000000e+00 2.033714224749574484e+01
-4.000000000000000000e+00 2.032081509231409910e+01
-4.000000000000000000e+00 2.032081509136789066e+01
-4.000000000000000000e+00 2.025788278778435370e+01
-4.000000000000000000e+00 1.883730051952861118e+01
-4.000000000000000000e+00 1.597670221118976741e+01
-4.000000000000000000e+00 1.593703066308600036e+01
-4.000000000000000000e+00 1.582104725238571064e+01
-4.000000000000000000e+00 1.582104724842094789e+01
-4.000000000000000000e+00 1.581309138910921774e+01
-4.000000000000000000e+00 1.576105522935866254e+01
-4.000000000000000000e+00 1.576001597751072403e+01
-4.000000000000000000e+00 1.576001596475440536e+01
-4.000000000000000000e+00 1.490525947085294156e+01
-4.000000000000000000e+00 1.428231843937899903e+01
-4.000000000000000000e+00 1.423646724709194267e+01
-4.000000000000000000e+00 1.423646723428208993e+01
-4.000000000000000000e+00 1.398614087836064890e+01
-4.000000000000000000e+00 1.398614087435500863e+01
-4.000000000000000000e+00 1.391494523076206491e+01
-4.000000000000000000e+00 1.388913528134199815e+01
-4.000000000000000000e+00 1.111622527817039519e+01
-4.000000000000000000e+00 9.636670591970926125e+00
-4.000000000000000000e+00 9.620736698125396558e+00
-4.000000000000000000e+00 9.620736697166037743e+00
-4.000000000000000000e+00 9.578386329121920895e+00
-4.000000000000000000e+00 7.611499049473652079e+00
-3.500000000000000000e+00 2.363830387898220664e+01
-3.500000000000000000e+00 2.363830386116784155e+01
-3.500000000000000000e+00 2.342693560080103410e+01
-3.500000000000000000e+00 2.342693558446627122e+01
-3.500000000000000000e+00 2.043250540773762225e+01
-3.500000000000000000e+00 2.043250537929461430e+01
-3.500000000000000000e+00 1.935907418431224514e+01
-3.500000000000000000e+00 1.935907417560363086e+01
-3.500000000000000000e+00 1.928813279744494125e+01
-3.500000000000000000e+00 1.928813279269069980e+01
-3.500000000000000000e+00 1.916987456241277954e+01
-3.500000000000000000e+00 1.916987455848904531e+01
-3.500000000000000000e+00 1.916793473358108457e+01
-3.500000000000000000e+00 1.916793473207238563e+01
-3.500000000000000000e+00 1.868673612291329178e+01
-3.500000000000000000e+00 1.868673611395713507e+01
-3.500000000000000000e+00 1.796103832340444129e+01
-3.500000000000000000e+00 1.796103831802413708e+01
-3.500000000000000000e+00 1.768735623636989374e+01
-3.500000000000000000e+00 1.768735621993197071e+01
-3.500000000000000000e+00 1.766253536777933775e+01
-3.500000000000000000e+00 1.766253536207965880e+01
-3.500000000000000000e+00 1.749301198984794681e+01
-3.500000000000000000e+00 1.749301198496371867e+01
-3.500000000000000000e+00 1.748120387531318443e+01
-3.500000000000000000e+00 1.748120387095421435e+01
-3.500000000000000000e+00 1.653398078122702586e+01
-3.500000000000000000e+00 1.653398077050688997e+01
-3.500000000000000000e+00 1.545724948478259009e+01
-3.500000000000000000e+00 1.545724947833465635e+01
-3.500000000000000000e+00 1.458290392029990734e+01
-3.500000000000000000e+00 1.458290391881314285e+01
-3.500000000000000000e+00 1.453824640524468848e+01
-3.500000000000000000e+00 1.453824640442650917e+01
-3.500000000000000000e+00 1.380936637046995585e+01
-3.500000000000000000e+00 1.380936636926589323e+01
-3.500000000000000000e+00 1.327355255216603247e+01
-3.500000000000000000e+00 1.327355255166640369e+01
-3.500000000000000000e+00 1.307592572623240557e+01
-3.500000000000000000e+00 1.307592572490390559e+01
-3.500000000000000000e+00 1.305903834040568512e+01
-3.500000000000000000e+00 1.305903833248352619e+01
-3.500000000000000000e+00 1.300655249415946280e+01
-3.500000000000000000e+00 1.300655247575711293e+01
-3.500000000000000000e+00 1.290607893177398680e+01
-3.500000000000000000e+00 1.290607893098262871e+01
-3.500000000000000000e+00 1.290387011391972294e+01
-3.500000000000000000e+00 1.290387010504450238e+01
-3.500000000000000000e+00 1.268870803734497699e+01
-3.500000000000000000e+00 1.268870802228245864e+01
-3.500000000000000000e+00 1.188521352525805064e+01
-3.500000000000000000e+00 1.188521352508545625e+01
-3.500000000000000000e+00 1.143257581175782001e+01
-3.500000000000000000e+00 1.143257581043639171e+01
-3.500000000000000000e+00 1.081664090143541657e+01
-3.500000000000000000e+00 1.081664090116464827e+01
-3.500000000000000000e+00 8.276092948814826045e+00
-3.500000000000000000e+00 8.276092945240907994e+00
-3.500000000000000000e+00 6.476571409708805405e+00
-3.500000000000000000e+00 6.476571405422436811e+00
-3.000000000000000000e+00 2.267586064425961823e+01
-3.000000000000000000e+00 2.267585595005937904e+01
-3.000000000000000000e+00 2.260550456457257695e+01
-3.000000000000000000e+00 2.229039809424244822e+01
-3.000000000000000000e+00 2.224426509928693108e+01
-3.000000000000000000e+00 2.224426408303451197e+01
-3.000000000000000000e+00 2.209278448342761791e+01
-3.000000000000000000e+00 2.151054648226686083e+01
-3.000000000000000000e+00 2.109404435811403999e+01
-3.000000000000000000e+00 2.109404371469020134e+01
-3.000000000000000000e+00 2.102777300978170416e+01
-3.000000000000000000e+00 2.081396023717304544e+01
-3.000000000000000000e+00 2.080411371613975291e+01
-3.000000000000000000e+00 2.077142845073943533e+01
-3.000000000000000000e+00 2.077142798473840202e+01
-3.000000000000000000e+00 1.948859977696169210e+01
-3.000000000000000000e+00 1.929907768928797296e+01
-3.000000000000000000e+00 1.915755761657482736e+01
-3.000000000000000000e+00 1.915755747739284587e+01
-3.000000000000000000e+00 1.907430924893530033e+01
-3.000000000000000000e+00 1.907430907818265808e+01
-3.000000000000000000e+00 1.892950862210416219e+01
-3.000000000000000000e+00 1.881233487236115209e+01
-3.000000000000000000e+00 1.876262029486417049e+01
-3.000000000000000000e+00 1.836551970323157335e+01
-3.000000000000000000e+00 1.802782652011400799e+01
-3.000000000000000000e+00 1.802137864252597765e+01
-3.000000000000000000e+00 1.800690606284482698e+01
-3.000000000000000000e+00 1.800690603348387242e+01
-3.000000000000000000e+00 1.776749538190881594e+01
-3.000000000000000000e+00 1.769572802171927961e+01
-3.000000000000000000e+00 1.769572797870058523e+01
-3.000000000000000000e+00 1.698183545259801974e+01
-3.000000000000000000e+00 1.689091564352349550e+01
-3.000000000000000000e+00 1.682230432926768771e+01
-3.000000000000000000e+00 1.682230431130653869e+01
-3.000000000000000000e+00 1.680650538006946348e+01
-3.000000000000000000e+00 1.656183316545823914e+01
-3.000000000000000000e+00 1.655766914079021745e+01
-3.000000000000000000e+00 1.654839751477750198e+01
-3.000000000000000000e+00 1.654839751136307413e+01
-3.000000000000000000e+00 1.653735212692502543e+01
-3.000000000000000000e+00 1.653735212354810358e+01
-3.000000000000000000e+00 1.652453600192143668e+01
-3.000000000000000000e+00 1.635536031899257736e+01
-3.000000000000000000e+00 1.635536031054748918e+01
-3.000000000000000000e+00 1.635536031054748918e+01
-3.000000000000000000e+00 1.635536030773246097e+01
-3.000000000000000000e+00 1.635259374376985519e+01
-3.000000000000000000e+00 1.598599120347764924e+01
-3.000000000000000000e+00 1.567533916903381197e+01
-3.000000000000000000e+00 1.566279820513521415e+01
-3.000000000000000000e+00 1.545467107729029799e+01
-3.000000000000000000e+00 1.545467107157171327e+01
-3.000000000000000000e+00 1.532410166947316732e+01
-3.000000000000000000e+00 1.532410166244712002e+01
-3.000000000000000000e+00 1.530339404371775203e+01
-3.000000000000000000e+00 1.524309750868034463e+01
-3.000000000000000000e+00 1.520318537184482821e+01
-3.000000000000000000e+00 1.520318536650839469e+01
-3.000000000000000000e+00 1.517626821443797702e+01
-3.000000000000000000e+00 1.486685254175914395e+01
-3.000000000000000000e+00 1.482625509514606676e+01
-3.000000000000000000e+00 1.466419742537531334e+01
-3.000000000000000000e+00 1.464932976729992298e+01
-3.000000000000000000e+00 1.464932976576642076e+01
-3.000000000000000000e+00 1.439518512903887171e+01
-3.000000000000000000e+00 1.416307970222567114e+01
-3.000000000000000000e+00 1.416307969719637150e+01
-3.000000000000000000e+00 1.406859694998459176e+01
-3.000000000000000000e+00 1.320861816198258865e+01
-3.000000000000000000e+00 1.318184405581450847e+01
-3.000000000000000000e+00 1.318184405098362788e+01
-3.000000000000000000e+00 1.262457656163679154e+01
-3.000000000000000000e+00 1.236159636571904663e+01
-3.000000000000000000e+00 1.221094298868112915e+01
-3.000000000000000000e+00 1.179530467105531777e+01
-3.000000000000000000e+00 1.179530466872881789e+01
-3.000000000000000000e+00 1.179218515149725732e+01
-3.000000000000000000e+00 1.175791654753738591e+01
-3.000000000000000000e+00 1.175791653828921035e+01
-3.000000000000000000e+00 1.173593777698037854e+01
-3.000000000000000000e+00 1.167352447255713166e+01
-3.000000000000000000e+00 1.101758585461351103e+01
-3.000000000000000000e+00 1.101758585078435182e+01
-3.000000000000000000e+00 1.058327802518003935e+01
-3.000000000000000000e+00 1.052006075019161280e+01
-3.000000000000000000e+00 1.034201116868953285e+01
-3.000000000000000000e+00 1.034015234154417051e+01
-3.000000000000000000e+00 1.034015233791551935e+01
-3.000000000000000000e+00 1.027717891850166154e+01
-3.000000000000000000e+00 1.014448473678467089e+01
-3.000000000000000000e+00 9.707016519160349688e+00
-3.000000000000000000e+00 9.656906928598477435e+00
-3.000000000000000000e+00 9.656906918591532829e+00
-3.000000000000000000e+00 9.105334396724124701e+00
-3.000000000000000000e+00 8.936052097236434122e+00
-3.000000000000000000e+00 8.936052094018663183e+00
-3.000000000000000000e+00 8.799733548178258147e+00
-3.000000000000000000e+00 5.178076459053491121e+00
-2.500000000000000000e+00 1.713008773181850231e+01
-2.500000000000000000e+00 1.713008771960127063e+01
-2.500000000000000000e+00 1.678393244272445983e+01
-2.500000000000000000e+00 1.678393239519069979e+01
-2.500000000000000000e+00 1.669920716297180618e+01
-2.500000000000000000e+00 1.669920715900159180e+01
-2.500000000000000000e+00 1.652333305768217997e+01
-2.500000000000000000e+00 1.652333304769244648e+01
-2.500000000000000000e+00 1.644813882484140777e+01
-2.500000000000000000e+00 1.644813882175270692e+01
-2.500000000000000000e+00 1.638873734741108734e+01
-2.500000000000000000e+00 1.638873733867936977e+01
-2.500000000000000000e+00 1.610157121423318927e+01
-2.500000000000000000e+00 1.610157121423318927e+01
-2.500000000000000000e+00 1.602448884353242775e+01
-2.500000000000000000e+00 1.602448883948837377e+01
-2.500000000000000000e+00 1.565936451830960152e+01
-2.500000000000000000e+00 1.565936450988853501e+01
-2.500000000000000000e+00 1.553004168369064075e+01
-2.500000000000000000e+00 1.553004167999088558e+01
-2.500000000000000000e+00 1.533242194486295062e+01
-2.500000000000000000e+00 1.533242193777820184e+01
-2.500000000000000000e+00 1.523883665730656389e+01
-2.500000000000000000e+00 1.523883665730656389e+01
-2.500000000000000000e+00 1.523790233999525334e+01
-2.500000000000000000e+00 1.523790233447030218e+01
-2.500000000000000000e+00 1.487088874124335902e+01
-2.500000000000000000e+00 1.487088873932951572e+01
-2.500000000000000000e+00 1.468905711321975538e+01
-2.500000000000000000e+00 1.468905711109221990e+01
-2.500000000000000000e+00 1.467567220336396083e+01
-2.500000000000000000e+00 1.467567219496697106e+01
-2.500000000000000000e+00 1.443396513002463522e+01
-2.500000000000000000e+00 1.443396512672761567e+01
-2.500000000000000000e+00 1.433751095059561109e+01
-2.500000000000000000e+00 1.433751093862015402e+01
-2.500000000000000000e+00 1.421426386168113432e+01
-2.500000000000000000e+00 1.421426385936526060e+01
-2.500000000000000000e+00 1.414479220841128537e+01
-2.500000000000000000e+00 1.414479219915222963e+01
-2.500000000000000000e+00 1.408848950116776244e+01
-2.500000000000000000e+00 1.408848949795864058e+01
-2.500000000000000000e+00 1.399386015778201653e+01
-2.500000000000000000e+00 1.399386015725122157e+01
-2.500000000000000000e+00 1.389041537459471698e+01
-2.500000000000000000e+00 1.389041537291950767e+01
-2.500000000000000000e+00 1.376016454263480071e+01
-2.500000000000000000e+00 1.376016453234042913e+01
-2.500000000000000000e+00 1.366926378772873463e+01
-2.500000000000000000e+00 1.366926378408388487e+01
-2.500000000000000000e+00 1.353995913646068061e+01
-2.500000000000000000e+00 1.353995913325792877e+01
-2.500000000000000000e+00 1.353502755746968766e+01
-2.500000000000000000e+00 1.353502755445042816e+01
-2.500000000000000000e+00 1.327215202253793613e+01
-2.500000000000000000e+00 1.327215201699255864e+01
-2.500000000000000000e+00 1.321892103336599966e+01
-2.500000000000000000e+00 1.321892103287689224e+01
-2.500000000000000000e+00 1.303787522157007928e+01
-2.500000000000000000e+00 1.303787521524437132e+01
-2.500000000000000000e+00 1.263607868606611007e+01
-2.500000000000000000e+00 1.263607868210654495e+01
-2.500000000000000000e+00 1.255561737686067758e+01
-2.500000000000000000e+00 1.255561737371114894e+01
-2.500000000000000000e+00 1.244280761360261600e+01
-2.500000000000000000e+00 1.244280760831316357e+01
-2.500000000000000000e+00 1.240501740892526961e+01
-2.500000000000000000e+00 1.240501739890123467e+01
-2.500000000000000000e+00 1.237013661878325088e+01
-2.500000000000000000e+00 1.237013660931214076e+01
-2.500000000000000000e+00 1.222979693310144178e+01
-2.500000000000000000e+00 1.222979693046388761e+01
-2.500000000000000000e+00 1.213030354820588741e+01
-2.500000000000000000e+00 1.213030354635330887e+01
-2.500000000000000000e+00 1.203409927629171605e+01
-2.500000000000000000e+00 1.203409927341250274e+01
-2.500000000000000000e+00 1.184510587518516189e+01
-2.500000000000000000e+00 1.184510587156364814e+01
-2.500000000000000000e+00 1.180521097630754923e+01
-2.500000000000000000e+00 1.180521097514758999e+01
-2.500000000000000000e+00 1.097110464590263490e+01
-2.500000000000000000e+00 1.097110464046496858e+01
-2.500000000000000000e+00 1.003384278090837611e+01
-2.500000000000000000e+00 1.003384278064529589e+01
-2.500000000000000000e+00 9.473312141848724721e+00
-2.500000000000000000e+00 9.473312140027630335e+00
-2.500000000000000000e+00 8.988817289008753875e+00
-2.500000000000000000e+00 8.988817281545740556e+00
-2.500000000000000000e+00 8.717863312733795667e+00
-2.500000000000000000e+00 8.717863306538694346e+00
-2.500000000000000000e+00 8.174305078560903937e+00
-2.500000000000000000e+00 8.174305068808511265e+00
-2.500000000000000000e+00 8.083295862960026668e+00
-2.500000000000000000e+00 8.083295862158974998e+00
-2.500000000000000000e+00 7.596498019099485077e+00
-2.500000000000000000e+00 7.596498019063671947e+00
-2.500000000000000000e+00 7.502224518835348022e+00
-2.500000000000000000e+00 7.502224509608424796e+00
-2.500000000000000000e+00 5.797873605306103961e+00
-2.500000000000000000e+00 5.797873603832002232e+00
-2.000000000000000000e+00 1.502966541614848595e+01
-2.000000000000000000e+00 1.502966541315759130e+01
-2.000000000000000000e+00 1.502128310933296085e+01
-2.000000000000000000e+00 1.498704336100082912e+01
-2.000000000000000000e+00 1.496073144332318527e+01
-2.000000000000000000e+00 1.496073143006277562e+01
-2.000000000000000000e+00 1.492289086543978982e+01
-2.000000000000000000e+00 1.492289085267178628e+01
-2.000000000000000000e+00 1.478999116122134794e+01
-2.000000000000000000e+00 1.477907835515789259e+01
-2.000000000000000000e+00 1.477907833595236120e+01
-2.000000000000000000e+00 1.471208756840142406e+01
-2.000000000000000000e+00 1.463789592718897836e+01
-2.000000000000000000e+00 1.458826235569457275e+01
-2.000000000000000000e+00 1.438872021024277359e+01
-2.000000000000000000e+00 1.438872020827329123e+01
-2.000000000000000000e+00 1.424430418746057114e+01
-2.000000000000000000e+00 1.416204020523055362e+01
-2.000000000000000000e+00 1.413073946845472584e+01
-2.000000000000000000e+00 1.398203814738408290e+01
-2.000000000000000000e+00 1.398203814344991081e+01
-2.000000000000000000e+00 1.386763518151353836e+01
-2.000000000000000000e+00 1.364495232687206538e+01
-2.000000000000000000e+00 1.353663855452258069e+01
-2.000000000000000000e+00 1.353663852797745903e+01
-2.000000000000000000e+00 1.336987187187445869e+01
-2.000000000000000000e+00 1.330608316584085671e+01
-2.000000000000000000e+00 1.330608316410648584e+01
-2.000000000000000000e+00 1.329188647601146478e+01
-2.000000000000000000e+00 1.327300191824754272e+01
-2.000000000000000000e+00 1.313955193127073962e+01
-2.000000000000000000e+00 1.296425821135425416e+01
-2.000000000000000000e+00 1.291879661032302451e+01
-2.000000000000000000e+00 1.291879660896441884e+01
-2.000000000000000000e+00 1.289322865325942047e+01
-2.000000000000000000e+00 1.289322865140538710e+01
-2.000000000000000000e+00 1.288887507795372933e+01
-2.000000000000000000e+00 1.255993910589067930e+01
-2.000000000000000000e+00 1.255993909690727861e+01
-2.000000000000000000e+00 1.254635135649502331e+01
-2.000000000000000000e+00 1.253929310104760475e+01
-2.000000000000000000e+00 1.246495893611931116e+01
-2.000000000000000000e+00 1.224354540450639028e+01
-2.000000000000000000e+00 1.223401503090031817e+01
-2.000000000000000000e+00 1.211132246899233245e+01
-2.000000000000000000e+00 1.211132246769971310e+01
-2.000000000000000000e+00 1.200759683535065037e+01
-2.000000000000000000e+00 1.183748456997730614e+01
-2.000000000000000000e+00 1.179886882415692817e+01
-2.000000000000000000e+00 1.179886881871889770e+01
-2.000000000000000000e+00 1.165704248086352735e+01
-2.000000000000000000e+00 1.165704247814498906e+01
-2.000000000000000000e+00 1.161462137355012558e+01
-2.000000000000000000e+00 1.158934086283470322e+01
-2.000000000000000000e+00 1.158934084532627296e+01
-2.000000000000000000e+00 1.149863927348515347e+01
-2.000000000000000000e+00 1.149863926656807323e+01
-2.000000000000000000e+00 1.135739915425099866e+01
-2.000000000000000000e+00 1.134617097231977922e+01
-2.000000000000000000e+00 1.134617096487734678e+01
-2.000000000000000000e+00 1.124788465839650264e+01
-2.000000000000000000e+00 1.122836670877656928e+01
-2.000000000000000000e+00 1.121813386709064453e+01
-2.000000000000000000e+00 1.121813386034421534e+01
-2.000000000000000000e+00 1.121053560020139983e+01
-2.000000000000000000e+00 1.110041488401844312e+01
-2.000000000000000000e+00 1.108064223345796506e+01
-2.000000000000000000e+00 1.108064222678555133e+01
-2.000000000000000000e+00 1.100675678803684754e+01
-2.000000000000000000e+00 1.100675677283164333e+01
-2.000000000000000000e+00 1.095668060738918825e+01
-2.000000000000000000e+00 1.093421949093591472e+01
-2.000000000000000000e+00 1.093421948825952050e+01
-2.000000000000000000e+00 1.088823752475151174e+01
-2.000000000000000000e+00 1.087162229359369547e+01
-2.000000000000000000e+00 1.054049220352475658e+01
-2.000000000000000000e+00 1.054049219926753977e+01
-2.000000000000000000e+00 1.045668861628294266e+01
-2.000000000000000000e+00 1.007979290107086534e+01
-2.000000000000000000e+00 9.895133485302505250e+00
-2.000000000000000000e+00 9.725547914251604809e+00
-2.000000000000000000e+00 9.700657950673845065e+00
-2.000000000000000000e+00 9.700657936187674579e+00
-2.000000000000000000e+00 9.517045277574551321e+00
-2.000000000000000000e+00 9.501337636416838706e+00
-2.000000000000000000e+00 9.077418333846136278e+00
-2.000000000000000000e+00 8.954102703967675936e+00
-2.000000000000000000e+00 8.954102694857738243e+00
-2.000000000000000000e+00 8.945119293639796965e+00
-2.000000000000000000e+00 8.681781554967145098e+00
-2.000000000000000000e+00 8.431746478143404389e+00
-2.000000000000000000e+00 8.431746470623023626e+00
-2.000000000000000000e+00 6.907745175225833201e+00
-2.000000000000000000e+00 6.453442893307565598e+00
-2.000000000000000000e+00 6.453442881570888190e+00
-2.000000000000000000e+00 6.404018369750116513e+00
-2.000000000000000000e+00 4.987339472316182132e+00
-2.000000000000000000e+00 4.987339461665595941e+00
-2.000000000000000000e+00 4.419163088569783682e+00
-2.000000000000000000e+00 4.301441486899792999e+00
-1.500000000000000000e+00 1.393803960490842542e+01
-1.500000000000000000e+00 1.393803960264952835e+01
-1.500000000000000000e+00 1.383294092508039519e+01
-1.500000000000000000e+00 1.383294090768233353e+01
-1.500000000000000000e+00 1.380363855563695985e+01
-1.500000000000000000e+00 1.380363855015135677e+01
-1.500000000000000000e+00 1.370744991811275071e+01
-1.500000000000000000e+00 1.370744991751484676e+01
-1.500000000000000000e+00 1.362097940911665006e+01
-1.500000000000000000e+00 1.362097940290173170e+01
-1.500000000000000000e+00 1.356859175712317622e+01
-1.500000000000000000e+00 1.356859174862353079e+01
-1.500000000000000000e+00 1.348260211333980685e+01
-1.500000000000000000e+00 1.348260209662700682e+01
-1.500000000000000000e+00 1.341313468272435117e+01
-1.500000000000000000e+00 1.341313467322113517e+01
-1.500000000000000000e+00 1.332764421182061021e+01
-1.500000000000000000e+00 1.332764419914276210e+01
-1.500000000000000000e+00 1.312613624963850434e+01
-1.500000000000000000e+00 1.312613623091625570e+01
-1.500000000000000000e+00 1.309307852015754570e+01
-1.500000000000000000e+00 1.309307852004972794e+01
-1.500000000000000000e+00 1.305729108027410845e+01
-1.500000000000000000e+00 1.305729107912980247e+01
-1.500000000000000000e+00 1.297546586451454331e+01
-1.500000000000000000e+00 1.297546586125548451e+01
-1.500000000000000000e+00 1.286128345540102913e+01
-1.500000000000000000e+00 1.286128345446040200e+01
-1.500000000000000000e+00 1.281980722379085691e+01
-1.500000000000000000e+00 1.281980722247825888e+01
-1.500000000000000000e+00 1.281135721525831528e+01
-1.500000000000000000e+00 1.281135720997075467e+01
-1.500000000000000000e+00 1.268219332899614038e+01
-1.500000000000000000e+00 1.268219332606503968e+01
-1.500000000000000000e+00 1.257596951610124947e+01
-1.500000000000000000e+00 1.257596951481553482e+01
-1.500000000000000000e+00 1.254647902787797520e+01
-1.500000000000000000e+00 1.254647902357116251e+01
-1.500000000000000000e+00 1.253679171583827312e+01
-1.500000000000000000e+00 1.253679171293292960e+01
-1.500000000000000000e+00 1.250809054551563904e+01
-1.500000000000000000e+00 1.250809054383376839e+01
-1.500000000000000000e+00 1.231178021031757908e+01
-1.500000000000000000e+00 1.231178020478921731e+01
-1.500000000000000000e+00 1.220950636860290572e+01
-1.500000000000000000e+00 1.220950636748886353e+01
-1.500000000000000000e+00 1.198453335708035183e+01
-1.500000000000000000e+00 1.198453335526555819e+01
-1.500000000000000000e+00 1.188008156242089797e+01
-1.500000000000000000e+00 1.188008155697156809e+01
-1.500000000000000000e+00 1.184000658369679648e+01
-1.500000000000000000e+00 1.184000657932380918e+01
-1.500000000000000000e+00 1.136940236175484387e+01
-1.500000000000000000e+00 1.136940235733062288e+01
-1.500000000000000000e+00 1.134114410789476679e+01
-1.500000000000000000e+00 1.134114410436050946e+01
-1.500000000000000000e+00 1.126757708756350951e+01
-1.500000000000000000e+00 1.126757708301165906e+01
-1.500000000000000000e+00 1.092837607574786674e+01
-1.500000000000000000e+00 1.092837606926294214e+01
-1.500000000000000000e+00 1.052444969629659610e+01
-1.500000000000000000e+00 1.052444968979342299e+01
-1.500000000000000000e+00 1.021214335024379594e+01
-1.500000000000000000e+00 1.021214334804884771e+01
-1.500000000000000000e+00 1.006421506183293779e+01
-1.500000000000000000e+00 1.006421505755123569e+01
-1.500000000000000000e+00 1.002289531827854674e+01
-1.500000000000000000e+00 1.002289531150796265e+01
-1.500000000000000000e+00 9.935273448909779148e+00
-1.500000000000000000e+00 9.935273438980148697e+00
-1.500000000000000000e+00 9.901003278714037847e+00
-1.500000000000000000e+00 9.901003274665132636e+00
-1.500000000000000000e+00 9.876652440958279655e+00
-1.500000000000000000e+00 9.876652436142117963e+00
-1.500000000000000000e+00 9.103937506724003370e+00
-1.500000000000000000e+00 9.103937505110977213e+00
-1.500000000000000000e+00 8.887987734278176788e+00
-1.500000000000000000e+00 8.887987730132046238e+00
-1.500000000000000000e+00 8.772492132605462345e+00
-1.500000000000000000e+00 8.772492123475000625e+00
-1.500000000000000000e+00 8.715214289547549953e+00
-1.500000000000000000e+00 8.715214273560441427e+00
-1.500000000000000000e+00 8.535995571532110304e+00
-1.500000000000000000e+00 8.535995552681901799e+00
-1.500000000000000000e+00 8.300611167509215349e+00
-1.500000000000000000e+00 8.300611165566499139e+00
-1.500000000000000000e+00 8.130552224961187235e+00
-1.500000000000000000e+00 8.130552197457667774e+00
-1.500000000000000000e+00 7.994401870168100999e+00
-1.500000000000000000e+00 7.994401845480598290e+00
-1.500000000000000000e+00 7.877892484678994833e+00
-1.500000000000000000e+00 7.877892476994185600e+00
-1.500000000000000000e+00 7.762656779396658102e+00
-1.500000000000000000e+00 7.762656768917115535e+00
-1.500000000000000000e+00 7.319942164489989800e+00
-1.500000000000000000e+00 7.319942156848033399e+00
-1.500000000000000000e+00 6.821436059324811119e+00
-1.500000000000000000e+00 6.821436053769083685e+00
-1.500000000000000000e+00 3.279412699505249940e+00
-1.500000000000000000e+00 3.279412699447079582e+00
-1.000000000000000000e+00 1.354791366519969564e+01
-1.000000000000000000e+00 1.353653590635673787e+01
-1.000000000000000000e+00 1.353457452000715833e+01
-1.000000000000000000e+00 1.353457451246242726e+01
-1.000000000000000000e+00 1.342553984956395219e+01
-1.000000000000000000e+00 1.342207429132189667e+01
-1.000000000000000000e+00 1.342207428817565251e+01
-1.000000000000000000e+00 1.339076198386212901e+01
-1.000000000000000000e+00 1.339076197994165973e+01
-1.000000000000000000e+00 1.322247062596932743e+01
-1.000000000000000000e+00 1.307057528611188957e+01
-1.000000000000000000e+00 1.307057528242222411e+01
-1.000000000000000000e+00 1.275222194009782051e+01
-1.000000000000000000e+00 1.272492857619015716e+01
-1.000000000000000000e+00 1.267738857261005414e+01
-1.000000000000000000e+00 1.261114630734279629e+01
-1.000000000000000000e+00 1.252150103185870300e+01
-1.000000000000000000e+00 1.241555717856759422e+01
-1.000000000000000000e+00 1.241555715825234785e+01
-1.000000000000000000e+00 1.238908754243983346e+01
-1.000000000000000000e+00 1.238908754036005533e+01
-1.000000000000000000e+00 1.232215820964012920e+01
-1.000000000000000000e+00 1.230692128613763892e+01
-1.000000000000000000e+00 1.230692127788529078e+01
-1.000000000000000000e+00 1.221971213904070730e+01
-1.000000000000000000e+00 1.221971213350339625e+01
-1.000000000000000000e+00 1.215946592979713081e+01
-1.000000000000000000e+00 1.213048603750444521e+01
-1.000000000000000000e+00 1.213048601329300169e+01
-1.000000000000000000e+00 1.212688756958617553e+01
-1.000000000000000000e+00 1.211511221732068755e+01
-1.000000000000000000e+00 1.211063705672260049e+01
-1.000000000000000000e+00 1.194810951830971035e+01
-1.000000000000000000e+00 1.194810951525599663e+01
-1.000000000000000000e+00 1.189997826466377973e+01
-1.000000000000000000e+00 1.180240022532928457e+01
-1.000000000000000000e+00 1.180240022277860490e+01
-1.000000000000000000e+00 1.180088305830801509e+01
-1.000000000000000000e+00 1.174000599501352937e+01
-1.000000000000000000e+00 1.174000598815872287e+01
-1.000000000000000000e+00 1.172492422332418371e+01
-1.000000000000000000e+00 1.169149071311306898e+01
-1.000000000000000000e+00 1.161765859628613917e+01
-1.000000000000000000e+00 1.157480541178517264e+01
-1.000000000000000000e+00 1.157480540859621954e+01
-1.000000000000000000e+00 1.155368604916417219e+01
-1.000000000000000000e+00 1.151755498281372780e+01
-1.000000000000000000e+00 1.147031771466509475e+01
-1.000000000000000000e+00 1.137180792287593967e+01
-1.000000000000000000e+00 1.127371509590066978e+01
-1.000000000000000000e+00 1.126280744663919364e+01
-1.000000000000000000e+00 1.126280744120987976e+01
-1.000000000000000000e+00 1.124353228800689308e+01
-1.000000000000000000e+00 1.124353228531013826e+01
-1.000000000000000000e+00 1.122501287634788802e+01
-1.000000000000000000e+00 1.122501285806673010e+01
-1.000000000000000000e+00 1.110612919098159423e+01
-1.000000000000000000e+00 1.088603543331709211e+01
-1.000000000000000000e+00 1.068804347492650386e+01
-1.000000000000000000e+00 1.068017691070219222e+01
-1.000000000000000000e+00 1.068017690528536612e+01
-1.000000000000000000e+00 1.057122268591665026e+01
-1.000000000000000000e+00 1.054362565403160445e+01
-1.000000000000000000e+00 1.050722330758319956e+01
-1.000000000000000000e+00 1.050722330702277496e+01
-1.000000000000000000e+00 1.050003342507335624e+01
-1.000000000000000000e+00 1.047614128790807619e+01
-1.000000000000000000e+00 1.047614126509840204e+01
-1.000000000000000000e+00 1.041147329122778231e+01
-1.000000000000000000e+00 1.029568085453804294e+01
-1.000000000000000000e+00 1.029568085357830931e+01
-1.000000000000000000e+00 1.028467188183838665e+01
-1.000000000000000000e+00 1.012370732434021825e+01
-1.000000000000000000e+00 1.012370732169176613e+01
-1.000000000000000000e+00 1.004103436973957741e+01
-1.000000000000000000e+00 9.961462304859345807e+00
-1.000000000000000000e+00 9.926460262464093631e+00
-1.000000000000000000e+00 9.926460260423795035e+00
-1.000000000000000000e+00 9.534184171787879691e+00
-1.000000000000000000e+00 9.534184169111176388e+00
-1.000000000000000000e+00 9.273971251898426971e+00
-1.000000000000000000e+00 9.022161163527647076e+00
-1.000000000000000000e+00 8.646838418043451213e+00
-1.000000000000000000e+00 8.227652535163382908e+00
-1.000000000000000000e+00 8.214110044271555111e+00
-1.000000000000000000e+00 8.214110043746384093e+00
-1.000000000000000000e+00 7.576834110584561799e+00
-1.000000000000000000e+00 7.364023873438507728e+00
-1.000000000000000000e+00 7.222641767591789552e+00
-1.000000000000000000e+00 7.187594031979931408e+00
-1.000000000000000000e+00 7.170025734811046547e+00
-1.000000000000000000e+00 7.170025715941368283e+00
-1.000000000000000000e+00 6.757482052147771867e+00
-1.000000000000000000e+00 6.757482035125364384e+00
-1.000000000000000000e+00 6.632863839761560243e+00
-1.000000000000000000e+00 5.807782225918350250e+00
-1.000000000000000000e+00 5.744313824678438429e+00
-1.000000000000000000e+00 5.744313820881469468e+00
-1.000000000000000000e+00 5.591010977664525150e+00
-1.000000000000000000e+00 3.496253980976887110e+00
-5.000000000000000000e-01 1.352478681382253889e+01
-5.000000000000000000e-01 1.352478680751348783e+01
-5.000000000000000000e-01 1.349534075034982372e+01
-5.000000000000000000e-01 1.349534074067721789e+01
-5.000000000000000000e-01 1.343571082480219125e+01
-5.000000000000000000e-01 1.343571082070148215e+01
-5.000000000000000000e-01 1.342263102122330132e+01
-5.000000000000000000e-01 1.342263101732578434e+01
-5.000000000000000000e-01 1.338106648278648869e+01
-5.000000000000000000e-01 1.338106647919144976e+01
-5.000000000000000000e-01 1.324493572947059761e+01
-5.000000000000000000e-01 1.324493572018361753e+01
-5.000000000000000000e-01 1.307064502206116074e+01
-5.000000000000000000e-01 1.307064501468131468e+01
-5.000000000000000000e-01 1.306257415533218769e+01
-5.000000000000000000e-01 1.306257415324061100e+01
-5.000000000000000000e-01 1.294962916026094923e+01
-5.000000000000000000e-01 1.294962915736524245e+01
-5.000000000000000000e-01 1.289889053491046056e+01
-5.000000000000000000e-01 1.289889053127012630e+01
-5.000000000000000000e-01 1.286357475313032239e+01
-5.000000000000000000e-01 1.286357474224544539e+01
-5.000000000000000000e-01 1.250683296598041139e+01
-5.000000000000000000e-01 1.250683296448062798e+01
-5.000000000000000000e-01 1.225826439563774883e+01
-5.000000000000000000e-01 1.225826439376622012e+01
-5.000000000000000000e-01 1.210701716452882160e+01
-5.000000000000000000e-01 1.210701716344285828e+01
-5.000000000000000000e-01 1.210590587369859428e+01
-5.000000000000000000e-01 1.210590586875692765e+01
-5.000000000000000000e-01 1.204904267479654578e+01
-5.000000000000000000e-01 1.204904267384766214e+01
-5.000000000000000000e-01 1.175058730414645325e+01
-5.000000000000000000e-01 1.175058729730321438e+01
-5.000000000000000000e-01 1.165310093939008240e+01
-5.000000000000000000e-01 1.165310093622241716e+01
-5.000000000000000000e-01 1.153780111858937474e+01
-5.000000000000000000e-01 1.153780111852108448e+01
-5.000000000000000000e-01 1.142923810255927641e+01
-5.000000000000000000e-01 1.142923810245716609e+01
-5.000000000000000000e-01 1.138960494968397441e+01
-5.000000000000000000e-01 1.138960494878107177e+01
-5.000000000000000000e-01 1.134101503307406134e+01
-5.000000000000000000e-01 1.134101502720308829e+01
-5.000000000000000000e-01 1.103071874150197651e+01
-5.000000000000000000e-01 1.103071873927418878e+01
-5.000000000000000000e-01 1.100539789670306590e+01
-5.000000000000000000e-01 1.100539789325446094e+01
-5.000000000000000000e-01 1.083594123283416621e+01
-5.000000000000000000e-01 1.083594120191274079e+01
-5.000000000000000000e-01 1.069508428347327111e+01
-5.000000000000000000e-01 1.069508428320865256e+01
-5.000000000000000000e-01 1.058929411615823390e+01
-5.000000000000000000e-01 1.058929411523246777e+01
-5.000000000000000000e-01 1.046917252097085083e+01
-5.000000000000000000e-01 1.046917250915262620e+01
-5.000000000000000000e-01 1.019960915534914214e+01
-5.000000000000000000e-01 1.019960915342038810e+01
-5.000000000000000000e-01 1.007752069801317241e+01
-5.000000000000000000e-01 1.007752068425345726e+01
-5.000000000000000000e-01 9.977593424658683929e+00
-5.000000000000000000e-01 9.977593422152660096e+00
-5.000000000000000000e-01 9.764944928929477186e+00
-5.000000000000000000e-01 9.764944926023909844e+00
-5.000000000000000000e-01 9.433890052932248693e+00
-5.000000000000000000e-01 9.433890040878658567e+00
-5.000000000000000000e-01 9.327330364258687112e+00
-5.000000000000000000e-01 9.327330356117911947e+00
-5.000000000000000000e-01 9.317817776639065741e+00
-5.000000000000000000e-01 9.317817761384414865e+00
-5.000000000000000000e-01 9.294075069328028960e+00
-5.000000000000000000e-01 9.294075063363301581e+00
-5.000000000000000000e-01 9.235496535150289787e+00
-5.000000000000000000e-01 9.235496523441891981e+00
-5.000000000000000000e-01 9.017751436423463218e+00
-5.000000000000000000e-01 9.017751390601905115e+00
-5.000000000000000000e-01 8.920723767658246928e+00
-5.000000000000000000e-01 8.920723755714281111e+00
-5.000000000000000000e-01 8.805117029101456438e+00
-5.000000000000000000e-01 8.805117027960610798e+00
-5.000000000000000000e-01 8.511714690449579734e+00
-5.000000000000000000e-01 8.511714686098647675e+00
-5.000000000000000000e-01 8.361384185393660573e+00
-5.000000000000000000e-01 8.361384180358907514e+00
-5.000000000000000000e-01 7.996338127405858032e+00
-5.000000000000000000e-01 7.996338118183932586e+00
-5.000000000000000000e-01 7.350910358486542506e+00
-5.000000000000000000e-01 7.350910347901677966e+00
-5.000000000000000000e-01 7.116000408216035744e+00
-5.000000000000000000e-01 7.116000404277380120e+00
-5.000000000000000000e-01 6.947029416630454257e+00
-5.000000000000000000e-01 6.947029413572248124e+00
-5.000000000000000000e-01 6.766960297419165826e+00
-5.000000000000000000e-01 6.766960279800565914e+00
-5.000000000000000000e-01 6.668537485003521503e+00
-5.000000000000000000e-01 6.668537480324390643e+00
-5.000000000000000000e-01 4.429542192082474905e+00
-5.000000000000000000e-01 4.429542174610149097e+00
-5.000000000000000000e-01 2.211115718395502583e+00
-5.000000000000000000e-01 2.211115691662105309e+00
0.000000000000000000e+00 1.275333063494357333e+01
0.000000000000000000e+00 1.267212426567423655e+01
0.000000000000000000e+00 1.264000751241993470e+01
0.000000000000000000e+00 1.264000750611452162e+01
0.000000000000000000e+00 1.258706284689934130e+01
0.000000000000000000e+00 1.258706284559928612e+01
0.000000000000000000e+00 1.242877771057216130e+01
0.000000000000000000e+00 1.242877770840817497e+01
0.000000000000000000e+00 1.239877374188320047e+01
0.000000000000000000e+00 1.238867865462436413e+01
0.000000000000000000e+00 1.238097815226470644e+01
0.000000000000000000e+00 1.238097814787425932e+01
0.000000000000000000e+00 1.237442013303243193e+01
0.000000000000000000e+00 1.235675788744704739e+01
0.000000000000000000e+00 1.235675788311002954e+01
0.000000000000000000e+00 1.235630130772457846e+01
0.000000000000000000e+00 1.235630130338953947e+01
0.000000000000000000e+00 1.235065259336219867e+01
0.000000000000000000e+00 1.233938539891305730e+01
0.000000000000000000e+00 1.233938539109879429e+01
0.000000000000000000e+00 1.232127447223843753e+01
0.000000000000000000e+00 1.225359730070067421e+01
0.000000000000000000e+00 1.214802719096494066e+01
0.000000000000000000e+00 1.214802718178783891e+01
0.000000000000000000e+00 1.213180269195118122e+01
0.000000000000000000e+00 1.212967807418578658e+01
0.000000000000000000e+00 1.207293385166271271e+01
0.000000000000000000e+00 1.202648601463293510e+01
0.000000000000000000e+00 1.202648601429895692e+01
0.000000000000000000e+00 1.202603519611737326e+01
0.000000000000000000e+00 1.192682917832546607e+01
0.000000000000000000e+00 1.184059170971922370e+01
0.000000000000000000e+00 1.184059170873318578e+01
0.000000000000000000e+00 1.173730465097339781e+01
0.000000000000000000e+00 1.162019251608074200e+01
0.000000000000000000e+00 1.162019249808552424e+01
0.000000000000000000e+00 1.159627635825833458e+01
0.000000000000000000e+00 1.146392713552778098e+01
0.000000000000000000e+00 1.137596730692184366e+01
0.000000000000000000e+00 1.137596729346494939e+01
0.000000000000000000e+00 1.135923926301771303e+01
0.000000000000000000e+00 1.126677771821594654e+01
0.000000000000000000e+00 1.122931204372044078e+01
0.000000000000000000e+00 1.122931203970734337e+01
0.000000000000000000e+00 1.111210987068198897e+01
0.000000000000000000e+00 1.102466016814047833e+01
0.000000000000000000e+00 1.101273496149455866e+01
0.000000000000000000e+00 1.101103234093577043e+01
0.000000000000000000e+00 1.101103233139179771e+01
0.000000000000000000e+00 1.101041096017443088e+01
0.000000000000000000e+00 1.101041095639951628e+01
0.000000000000000000e+00 1.087955692117250273e+01
0.000000000000000000e+00 1.087955691925136215e+01
0.000000000000000000e+00 1.070446296496290017e+01
0.000000000000000000e+00 1.070446295883911425e+01
0.000000000000000000e+00 1.070215187114426492e+01
0.000000000000000000e+00 1.063002258559266622e+01
0.000000000000000000e+00 1.052180542834686960e+01
0.000000000000000000e+00 1.051932691701829015e+01
0.000000000000000000e+00 1.051932690947961291e+01
0.000000000000000000e+00 1.044937946998853739e+01
0.000000000000000000e+00 1.038826501297675797e+01
0.000000000000000000e+00 1.038826501127491930e+01
0.000000000000000000e+00 1.032784238010860101e+01
0.000000000000000000e+00 1.032784237837756791e+01
0.000000000000000000e+00 1.030374317703340026e+01
0.000000000000000000e+00 1.030374316727223238e+01
0.000000000000000000e+00 1.029970765844693936e+01
0.000000000000000000e+00 1.026566915497455668e+01
0.000000000000000000e+00 1.016328306441708307e+01
0.000000000000000000e+00 1.013627098635063639e+01
0.000000000000000000e+00 1.013278292887283527e+01
0.000000000000000000e+00 1.013278292229326816e+01
0.000000000000000000e+00 9.600742775860222622e+00
0.000000000000000000e+00 9.600742774004887181e+00
0.000000000000000000e+00 9.495416881485848393e+00
0.000000000000000000e+00 9.236587748997866498e+00
0.000000000000000000e+00 9.057353382630095595e+00
0.000000000000000000e+00 8.986436447992250720e+00
0.000000000000000000e+00 8.185757008054414641e+00
0.000000000000000000e+00 8.123649219888401163e+00
0.000000000000000000e+00 8.123649195588910743e+00
0.000000000000000000e+00 8.104801174001213582e+00
0.000000000000000000e+00 8.104801173408404225e+00
0.000000000000000000e+00 7.917428961538399257e+00
0.000000000000000000e+00 7.832981260678477220e+00
0.000000000000000000e+00 6.874411655533003263e+00
0.000000000000000000e+00 6.477102390208796301e+00
0.000000000000000000e+00 6.375410688124289571e+00
0.000000000000000000e+00 6.349603044429874110e+00
0.000000000000000000e+00 6.349603012720002049e+00
0.000000000000000000e+00 6.308350010947293640e+00
0.000000000000000000e+00 6.170259584598860592e+00
0.000000000000000000e+00 6.116525138514608884e+00
0.000000000000000000e+00 6.116525111828396533e+00
0.000000000000000000e+00 5.429359151273346562e+00
0.000000000000000000e+00 5.429359113089485156e+00
0.000000000000000000e+00 5.418236416967434188e+00
0.000000000000000000e+00 4.050908187371546454e+00
0.000000000000000000e+00 1.011390725151973147e+00
5.000000000000000000e-01 1.399809134328067195e+01
5.000000000000000000e-01 1.399809134168153690e+01
5.000000000000000000e-01 1.377943840605595938e+01
5.000000000000000000e-01 1.377943840562760336e+01
5.000000000000000000e-01 1.368788292635066028e+01
5.000000000000000000e-01 1.368788292498258308e+01
5.000000000000000000e-01 1.359534514622533941e+01
5.000000000000000000e-01 1.359534514408735362e+01
5.000000000000000000e-01 1.353196440653594124e+01
5.000000000000000000e-01 1.353196440018144209e+01
5.000000000000000000e-01 1.340652196779322658e+01
5.000000000000000000e-01 1.340652196631813631e+01
5.000000000000000000e-01 1.330351851417460018e+01
5.000000000000000000e-01 1.330351849953674126e+01
5.000000000000000000e-01 1.327939698061238438e+01
5.000000000000000000e-01 1.327939697502668714e+01
5.000000000000000000e-01 1.322188382612750068e+01
5.000000000000000000e-01 1.322188382244830684e+01
5.000000000000000000e-01 1.319704072986631083e+01
5.000000000000000000e-01 1.319704072029586506e+01
5.000000000000000000e-01 1.309570886076123664e+01
5.000000000000000000e-01 1.309570885978831711e+01
5.000000000000000000e-01 1.307397807874072093e+01
5.000000000000000000e-01 1.307397807556737135e+01
5.000000000000000000e-01 1.296867545422068524e+01
5.000000000000000000e-01 1.296867544879394174e+01
5.000000000000000000e-01 1.294175129736450636e+01
5.000000000000000000e-01 1.294175129476955277e+01
5.000000000000000000e-01 1.277948126443284416e+01
5.000000000000000000e-01 1.277948125198324192e+01
5.000000000000000000e-01 1.276444134618457760e+01
5.000000000000000000e-01 1.276444134261411456e+01
5.000000000000000000e-01 1.271401910954766912e+01
5.000000000000000000e-01 1.271401909788694162e+01
5.000000000000000000e-01 1.224195930284341216e+01
5.000000000000000000e-01 1.224195929538630168e+01
5.000000000000000000e-01 1.214388119850579351e+01
5.000000000000000000e-01 1.214388118857377030e+01
5.000000000000000000e-01 1.205745832136604889e+01
5.000000000000000000e-01 1.205745831887810127e+01
5.000000000000000000e-01 1.187969549209875453e+01
5.000000000000000000e-01 1.187969548918288787e+01
5.000000000000000000e-01 1.184302097133052278e+01
5.000000000000000000e-01 1.184302097095985928e+01
5.000000000000000000e-01 1.169214617215747509e+01
5.000000000000000000e-01 1.169214616424174302e+01
5.000000000000000000e-01 1.164962496414218585e+01
5.000000000000000000e-01 1.164962496139282422e+01
5.000000000000000000e-01 1.150860414684324873e+01
5.000000000000000000e-01 1.150860414454394132e+01
5.000000000000000000e-01 1.124286790345725784e+01
5.000000000000000000e-01 1.124286788730442765e+01
5.000000000000000000e-01 1.087031152124523281e+01
5.000000000000000000e-01 1.087031152055624972e+01
5.000000000000000000e-01 1.067328111042129279e+01
5.000000000000000000e-01 1.067328111019114978e+01
5.000000000000000000e-01 1.058238894705736399e+01
5.000000000000000000e-01 1.058238894167670630e+01
5.000000000000000000e-01 1.041671081076175120e+01
5.000000000000000000e-01 1.041671080452957909e+01
5.000000000000000000e-01 1.030901502526739044e+01
5.000000000000000000e-01 1.030901500925253522e+01
5.000000000000000000e-01 1.004298555899728562e+01
5.000000000000000000e-01 1.004298555218120548e+01
5.000000000000000000e-01 9.975457128431770570e+00
5.000000000000000000e-01 9.975457126620687731e+00
5.000000000000000000e-01 9.870602127620685451e+00
5.000000000000000000e-01 9.870602121789350036e+00
5.000000000000000000e-01 9.664294611587056494e+00
5.000000000000000000e-01 9.664294609134508107e+00
5.000000000000000000e-01 9.602233405542559552e+00
5.000000000000000000e-01 9.602233402370147886e+00
5.000000000000000000e-01 9.457542485904616214e+00
5.000000000000000000e-01 9.457542484255593962e+00
5.000000000000000000e-01 9.388100240161710630e+00
5.000000000000000000e-01 9.388100238827549404e+00
5.000000000000000000e-01 9.270769759995424408e+00
5.000000000000000000e-01 9.270769753191572704e+00
5.000000000000000000e-01 9.249838056686579435e+00
5.000000000000000000e-01 9.249838051820766793e+00
5.000000000000000000e-01 9.233851604921987644e+00
5.000000000000000000e-01 9.233851598496590540e+00
5.000000000000000000e-01 9.056850532353017513e+00
5.000000000000000000e-01 9.056850528438321390e+00
5.000000000000000000e-01 8.896804426701175217e+00
5.000000000000000000e-01 8.896804368340117009e+00
5.000000000000000000e-01 8.733186900012674059e+00
5.000000000000000000e-01 8.733186890023647564e+00
5.000000000000000000e-01 8.564091768281995698e+00
5.000000000000000000e-01 8.564091766638506797e+00
5.000000000000000000e-01 8.369319659507221232e+00
5.000000000000000000e-01 8.369319658273338902e+00
5.000000000000000000e-01 7.418244206196220603e+00
5.000000000000000000e-01 7.418244198932072209e+00
5.000000000000000000e-01 6.381610134567265114e+00
5.000000000000000000e-01 6.381610134042525750e+00
5.000000000000000000e-01 5.049479378161287890e+00
5.000000000000000000e-01 5.049479334666897579e+00
5.000000000000000000e-01 4.392986033161211168e+00
5.000000000000000000e-01 4.392985982619105556e+00
1.000000000000000000e+00 1.394062406196290738e+01
1.000000000000000000e+00 1.387950705897755377e+01
1.000000000000000000e+00 1.383125821886984141e+01
1.000000000000000000e+00 1.380335349253377686e+01
1.000000000000000000e+00 1.373735614690811779e+01
1.000000000000000000e+00 1.373735614567600827e+01
1.000000000000000000e+00 1.367246830870512220e+01
1.000000000000000000e+00 1.366929047577253797e+01
1.000000000000000000e+00 1.365313500827125281e+01
1.000000000000000000e+00 1.365313500241953903e+01
1.000000000000000000e+00 1.362005980920592840e+01
1.000000000000000000e+00 1.355750468207270210e+01
1.000000000000000000e+00 1.353923547948124373e+01
1.000000000000000000e+00 1.350642164556206559e+01
1.000000000000000000e+00 1.350304057324992613e+01
1.000000000000000000e+00 1.350304055895378141e+01
1.000000000000000000e+00 1.344518388145259280e+01
1.000000000000000000e+00 1.344518388068597403e+01
1.000000000000000000e+00 1.336545149141450395e+01
1.000000000000000000e+00 1.336545148688415097e+01
1.000000000000000000e+00 1.335321860881413514e+01
1.000000000000000000e+00 1.328210645055864703e+01
1.000000000000000000e+00 1.315594453376388451e+01
1.000000000000000000e+00 1.312477572444968388e+01
1.000000000000000000e+00 1.312477572333678033e+01
1.000000000000000000e+00 1.312259680380626037e+01
1.000000000000000000e+00 1.312259680047481503e+01
1.000000000000000000e+00 1.307202889644617017e+01
1.000000000000000000e+00 1.300366375473953440e+01
1.000000000000000000e+00 1.300366375099288341e+01
1.000000000000000000e+00 1.297640230834901587e+01
1.000000000000000000e+00 1.292336770985894034e+01
1.000000000000000000e+00 1.292336770740224416e+01
1.000000000000000000e+00 1.290718861495920677e+01
1.000000000000000000e+00 1.270896386077505014e+01
1.000000000000000000e+00 1.268906745463679542e+01
1.000000000000000000e+00 1.268906744830225897e+01
1.000000000000000000e+00 1.259810225413853502e+01
1.000000000000000000e+00 1.259810225288977215e+01
1.000000000000000000e+00 1.258055060783913071e+01
1.000000000000000000e+00 1.257638697370920511e+01
1.000000000000000000e+00 1.251676024980000435e+01
1.000000000000000000e+00 1.244162693422160082e+01
1.000000000000000000e+00 1.244162691460627279e+01
1.000000000000000000e+00 1.235279747373763470e+01
1.000000000000000000e+00 1.221583238541192351e+01
1.000000000000000000e+00 1.215813043276420657e+01
1.000000000000000000e+00 1.214449778922845802e+01
1.000000000000000000e+00 1.212900954048007129e+01
1.000000000000000000e+00 1.212900952756990591e+01
1.000000000000000000e+00 1.199067034269340404e+01
1.000000000000000000e+00 1.199067033445866137e+01
1.000000000000000000e+00 1.195062853869237429e+01
1.000000000000000000e+00 1.194972230458708573e+01
1.000000000000000000e+00 1.194972229853853385e+01
1.000000000000000000e+00 1.190593989169896183e+01
1.000000000000000000e+00 1.190593988488978638e+01
1.000000000000000000e+00 1.186144171784523316e+01
1.000000000000000000e+00 1.186144171532820124e+01
1.000000000000000000e+00 1.177616683435154421e+01
1.000000000000000000e+00 1.173372613670775877e+01
1.000000000000000000e+00 1.173372612518845948e+01
1.000000000000000000e+00 1.160511912249428157e+01
1.000000000000000000e+00 1.148540010451622351e+01
1.000000000000000000e+00 1.148540009781972415e+01
1.000000000000000000e+00 1.147135377540579171e+01
1.000000000000000000e+00 1.129893894203654270e+01
1.000000000000000000e+00 1.126886314360918817e+01
1.000000000000000000e+00 1.121743315138661501e+01
1.000000000000000000e+00 1.121743312879860177e+01
1.000000000000000000e+00 1.116038504232151674e+01
1.000000000000000000e+00 1.080010740506184774e+01
1.000000000000000000e+00 1.080010740156745008e+01
1.000000000000000000e+00 1.070831459997044810e+01
1.000000000000000000e+00 1.033076380942156547e+01
1.000000000000000000e+00 1.026709563925424540e+01
1.000000000000000000e+00 1.018979318551797419e+01
1.000000000000000000e+00 1.018979318525188660e+01
1.000000000000000000e+00 1.018978760039065179e+01
1.000000000000000000e+00 1.018978759194687100e+01
1.000000000000000000e+00 9.988114588301518992e+00
1.000000000000000000e+00 9.715497490394692903e+00
1.000000000000000000e+00 9.520710216814865845e+00
1.000000000000000000e+00 9.520710208899798133e+00
1.000000000000000000e+00 9.289600936072600845e+00
1.000000000000000000e+00 9.284916774741031276e+00
1.000000000000000000e+00 8.681978466809049166e+00
1.000000000000000000e+00 8.641574750033562680e+00
1.000000000000000000e+00 8.628800070467866234e+00
1.000000000000000000e+00 8.628800068570523507e+00
1.000000000000000000e+00 8.365443277735915117e+00
1.000000000000000000e+00 7.846489060954673356e+00
1.000000000000000000e+00 7.435078594670007313e+00
1.000000000000000000e+00 7.344057967577175106e+00
1.000000000000000000e+00 7.344057960723705314e+00
1.000000000000000000e+00 6.141752971223221280e+00
1.000000000000000000e+00 5.677766905300374312e+00
1.000000000000000000e+00 5.398692637635879699e+00
1.000000000000000000e+00 5.051167223748931789e+00
1.000000000000000000e+00 5.051167212783421512e+00
1.500000000000000000e+00 1.515351702089093244e+01
1.500000000000000000e+00 1.515351701750569546e+01
1.500000000000000000e+00 1.505949580671203414e+01
1.500000000000000000e+00 1.505949579823802686e+01
1.500000000000000000e+00 1.503728680473084722e+01
1.500000000000000000e+00 1.503728680397740369e+01
1.500000000000000000e+00 1.478938127080632725e+01
1.500000000000000000e+00 1.478938126786626306e+01
1.500000000000000000e+00 1.467018155168607763e+01
1.500000000000000000e+00 1.467018154490088122e+01
1.500000000000000000e+00 1.466584412460314724e+01
1.500000000000000000e+00 1.466584412252442959e+01
1.500000000000000000e+00 1.457284903239873586e+01
1.500000000000000000e+00 1.457284901203691518e+01
1.500000000000000000e+00 1.450694889228708107e+01
1.500000000000000000e+00 1.450694887943048172e+01
1.500000000000000000e+00 1.448212899669332110e+01
1.500000000000000000e+00 1.448212898934145088e+01
1.500000000000000000e+00 1.446258779362321789e+01
1.500000000000000000e+00 1.446258778302086334e+01
1.500000000000000000e+00 1.431580646554781389e+01
1.500000000000000000e+00 1.431580645419567688e+01
1.500000000000000000e+00 1.425919244864406288e+01
1.500000000000000000e+00 1.425919244449155876e+01
1.500000000000000000e+00 1.419632401289720747e+01
1.500000000000000000e+00 1.419632400769790159e+01
1.500000000000000000e+00 1.408133530422130164e+01
1.500000000000000000e+00 1.408133529553154339e+01
1.500000000000000000e+00 1.399106783404240595e+01
1.500000000000000000e+00 1.399106781472242744e+01
1.500000000000000000e+00 1.389964667114733565e+01
1.500000000000000000e+00 1.389964666993966169e+01
1.500000000000000000e+00 1.378076550725623051e+01
1.500000000000000000e+00 1.378076550296698777e+01
1.500000000000000000e+00 1.370156220817264803e+01
1.500000000000000000e+00 1.370156220559694127e+01
1.500000000000000000e+00 1.361357810879534647e+01
1.500000000000000000e+00 1.361357810625513487e+01
1.500000000000000000e+00 1.344434113856680035e+01
1.500000000000000000e+00 1.344434112922193059e+01
1.500000000000000000e+00 1.340340067462727625e+01
1.500000000000000000e+00 1.340340066771595495e+01
1.500000000000000000e+00 1.325421987389428757e+01
1.500000000000000000e+00 1.325421987085420028e+01
1.500000000000000000e+00 1.310603792758790220e+01
1.500000000000000000e+00 1.310603792551263780e+01
1.500000000000000000e+00 1.291737991430883525e+01
1.500000000000000000e+00 1.291737991331393509e+01
1.500000000000000000e+00 1.281249844399641269e+01
1.500000000000000000e+00 1.281249843902857499e+01
1.500000000000000000e+00 1.278451366250143728e+01
1.500000000000000000e+00 1.278451365616603930e+01
1.500000000000000000e+00 1.269858215547728975e+01
1.500000000000000000e+00 1.269858215169836946e+01
1.500000000000000000e+00 1.246305355093895884e+01
1.500000000000000000e+00 1.246305354950341915e+01
1.500000000000000000e+00 1.229981206970804131e+01
1.500000000000000000e+00 1.229981205741720807e+01
1.500000000000000000e+00 1.227252922237038213e+01
1.500000000000000000e+00 1.227252920874922992e+01
1.500000000000000000e+00 1.202719091257283957e+01
1.500000000000000000e+00 1.202719090793097045e+01
1.500000000000000000e+00 1.155906962046427289e+01
1.500000000000000000e+00 1.155906962020848994e+01
1.500000000000000000e+00 1.099236718532900348e+01
1.500000000000000000e+00 1.099236717886411974e+01
1.500000000000000000e+00 1.098559693439592344e+01
1.500000000000000000e+00 1.098559693410762250e+01
1.500000000000000000e+00 1.089629270991477838e+01
1.500000000000000000e+00 1.089629269910425791e+01
1.500000000000000000e+00 1.082112652082088111e+01
1.500000000000000000e+00 1.082112651931449854e+01
1.500000000000000000e+00 1.074733532142289150e+01
1.500000000000000000e+00 1.074733530617080923e+01
1.500000000000000000e+00 1.030316702978376142e+01
1.500000000000000000e+00 1.030316702123027284e+01
1.500000000000000000e+00 1.027844430224521410e+01
1.500000000000000000e+00 1.027844429918261504e+01
1.500000000000000000e+00 9.772244527047442730e+00
1.500000000000000000e+00 9.772244522712661308e+00
1.500000000000000000e+00 9.470055346642874738e+00
1.500000000000000000e+00 9.470055338108249288e+00
1.500000000000000000e+00 9.338846982663692842e+00
1.500000000000000000e+00 9.338846967572166591e+00
1.500000000000000000e+00 9.137987280410037272e+00
1.500000000000000000e+00 9.137987251303515635e+00
1.500000000000000000e+00 8.996755875906659483e+00
1.500000000000000000e+00 8.996755864141833925e+00
1.500000000000000000e+00 8.823544139433602496e+00
1.500000000000000000e+00 8.823544120311984429e+00
1.500000000000000000e+00 8.756439502717302759e+00
1.500000000000000000e+00 8.756439475815701812e+00
1.500000000000000000e+00 8.489706832446074714e+00
1.500000000000000000e+00 8.489706806695410890e+00
1.500000000000000000e+00 8.429216307811023157e+00
1.500000000000000000e+00 8.429216303964254919e+00
1.500000000000000000e+00 7.957860267921454067e+00
1.500000000000000000e+00 7.957860264544152074e+00
1.500000000000000000e+00 3.957577855433913605e+00
1.500000000000000000e+00 3.957577855317071958e+00
2.000000000000000000e+00 1.680761290047751189e+01
2.000000000000000000e+00 1.678255672970250245e+01
2.000000000000000000e+00 1.678255670812595213e+01
2.000000000000000000e+00 1.670631306132488803e+01
2.000000000000000000e+00 1.670631304133226180e+01
2.000000000000000000e+00 1.668628859578039325e+01
2.000000000000000000e+00 1.668628858794188830e+01
2.000000000000000000e+00 1.666596770057862997e+01
2.000000000000000000e+00 1.662057883818229342e+01
2.000000000000000000e+00 1.648382169971277023e+01
2.000000000000000000e+00 1.633482473652054878e+01
2.000000000000000000e+00 1.633482472273149355e+01
2.000000000000000000e+00 1.628802786685871951e+01
2.000000000000000000e+00 1.622905852329734344e+01
2.000000000000000000e+00 1.609467950612229359e+01
2.000000000000000000e+00 1.609467949527701336e+01
2.000000000000000000e+00 1.598440706419062352e+01
2.000000000000000000e+00 1.596804110283128963e+01
2.000000000000000000e+00 1.592415746425412060e+01
2.000000000000000000e+00 1.578200330937848328e+01
2.000000000000000000e+00 1.578200329351212794e+01
2.000000000000000000e+00 1.577334931445571797e+01
2.000000000000000000e+00 1.545937111116486484e+01
2.000000000000000000e+00 1.526876203617490546e+01
2.000000000000000000e+00 1.526876203142648336e+01
2.000000000000000000e+00 1.526714830842137793e+01
2.000000000000000000e+00 1.526714830273246015e+01
2.000000000000000000e+00 1.513858406496833631e+01
2.000000000000000000e+00 1.512504962211436244e+01
2.000000000000000000e+00 1.507822564533480580e+01
2.000000000000000000e+00 1.501715318627861606e+01
2.000000000000000000e+00 1.501715317077166922e+01
2.000000000000000000e+00 1.494221806577693101e+01
2.000000000000000000e+00 1.485455811494288092e+01
2.000000000000000000e+00 1.485455811117719449e+01
2.000000000000000000e+00 1.466985127543183154e+01
2.000000000000000000e+00 1.462044802268024490e+01
2.000000000000000000e+00 1.454481722289803969e+01
2.000000000000000000e+00 1.454481721921450976e+01
2.000000000000000000e+00 1.454138830980490305e+01
2.000000000000000000e+00 1.451273673754079674e+01
2.000000000000000000e+00 1.450193868795988195e+01
2.000000000000000000e+00 1.450193868178426726e+01
2.000000000000000000e+00 1.437829534272429477e+01
2.000000000000000000e+00 1.437829533999561527e+01
2.000000000000000000e+00 1.420601774569364473e+01
2.000000000000000000e+00 1.401178018115918711e+01
2.000000000000000000e+00 1.397482207792659459e+01
2.000000000000000000e+00 1.389766136298445254e+01
2.000000000000000000e+00 1.389766136177917311e+01
2.000000000000000000e+00 1.380970232791933583e+01
2.000000000000000000e+00 1.365474392920218349e+01
2.000000000000000000e+00 1.334430673234772335e+01
2.000000000000000000e+00 1.334430673082299812e+01
2.000000000000000000e+00 1.320186004193210039e+01
2.000000000000000000e+00 1.320186003520042384e+01
2.000000000000000000e+00 1.312864941625626436e+01
2.000000000000000000e+00 1.309632990701148714e+01
2.000000000000000000e+00 1.297281103490161591e+01
2.000000000000000000e+00 1.289497768871822458e+01
2.000000000000000000e+00 1.287692261327989485e+01
2.000000000000000000e+00 1.278344022107922129e+01
2.000000000000000000e+00 1.278344021870599612e+01
2.000000000000000000e+00 1.254140620517854465e+01
2.000000000000000000e+00 1.243562773826094414e+01
2.000000000000000000e+00 1.243562773541166600e+01
2.000000000000000000e+00 1.242703777916110219e+01
2.000000000000000000e+00 1.242703777600385351e+01
2.000000000000000000e+00 1.240058819702622728e+01
2.000000000000000000e+00 1.240058817949426029e+01
2.000000000000000000e+00 1.235630171170898706e+01
2.000000000000000000e+00 1.235552443684659174e+01
2.000000000000000000e+00 1.235552441560077064e+01
2.000000000000000000e+00 1.229590353863711805e+01
2.000000000000000000e+00 1.209062078120425454e+01
2.000000000000000000e+00 1.194194168252257882e+01
2.000000000000000000e+00 1.185028644295039513e+01
2.000000000000000000e+00 1.173868265484276918e+01
2.000000000000000000e+00 1.173868264014947194e+01
2.000000000000000000e+00 1.173797022334711215e+01
2.000000000000000000e+00 1.158469729660534675e+01
2.000000000000000000e+00 1.158469728374658558e+01
2.000000000000000000e+00 1.157122614593316179e+01
2.000000000000000000e+00 1.143561195714097423e+01
2.000000000000000000e+00 1.143561195101634631e+01
2.000000000000000000e+00 1.142401622286321228e+01
2.000000000000000000e+00 1.131163983858266775e+01
2.000000000000000000e+00 1.075604368222266238e+01
2.000000000000000000e+00 1.046883084828485799e+01
2.000000000000000000e+00 1.044198311237333954e+01
2.000000000000000000e+00 1.044198309964323990e+01
2.000000000000000000e+00 8.857165058082635767e+00
2.000000000000000000e+00 7.981343609346609469e+00
2.000000000000000000e+00 7.981343591901959300e+00
2.000000000000000000e+00 7.975474637724369487e+00
2.000000000000000000e+00 7.772791467551747324e+00
2.000000000000000000e+00 7.591901091534735357e+00
2.000000000000000000e+00 7.591901071136089918e+00
2.000000000000000000e+00 7.579714352469160588e+00
2.000000000000000000e+00 7.062962641012680010e+00
2.500000000000000000e+00 1.959937028045516882e+01
2.500000000000000000e+00 1.959937020828818177e+01
2.500000000000000000e+00 1.937606986484364668e+01
2.500000000000000000e+00 1.937606969167005388e+01
2.500000000000000000e+00 1.911838796131809204e+01
2.500000000000000000e+00 1.911838787209431700e+01
2.500000000000000000e+00 1.893448786227433089e+01
2.500000000000000000e+00 1.893448782515639550e+01
2.500000000000000000e+00 1.893227196572653881e+01
2.500000000000000000e+00 1.893227192869076347e+01
2.500000000000000000e+00 1.882448275108996327e+01
2.500000000000000000e+00 1.882448271783862026e+01
2.500000000000000000e+00 1.879935774716694041e+01
2.500000000000000000e+00 1.879935758503539489e+01
2.500000000000000000e+00 1.857627325888177339e+01
2.500000000000000000e+00 1.857627320699661055e+01
2.500000000000000000e+00 1.816727173121531891e+01
2.500000000000000000e+00 1.816727171398132157e+01
2.500000000000000000e+00 1.798119063613135182e+01
2.500000000000000000e+00 1.798119056459247744e+01
2.500000000000000000e+00 1.781469284112176510e+01
2.500000000000000000e+00 1.781469282900844675e+01
2.500000000000000000e+00 1.778187731983973308e+01
2.500000000000000000e+00 1.778187727295068754e+01
2.500000000000000000e+00 1.772387784494283736e+01
2.500000000000000000e+00 1.772387784494283736e+01
2.500000000000000000e+00 1.751394996741586141e+01
2.500000000000000000e+00 1.751394994051455711e+01
2.500000000000000000e+00 1.743684790465110268e+01
2.500000000000000000e+00 1.743684784653920161e+01
2.500000000000000000e+00 1.741484937967288360e+01
2.500000000000000000e+00 1.741484935530967704e+01
2.500000000000000000e+00 1.673437862246407803e+01
2.500000000000000000e+00 1.673437861835174445e+01
2.500000000000000000e+00 1.671518544404399975e+01
2.500000000000000000e+00 1.671518542790736106e+01
2.500000000000000000e+00 1.635139025244697208e+01
2.500000000000000000e+00 1.635139024123146712e+01
2.500000000000000000e+00 1.625216353277190606e+01
2.500000000000000000e+00 1.625216353023289173e+01
2.500000000000000000e+00 1.609350110956749802e+01
2.500000000000000000e+00 1.609350109656849170e+01
2.500000000000000000e+00 1.590831286278373646e+01
2.500000000000000000e+00 1.590831284478124097e+01
2.500000000000000000e+00 1.587211903421651371e+01
2.500000000000000000e+00 1.587211903074399899e+01
2.500000000000000000e+00 1.581698331567637794e+01
2.500000000000000000e+00 1.581698331239014088e+01
2.500000000000000000e+00 1.580670944459793859e+01
2.500000000000000000e+00 1.580670944297161462e+01
2.500000000000000000e+00 1.577167653399111202e+01
2.500000000000000000e+00 1.577167653242077705e+01
2.500000000000000000e+00 1.571628254303440997e+01
2.500000000000000000e+00 1.571628251926299669e+01
2.500000000000000000e+00 1.537955760004921402e+01
2.500000000000000000e+00 1.537955759368348119e+01
2.500000000000000000e+00 1.535387250115462088e+01
2.500000000000000000e+00 1.535387249908651697e+01
2.500000000000000000e+00 1.533379025547954733e+01
2.500000000000000000e+00 1.533379025041208266e+01
2.500000000000000000e+00 1.530289462842267767e+01
2.500000000000000000e+00 1.530289462645735910e+01
2.500000000000000000e+00 1.482462219941548476e+01
2.500000000000000000e+00 1.482462219758817135e+01
2.500000000000000000e+00 1.461716930522467628e+01
2.500000000000000000e+00 1.461716930126475944e+01
2.500000000000000000e+00 1.429532362908583920e+01
2.500000000000000000e+00 1.429532361868140633e+01
2.500000000000000000e+00 1.424370769399033598e+01
2.500000000000000000e+00 1.424370768922018726e+01
2.500000000000000000e+00 1.419580822334017256e+01
2.500000000000000000e+00 1.419580821749396904e+01
2.500000000000000000e+00 1.417939454714069747e+01
2.500000000000000000e+00 1.417939454394568166e+01
2.500000000000000000e+00 1.416783429167516850e+01
2.500000000000000000e+00 1.416783428346360552e+01
2.500000000000000000e+00 1.396764537712387444e+01
2.500000000000000000e+00 1.396764536549000901e+01
2.500000000000000000e+00 1.388118598413978333e+01
2.500000000000000000e+00 1.388118598271708137e+01
2.500000000000000000e+00 1.274019982421399000e+01
2.500000000000000000e+00 1.274019982322911204e+01
2.500000000000000000e+00 1.225844502608546982e+01
2.500000000000000000e+00 1.225844502313727880e+01
2.500000000000000000e+00 1.211095377105169213e+01
2.500000000000000000e+00 1.211095377068827617e+01
2.500000000000000000e+00 1.154830474456381495e+01
2.500000000000000000e+00 1.154830474159628650e+01
2.500000000000000000e+00 1.154438310283551594e+01
2.500000000000000000e+00 1.154438310210226604e+01
2.500000000000000000e+00 1.136682922571779919e+01
2.500000000000000000e+00 1.136682922569861276e+01
2.500000000000000000e+00 1.107397220040867403e+01
2.500000000000000000e+00 1.107397219987900172e+01
2.500000000000000000e+00 1.030551598765877941e+01
2.500000000000000000e+00 1.030551598675594605e+01
2.500000000000000000e+00 9.268408836527243011e+00
2.500000000000000000e+00 9.268408833917543888e+00
2.500000000000000000e+00 7.774212981936262423e+00
2.500000000000000000e+00 7.774212977742672948e+00
3.000000000000000000e+00 2.531937330218541149e+01
3.000000000000000000e+00 2.473719874117388429e+01
3.000000000000000000e+00 2.473717415483896787e+01
3.000000000000000000e+00 2.457943509176066854e+01
3.000000000000000000e+00 2.399541653845098210e+01
3.000000000000000000e+00 2.399539897399675326e+01
3.000000000000000000e+00 2.392510679845509713e+01
3.000000000000000000e+00 2.360677065541177910e+01
3.000000000000000000e+00 2.356378210149382824e+01
3.000000000000000000e+00 2.356378210149382824e+01
3.000000000000000000e+00 2.356083197244557326e+01
3.000000000000000000e+00 2.356082818122792943e+01
3.000000000000000000e+00 2.340363184451184964e+01
3.000000000000000000e+00 2.318881396450776933e+01
3.000000000000000000e+00 2.316046894530998657e+01
3.000000000000000000e+00 2.268373559747700341e+01
3.000000000000000000e+00 2.236122289706919730e+01
3.000000000000000000e+00 2.236122061238889458e+01
3.000000000000000000e+00 2.228293592691742830e+01
3.000000000000000000e+00 2.202965269319734531e+01
3.000000000000000000e+00 2.201533167566936910e+01
3.000000000000000000e+00 2.196361859341580569e+01
3.000000000000000000e+00 2.196361552313634391e+01
3.000000000000000000e+00 2.152366805078843370e+01
3.000000000000000000e+00 2.126790564696431574e+01
3.000000000000000000e+00 2.126790526416230875e+01
3.000000000000000000e+00 2.089188439734320468e+01
3.000000000000000000e+00 2.030663369435031029e+01
3.000000000000000000e+00 1.999946211565474030e+01
3.000000000000000000e+00 1.990501724589707422e+01
3.000000000000000000e+00 1.950712125658451157e+01
3.000000000000000000e+00 1.942801664431522468e+01
3.000000000000000000e+00 1.938690342930044608e+01
3.000000000000000000e+00 1.937309812323111302e+01
3.000000000000000000e+00 1.937309800812462157e+01
3.000000000000000000e+00 1.923706070278447200e+01
3.000000000000000000e+00 1.923706055208533883e+01
3.000000000000000000e+00 1.897294321593251354e+01
3.000000000000000000e+00 1.892568162130937637e+01
3.000000000000000000e+00 1.892568158451687665e+01
3.000000000000000000e+00 1.882014204521903622e+01
3.000000000000000000e+00 1.882014201211171667e+01
3.000000000000000000e+00 1.881918761942168672e+01
3.000000000000000000e+00 1.881403514724270920e+01
3.000000000000000000e+00 1.879139325199184896e+01
3.000000000000000000e+00 1.872064809280552566e+01
3.000000000000000000e+00 1.872064800288980635e+01
3.000000000000000000e+00 1.858717879078910684e+01
3.000000000000000000e+00 1.827340548202713322e+01
3.000000000000000000e+00 1.812822446481105843e+01
3.000000000000000000e+00 1.804036762707907826e+01
3.000000000000000000e+00 1.804036756635899863e+01
3.000000000000000000e+00 1.803323262029691421e+01
3.000000000000000000e+00 1.790012117072832964e+01
3.000000000000000000e+00 1.787923487149294743e+01
3.000000000000000000e+00 1.786282603774728628e+01
3.000000000000000000e+00 1.785860915325504550e+01
3.000000000000000000e+00 1.785860911528362038e+01
3.000000000000000000e+00 1.784478854694580363e+01
3.000000000000000000e+00 1.784478854694580363e+01
3.000000000000000000e+00 1.770979562535675811e+01
3.000000000000000000e+00 1.770979559263565051e+01
3.000000000000000000e+00 1.770979558172861346e+01
3.000000000000000000e+00 1.770979558172861346e+01
3.000000000000000000e+00 1.770678918562936843e+01
3.000000000000000000e+00 1.688189480780130225e+01
3.000000000000000000e+00 1.648684440812950314e+01
3.000000000000000000e+00 1.646729564639864307e+01
3.000000000000000000e+00 1.646729564325019979e+01
3.000000000000000000e+00 1.622301721901431293e+01
3.000000000000000000e+00 1.602529923591979966e+01
3.000000000000000000e+00 1.599840058979087409e+01
3.000000000000000000e+00 1.599840058585095370e+01
3.000000000000000000e+00 1.518502582962247160e+01
3.000000000000000000e+00 1.511419473016244730e+01
3.000000000000000000e+00 1.503657103122063887e+01
3.000000000000000000e+00 1.503657102143287716e+01
3.000000000000000000e+00 1.494251359036272042e+01
3.000000000000000000e+00 1.487858227666204591e+01
3.000000000000000000e+00 1.487858226894754843e+01
3.000000000000000000e+00 1.471578414630409881e+01
3.000000000000000000e+00 1.461786441904760103e+01
3.000000000000000000e+00 1.388155537394681005e+01
3.000000000000000000e+00 1.340762650162496605e+01
3.000000000000000000e+00 1.307106683492204091e+01
3.000000000000000000e+00 1.307106683281262427e+01
3.000000000000000000e+00 1.305253377599503750e+01
3.000000000000000000e+00 1.303007367228272173e+01
3.000000000000000000e+00 1.303007366377900844e+01
3.000000000000000000e+00 1.301960811764720205e+01
3.000000000000000000e+00 1.293471548093901013e+01
3.000000000000000000e+00 1.175529277676601936e+01
3.000000000000000000e+00 1.165368116350817118e+01
3.000000000000000000e+00 1.165368115985301678e+01
3.000000000000000000e+00 1.158921817120460140e+01
3.000000000000000000e+00 1.106486267834474191e+01
3.000000000000000000e+00 1.103507653801922039e+01
3.000000000000000000e+00 1.098428600179862080e+01
3.000000000000000000e+00 1.098428599198303424e+01
3.000000000000000000e+00 6.532599339275495964e+00
3.500000000000000000e+00 2.701682121684143567e+01
3.500000000000000000e+00 2.701682120815754473e+01
3.500000000000000000e+00 2.553950393340820568e+01
3.500000000000000000e+00 2.553950392411185177e+01
3.500000000000000000e+00 2.300409663688565942e+01
3.500000000000000000e+00 2.300409662848416303e+01
3.500000000000000000e+00 2.228930915709626603e+01
3.500000000000000000e+00 2.228930915198485962e+01
3.500000000000000000e+00 2.219656392119352262e+01
3.500000000000000000e+00 2.219656392092744923e+01
3.500000000000000000e+00 2.167446752295366252e+01
3.500000000000000000e+00 2.167446750771109620e+01
3.500000000000000000e+00 2.129305617877263046e+01
3.500000000000000000e+00 2.129305616573789095e+01
3.500000000000000000e+00 2.116876009585730500e+01
3.500000000000000000e+00 2.116876007375527280e+01
3.500000000000000000e+00 2.116128579281273048e+01
3.500000000000000000e+00 2.116128578393921345e+01
3.500000000000000000e+00 2.116039968673680960e+01
3.500000000000000000e+00 2.116039967589088633e+01
3.500000000000000000e+00 2.109348059143369269e+01
3.500000000000000000e+00 2.109348058427217509e+01
3.500000000000000000e+00 2.100611756537539776e+01
3.500000000000000000e+00 2.100611755745200426e+01
3.500000000000000000e+00 2.098760392922551787e+01
3.500000000000000000e+00 2.098760391852393070e+01
3.500000000000000000e+00 1.965897390972470049e+01
3.500000000000000000e+00 1.965897390442556514e+01
3.500000000000000000e+00 1.901349956354349047e+01
3.500000000000000000e+00 1.901349956307379330e+01
3.500000000000000000e+00 1.832264887226091687e+01
3.500000000000000000e+00 1.832264887179610824e+01
3.500000000000000000e+00 1.771358701878883934e+01
3.500000000000000000e+00 1.771358700799649100e+01
3.500000000000000000e+00 1.684705312169065650e+01
3.500000000000000000e+00 1.684705311532199801e+01
3.500000000000000000e+00 1.668460969858642784e+01
3.500000000000000000e+00 1.668460969487334822e+01
3.500000000000000000e+00 1.657214391289507560e+01
3.500000000000000000e+00 1.657214390801179249e+01
3.500000000000000000e+00 1.657110512744593578e+01
3.500000000000000000e+00 1.657110512474408281e+01
3.500000000000000000e+00 1.587503716766215511e+01
3.500000000000000000e+00 1.587503715944170679e+01
3.500000000000000000e+00 1.531204272478013273e+01
3.500000000000000000e+00 1.531204271297183972e+01
3.500000000000000000e+00 1.505551716606069235e+01
3.500000000000000000e+00 1.505551715541072610e+01
3.500000000000000000e+00 1.501555717806827772e+01
3.500000000000000000e+00 1.501555717513669741e+01
3.500000000000000000e+00 1.489528133937267462e+01
3.500000000000000000e+00 1.489528133544247446e+01
3.500000000000000000e+00 1.488692823368330842e+01
3.500000000000000000e+00 1.488692822956972073e+01
3.500000000000000000e+00 1.351165628861335932e+01
3.500000000000000000e+00 1.351165627274064285e+01
3.500000000000000000e+00 1.035897912369025242e+01
3.500000000000000000e+00 1.035897911606054933e+01
3.500000000000000000e+00 9.891379646994939989e+00
3.500000000000000000e+00 9.891379639449422001e+00
4.000000000000000000e+00 2.581366572777362123e+01
4.000000000000000000e+00 2.453192421045004679e+01
4.000000000000000000e+00 2.448722376931223721e+01
4.000000000000000000e+00 2.447089661415035167e+01
4.000000000000000000e+00 2.447089661316520903e+01
4.000000000000000000e+00 2.264253041362617225e+01
4.000000000000000000e+00 2.062779063765100673e+01
4.000000000000000000e+00 1.997112877422193122e+01
4.000000000000000000e+00 1.997112877025738698e+01
4.000000000000000000e+00 1.996317291096187319e+01
4.000000000000000000e+00 1.991113675119541071e+01
4.000000000000000000e+00 1.991009749934711692e+01
4.000000000000000000e+00 1.991009748659061174e+01
4.000000000000000000e+00 1.989902354122295947e+01
4.000000000000000000e+00 1.861018157879458812e+01
4.000000000000000000e+00 1.843239996121685920e+01
4.000000000000000000e+00 1.838654876892814372e+01
4.000000000000000000e+00 1.838654875611829098e+01
4.000000000000000000e+00 1.820555039200787206e+01
4.000000000000000000e+00 1.813622240019682508e+01
4.000000000000000000e+00 1.813622239619120435e+01
4.000000000000000000e+00 1.806502675259682889e+01
4.000000000000000000e+00 1.460581680694290085e+01
4.000000000000000000e+00 1.378675211381144727e+01
4.000000000000000000e+00 1.377923568420451161e+01
4.000000000000000000e+00 1.377081821996158162e+01
4.000000000000000000e+00 1.377081821900222280e+01
4.000000000000000000e+00 1.236046810578792332e+01
4.500000000000000000e+00 2.331995608425231836e+01
4.500000000000000000e+00 2.331995608032201872e+01
4.500000000000000000e+00 2.164309351168297013e+01
4.500000000000000000e+00 2.164309350679971544e+01
4.500000000000000000e+00 1.720911986224185242e+01
4.500000000000000000e+00 1.720911985431967750e+01
4.500000000000000000e+00 1.705395163575590445e+01
4.500000000000000000e+00 1.705395162688066435e+01
5.000000000000000000e+00 2.050544183071641058e+01
