-5.000000000000000000e+00 2.340663436311814749e+01
-4.500000000000000000e+00 2.717041320019471229e+01
-4.500000000000000000e+00 2.717041320019419715e+01
-4.500000000000000000e+00 2.493171029501458946e+01
-4.500000000000000000e+00 2.493171029501452196e+01
-4.500000000000000000e+00 1.964324334619730905e+01
-4.500000000000000000e+00 1.964324334619730195e+01
-4.500000000000000000e+00 1.908552436932795970e+01
-4.500000000000000000e+00 1.908552436932795260e+01
-4.000000000000000000e+00 3.093419833365232208e+01
-4.000000000000000000e+00 2.869548664652577230e+01
-4.000000000000000000e+00 2.869548664652449332e+01
-4.000000000000000000e+00 2.869548664650267611e+01
-4.000000000000000000e+00 2.869548345551218205e+01
-4.000000000000000000e+00 2.645678512253937953e+01
-4.000000000000000000e+00 2.340702909099776008e+01
-4.000000000000000000e+00 2.340702901007889736e+01
-4.000000000000000000e+00 2.340702901007874104e+01
-4.000000000000000000e+00 2.340702901007851722e+01
-4.000000000000000000e+00 2.284929886518893127e+01
-4.000000000000000000e+00 2.284929886518881403e+01
-4.000000000000000000e+00 2.284929886518873943e+01
-4.000000000000000000e+00 2.284928938196808090e+01
-4.000000000000000000e+00 2.116832524985373354e+01
-4.000000000000000000e+00 2.116831493686014198e+01
-4.000000000000000000e+00 2.116831493686013488e+01
-4.000000000000000000e+00 2.116831493686008514e+01
-4.000000000000000000e+00 2.061060712800117045e+01
-4.000000000000000000e+00 2.061060712800114203e+01
-4.000000000000000000e+00 2.061060712800113848e+01
-4.000000000000000000e+00 2.061060221467969455e+01
-4.000000000000000000e+00 1.587985242245484763e+01
-4.000000000000000000e+00 1.532213086684136982e+01
-4.000000000000000000e+00 1.532213086684136805e+01
-4.000000000000000000e+00 1.532213086684136805e+01
-4.000000000000000000e+00 1.532212028660289249e+01
-4.000000000000000000e+00 1.476442686391160741e+01
-3.500000000000000000e+00 3.245926748824477670e+01
-3.500000000000000000e+00 3.245926748166608178e+01
-3.500000000000000000e+00 3.022055602032305899e+01
-3.500000000000000000e+00 3.022055601813589476e+01
-3.500000000000000000e+00 2.717082158968286976e+01
-3.500000000000000000e+00 2.717082158932942804e+01
-3.500000000000000000e+00 2.661307454822444996e+01
-3.500000000000000000e+00 2.661307454783516491e+01
-3.500000000000000000e+00 2.598084901145755765e+01
-3.500000000000000000e+00 2.598084901145641368e+01
-3.500000000000000000e+00 2.493211349799651799e+01
-3.500000000000000000e+00 2.493211349798529142e+01
-3.500000000000000000e+00 2.493209811519109920e+01
-3.500000000000000000e+00 2.493209811518793018e+01
-3.500000000000000000e+00 2.493209811516723917e+01
-3.500000000000000000e+00 2.493209811510675067e+01
-3.500000000000000000e+00 2.493209522822900581e+01
-3.500000000000000000e+00 2.493209522822268553e+01
-3.500000000000000000e+00 2.437437913831727343e+01
-3.500000000000000000e+00 2.437437913830715530e+01
-3.500000000000000000e+00 2.437437913827199409e+01
-3.500000000000000000e+00 2.437437913826191860e+01
-3.500000000000000000e+00 2.437437080514278875e+01
-3.500000000000000000e+00 2.437437080512090759e+01
-3.500000000000000000e+00 2.437436775827714541e+01
-3.500000000000000000e+00 2.437436775827292834e+01
-3.500000000000000000e+00 2.269338818187454621e+01
-3.500000000000000000e+00 2.269338818187437568e+01
-3.500000000000000000e+00 2.213569009622718653e+01
-3.500000000000000000e+00 2.213569009622686323e+01
-3.500000000000000000e+00 2.015520207473102587e+01
-3.500000000000000000e+00 2.015520207473091574e+01
-3.500000000000000000e+00 1.964363976197974893e+01
-3.500000000000000000e+00 1.964363976197884654e+01
-3.500000000000000000e+00 1.908591218948376067e+01
-3.500000000000000000e+00 1.908591218948368606e+01
-3.500000000000000000e+00 1.908591218948367185e+01
-3.500000000000000000e+00 1.908591218948360080e+01
-3.500000000000000000e+00 1.908591047005999286e+01
-3.500000000000000000e+00 1.908591047005989694e+01
-3.500000000000000000e+00 1.908589785939539851e+01
-3.500000000000000000e+00 1.908589785939527417e+01
-3.500000000000000000e+00 1.852819174132732272e+01
-3.500000000000000000e+00 1.852819174132723745e+01
-3.500000000000000000e+00 1.740492812979166359e+01
-3.500000000000000000e+00 1.740492812979161741e+01
-3.500000000000000000e+00 1.684721166858585661e+01
-3.500000000000000000e+00 1.684721166858582819e+01
-3.500000000000000000e+00 1.684720928430356324e+01
-3.500000000000000000e+00 1.684720928430356324e+01
-3.500000000000000000e+00 1.684720928430356324e+01
-3.500000000000000000e+00 1.684720928430355968e+01
-3.500000000000000000e+00 1.684719461936712648e+01
-3.500000000000000000e+00 1.684719461936711937e+01
-3.500000000000000000e+00 1.628951483497698405e+01
-3.500000000000000000e+00 1.628951483497697339e+01
-3.500000000000000000e+00 1.155873405758952188e+01
-3.500000000000000000e+00 1.155873405758952188e+01
-3.500000000000000000e+00 1.100102527909700711e+01
-3.500000000000000000e+00 1.100102527909700711e+01
-3.000000000000000000e+00 2.974654406918321925e+01
-3.000000000000000000e+00 2.974470414226121306e+01
-3.000000000000000000e+00 2.974286759445391226e+01
-3.000000000000000000e+00 2.869699822594061800e+01
-3.000000000000000000e+00 2.869635368837399270e+01
-3.000000000000000000e+00 2.869570956596846756e+01
-3.000000000000000000e+00 2.869442256450382089e+01
-3.000000000000000000e+00 2.813858053961849137e+01
-3.000000000000000000e+00 2.813821174005687098e+01
-3.000000000000000000e+00 2.813821174005687098e+01
-3.000000000000000000e+00 2.813784307645822480e+01
-3.000000000000000000e+00 2.750606950805318363e+01
-3.000000000000000000e+00 2.750606950805318363e+01
-3.000000000000000000e+00 2.750587356409253204e+01
-3.000000000000000000e+00 2.750567765851839042e+01
-3.000000000000000000e+00 2.645734537982183099e+01
-3.000000000000000000e+00 2.645720806433929440e+01
-3.000000000000000000e+00 2.645720806433929440e+01
-3.000000000000000000e+00 2.645720806433929440e+01
-3.000000000000000000e+00 2.589957537166309720e+01
-3.000000000000000000e+00 2.589953606425954291e+01
-3.000000000000000000e+00 2.589949675840099985e+01
-3.000000000000000000e+00 2.589945745408734723e+01
-3.000000000000000000e+00 2.391898604583767352e+01
-3.000000000000000000e+00 2.391897519779167780e+01
-3.000000000000000000e+00 2.391897519779167780e+01
-3.000000000000000000e+00 2.391897519779167780e+01
-3.000000000000000000e+00 2.340741326683847490e+01
-3.000000000000000000e+00 2.284969705670788187e+01
-3.000000000000000000e+00 2.284969333307584805e+01
-3.000000000000000000e+00 2.284969147126503231e+01
-3.000000000000000000e+00 2.284968960945768401e+01
-3.000000000000000000e+00 2.229196054546745387e+01
-3.000000000000000000e+00 2.221746801033071606e+01
-3.000000000000000000e+00 2.221746702094925041e+01
-3.000000000000000000e+00 2.221746603156876532e+01
-3.000000000000000000e+00 2.221746405281073322e+01
-3.000000000000000000e+00 2.168028388482904489e+01
-3.000000000000000000e+00 2.168028330664279935e+01
-3.000000000000000000e+00 2.168028330664279935e+01
-3.000000000000000000e+00 2.168028099390115315e+01
-3.000000000000000000e+00 2.165973268434436605e+01
-3.000000000000000000e+00 2.165973155149449525e+01
-3.000000000000000000e+00 2.165973041864590698e+01
-3.000000000000000000e+00 2.165973041864590698e+01
-3.000000000000000000e+00 2.116872400267608612e+01
-3.000000000000000000e+00 2.116871533628316016e+01
-3.000000000000000000e+00 2.116871533628316016e+01
-3.000000000000000000e+00 2.116871464297497241e+01
-3.000000000000000000e+00 2.061099392499363958e+01
-3.000000000000000000e+00 2.061099392499363958e+01
-3.000000000000000000e+00 2.061099372652993011e+01
-3.000000000000000000e+00 2.061098836802458578e+01
-3.000000000000000000e+00 2.061098816956197766e+01
-3.000000000000000000e+00 2.061098816956197766e+01
-3.000000000000000000e+00 2.061098797109940861e+01
-3.000000000000000000e+00 2.061098757417438421e+01
-3.000000000000000000e+00 2.061098300954795803e+01
-3.000000000000000000e+00 2.061098181877927260e+01
-3.000000000000000000e+00 2.061098142185669246e+01
-3.000000000000000000e+00 2.061098122339546279e+01
-3.000000000000000000e+00 2.061097130038413638e+01
-3.000000000000000000e+00 2.061097110192491400e+01
-3.000000000000000000e+00 2.061097070500659001e+01
-3.000000000000000000e+00 2.061095343921188316e+01
-3.000000000000000000e+00 2.005327952498543098e+01
-3.000000000000000000e+00 2.005327713889090901e+01
-3.000000000000000000e+00 2.005327702526750144e+01
-3.000000000000000000e+00 2.005327679802072893e+01
-3.000000000000000000e+00 1.892999504479045569e+01
-3.000000000000000000e+00 1.837228931576987279e+01
-3.000000000000000000e+00 1.837228931576987279e+01
-3.000000000000000000e+00 1.837228923114772172e+01
-3.000000000000000000e+00 1.837227909769672962e+01
-3.000000000000000000e+00 1.781460209228103153e+01
-3.000000000000000000e+00 1.639180441947431888e+01
-3.000000000000000000e+00 1.639180441363529184e+01
-3.000000000000000000e+00 1.639180441363529184e+01
-3.000000000000000000e+00 1.639180440779626480e+01
-3.000000000000000000e+00 1.583410023698972324e+01
-3.000000000000000000e+00 1.583410023197526684e+01
-3.000000000000000000e+00 1.583410022863229649e+01
-3.000000000000000000e+00 1.583410022696081043e+01
-3.000000000000000000e+00 1.532252035898708975e+01
-3.000000000000000000e+00 1.532252035798495449e+01
-3.000000000000000000e+00 1.532252035297427994e+01
-3.000000000000000000e+00 1.532251074054082096e+01
-3.000000000000000000e+00 1.476479909132696022e+01
-3.000000000000000000e+00 1.476479782681682984e+01
-3.000000000000000000e+00 1.476479782509562888e+01
-3.000000000000000000e+00 1.476479782394816098e+01
-3.000000000000000000e+00 1.308381140063922388e+01
-3.000000000000000000e+00 1.308381140053239911e+01
-3.000000000000000000e+00 1.308381139999828058e+01
-3.000000000000000000e+00 1.308380974145602771e+01
-3.000000000000000000e+00 1.252611183557328722e+01
-3.000000000000000000e+00 1.252610837369589980e+01
-3.000000000000000000e+00 1.252610837351242168e+01
-3.000000000000000000e+00 1.252610837332894533e+01
-3.000000000000000000e+00 7.237626619925730864e+00
-2.500000000000000000e+00 2.318481294718037944e+01
-2.500000000000000000e+00 2.318480513816799871e+01
-2.500000000000000000e+00 2.318480513816799871e+01
-2.500000000000000000e+00 2.318479732921659675e+01
-2.500000000000000000e+00 2.269378319330830251e+01
-2.500000000000000000e+00 2.269378160027558877e+01
-2.500000000000000000e+00 2.213606514295197414e+01
-2.500000000000000000e+00 2.213606331888505352e+01
-2.500000000000000000e+00 2.213606331888505352e+01
-2.500000000000000000e+00 2.213606149482145824e+01
-2.500000000000000000e+00 2.213605875873230744e+01
-2.500000000000000000e+00 2.213605693467702906e+01
-2.500000000000000000e+00 2.213604872646946120e+01
-2.500000000000000000e+00 2.213604599041524423e+01
-2.500000000000000000e+00 2.157836568026600332e+01
-2.500000000000000000e+00 2.157836202513779611e+01
-2.500000000000000000e+00 2.015558681539249974e+01
-2.500000000000000000e+00 2.015558580848372117e+01
-2.500000000000000000e+00 2.015558429812245578e+01
-2.500000000000000000e+00 2.015558392053249293e+01
-2.500000000000000000e+00 2.015558379466920513e+01
-2.500000000000000000e+00 2.015558354294267573e+01
-2.500000000000000000e+00 2.015558329121621028e+01
-2.500000000000000000e+00 2.015558303948980878e+01
-2.500000000000000000e+00 1.959787004432869040e+01
-2.500000000000000000e+00 1.959786997226989058e+01
-2.500000000000000000e+00 1.959786990021109787e+01
-2.500000000000000000e+00 1.959786968403474106e+01
-2.500000000000000000e+00 1.959786953991719827e+01
-2.500000000000000000e+00 1.959786953991719827e+01
-2.500000000000000000e+00 1.959785512826774223e+01
-2.500000000000000000e+00 1.959785491209458286e+01
-2.500000000000000000e+00 1.908630642169199376e+01
-2.500000000000000000e+00 1.908630633528522580e+01
-2.500000000000000000e+00 1.852857884795349008e+01
-2.500000000000000000e+00 1.852857884795349008e+01
-2.500000000000000000e+00 1.845407694028190448e+01
-2.500000000000000000e+00 1.845407684844780505e+01
-2.500000000000000000e+00 1.791688491170060260e+01
-2.500000000000000000e+00 1.791688488486727948e+01
-2.500000000000000000e+00 1.791688071229424750e+01
-2.500000000000000000e+00 1.791688068546103807e+01
-2.500000000000000000e+00 1.791688068546103807e+01
-2.500000000000000000e+00 1.791688067204443158e+01
-2.500000000000000000e+00 1.791688067204443158e+01
-2.500000000000000000e+00 1.791688064521122215e+01
-2.500000000000000000e+00 1.789634369718435991e+01
-2.500000000000000000e+00 1.789634368404048104e+01
-2.500000000000000000e+00 1.789634365775272684e+01
-2.500000000000000000e+00 1.789634365775272684e+01
-2.500000000000000000e+00 1.789634363146496909e+01
-2.500000000000000000e+00 1.789634360517721490e+01
-2.500000000000000000e+00 1.789633661265888875e+01
-2.500000000000000000e+00 1.789633659951510225e+01
-2.500000000000000000e+00 1.735918602349629936e+01
-2.500000000000000000e+00 1.735918601581492382e+01
-2.500000000000000000e+00 1.735918601581492382e+01
-2.500000000000000000e+00 1.735918601581492382e+01
-2.500000000000000000e+00 1.735918601581492382e+01
-2.500000000000000000e+00 1.735918600813355184e+01
-2.500000000000000000e+00 1.735918456403625498e+01
-2.500000000000000000e+00 1.735918454099216746e+01
-2.500000000000000000e+00 1.733862251246429409e+01
-2.500000000000000000e+00 1.733862248988920030e+01
-2.500000000000000000e+00 1.684759709569151909e+01
-2.500000000000000000e+00 1.684759709108621095e+01
-2.500000000000000000e+00 1.684759709108621095e+01
-2.500000000000000000e+00 1.684759707727028655e+01
-2.500000000000000000e+00 1.684759464106538474e+01
-2.500000000000000000e+00 1.684759459961771810e+01
-2.500000000000000000e+00 1.684758412722838372e+01
-2.500000000000000000e+00 1.684758409959689374e+01
-2.500000000000000000e+00 1.628988318069616525e+01
-2.500000000000000000e+00 1.628988316487648191e+01
-2.500000000000000000e+00 1.628987813686574881e+01
-2.500000000000000000e+00 1.628987813422914854e+01
-2.500000000000000000e+00 1.628987813422914854e+01
-2.500000000000000000e+00 1.628987812895594445e+01
-2.500000000000000000e+00 1.628987498876911744e+01
-2.500000000000000000e+00 1.628987498349593466e+01
-2.500000000000000000e+00 1.460888743995888817e+01
-2.500000000000000000e+00 1.460888743799525891e+01
-2.500000000000000000e+00 1.405119463466887453e+01
-2.500000000000000000e+00 1.405119463466887453e+01
-2.500000000000000000e+00 1.262841030013956356e+01
-2.500000000000000000e+00 1.262841030013956356e+01
-2.500000000000000000e+00 1.207070044645833562e+01
-2.500000000000000000e+00 1.207070044638076212e+01
-2.500000000000000000e+00 1.207070044638076212e+01
-2.500000000000000000e+00 1.207070044638076212e+01
-2.500000000000000000e+00 1.207070044638076212e+01
-2.500000000000000000e+00 1.207070044634197536e+01
-2.500000000000000000e+00 1.207068635520808009e+01
-2.500000000000000000e+00 1.207068635513050836e+01
-2.500000000000000000e+00 1.151301360947642038e+01
-2.500000000000000000e+00 1.151301360936538742e+01
-2.500000000000000000e+00 1.100140488066946354e+01
-2.500000000000000000e+00 1.100140488065615152e+01
-2.500000000000000000e+00 8.762708214302030285e+00
-2.500000000000000000e+00 8.762708214299191667e+00
-2.000000000000000000e+00 1.942142107569800658e+01
-2.000000000000000000e+00 1.942141859919107105e+01
-2.000000000000000000e+00 1.942141853878854008e+01
-2.000000000000000000e+00 1.942141847838601265e+01
-2.000000000000000000e+00 1.942141829717844814e+01
-2.000000000000000000e+00 1.942141829717844814e+01
-2.000000000000000000e+00 1.942141817637342527e+01
-2.000000000000000000e+00 1.942141817637342527e+01
-2.000000000000000000e+00 1.942141799516592116e+01
-2.000000000000000000e+00 1.942140259264783708e+01
-2.000000000000000000e+00 1.942140253224627244e+01
-2.000000000000000000e+00 1.942140247184471136e+01
-2.000000000000000000e+00 1.942140229064004942e+01
-2.000000000000000000e+00 1.888427217161136795e+01
-2.000000000000000000e+00 1.888427213631130996e+01
-2.000000000000000000e+00 1.888427206571119754e+01
-2.000000000000000000e+00 1.888427206571119754e+01
-2.000000000000000000e+00 1.886370819392565323e+01
-2.000000000000000000e+00 1.886370815934409251e+01
-2.000000000000000000e+00 1.886370815934409251e+01
-2.000000000000000000e+00 1.886370802101786026e+01
-2.000000000000000000e+00 1.837266879119842500e+01
-2.000000000000000000e+00 1.837266870654415740e+01
-2.000000000000000000e+00 1.837266866421702360e+01
-2.000000000000000000e+00 1.837265914065773131e+01
-2.000000000000000000e+00 1.781496105377589245e+01
-2.000000000000000000e+00 1.781496092049368940e+01
-2.000000000000000000e+00 1.781496090837712742e+01
-2.000000000000000000e+00 1.781496083567775202e+01
-2.000000000000000000e+00 1.690377459194063547e+01
-2.000000000000000000e+00 1.639219608170202491e+01
-2.000000000000000000e+00 1.639219607878136742e+01
-2.000000000000000000e+00 1.639219607586070993e+01
-2.000000000000000000e+00 1.639219607001939849e+01
-2.000000000000000000e+00 1.583447588528887451e+01
-2.000000000000000000e+00 1.583447588528887451e+01
-2.000000000000000000e+00 1.583447588194464828e+01
-2.000000000000000000e+00 1.583447587860042027e+01
-2.000000000000000000e+00 1.583447587692830716e+01
-2.000000000000000000e+00 1.583447587525619404e+01
-2.000000000000000000e+00 1.583447587358408093e+01
-2.000000000000000000e+00 1.583447587191196781e+01
-2.000000000000000000e+00 1.583447188727373600e+01
-2.000000000000000000e+00 1.583447188058530841e+01
-2.000000000000000000e+00 1.583447187389688260e+01
-2.000000000000000000e+00 1.583447187389688260e+01
-2.000000000000000000e+00 1.583445318827921255e+01
-2.000000000000000000e+00 1.583445318660713674e+01
-2.000000000000000000e+00 1.583445318660713674e+01
-2.000000000000000000e+00 1.583445318326298512e+01
-2.000000000000000000e+00 1.527677245320096233e+01
-2.000000000000000000e+00 1.527677245128631789e+01
-2.000000000000000000e+00 1.527677245128631789e+01
-2.000000000000000000e+00 1.527677245032899656e+01
-2.000000000000000000e+00 1.476518891004720757e+01
-2.000000000000000000e+00 1.415348531838832713e+01
-2.000000000000000000e+00 1.415348531745433824e+01
-2.000000000000000000e+00 1.415348531714300861e+01
-2.000000000000000000e+00 1.415348531652034936e+01
-2.000000000000000000e+00 1.413295309906196451e+01
-2.000000000000000000e+00 1.413295309845195824e+01
-2.000000000000000000e+00 1.413295309723194748e+01
-2.000000000000000000e+00 1.413295309692694524e+01
-2.000000000000000000e+00 1.359578447803518664e+01
-2.000000000000000000e+00 1.359578447732221207e+01
-2.000000000000000000e+00 1.359578447714396710e+01
-2.000000000000000000e+00 1.359578447660923572e+01
-2.000000000000000000e+00 1.359578252466342896e+01
-2.000000000000000000e+00 1.359578252395045617e+01
-2.000000000000000000e+00 1.359578252377221297e+01
-2.000000000000000000e+00 1.359578252341572480e+01
-2.000000000000000000e+00 1.359578252341572480e+01
-2.000000000000000000e+00 1.359578252323748160e+01
-2.000000000000000000e+00 1.359578252323748160e+01
-2.000000000000000000e+00 1.359578252305923840e+01
-2.000000000000000000e+00 1.359576884992027956e+01
-2.000000000000000000e+00 1.359576884920731565e+01
-2.000000000000000000e+00 1.359576884831611032e+01
-2.000000000000000000e+00 1.359576884813786890e+01
-2.000000000000000000e+00 1.357522803960611490e+01
-2.000000000000000000e+00 1.357522803943149725e+01
-2.000000000000000000e+00 1.357522803890764607e+01
-2.000000000000000000e+00 1.357522803873303019e+01
-2.000000000000000000e+00 1.303810387728433540e+01
-2.000000000000000000e+00 1.303810387677408222e+01
-2.000000000000000000e+00 1.303810387667203052e+01
-2.000000000000000000e+00 1.303810387646792890e+01
-2.000000000000000000e+00 1.252648462523932693e+01
-2.000000000000000000e+00 1.252648462505578131e+01
-2.000000000000000000e+00 1.252648462505578131e+01
-2.000000000000000000e+00 1.252648143414641169e+01
-2.000000000000000000e+00 1.028779050210061285e+01
-2.000000000000000000e+00 8.307297376976457315e+00
-2.000000000000000000e+00 8.307297376975556702e+00
-2.000000000000000000e+00 8.307297376974656089e+00
-2.000000000000000000e+00 8.307297376973757252e+00
-2.000000000000000000e+00 7.749604879010602687e+00
-2.000000000000000000e+00 7.749604879010087544e+00
-2.000000000000000000e+00 7.749604879009056368e+00
-2.000000000000000000e+00 7.749604879008541225e+00
-1.500000000000000000e+00 1.735954947230796108e+01
-1.500000000000000000e+00 1.735954947230796108e+01
-1.500000000000000000e+00 1.735954945693962870e+01
-1.500000000000000000e+00 1.735954938778213119e+01
-1.500000000000000000e+00 1.735953352778947689e+01
-1.500000000000000000e+00 1.735953351242138609e+01
-1.500000000000000000e+00 1.735953348936925522e+01
-1.500000000000000000e+00 1.735953348168521160e+01
-1.500000000000000000e+00 1.735953345863308073e+01
-1.500000000000000000e+00 1.735953343558094986e+01
-1.500000000000000000e+00 1.735948412829054988e+01
-1.500000000000000000e+00 1.735948411292322291e+01
-1.500000000000000000e+00 1.733901478649617189e+01
-1.500000000000000000e+00 1.733901471874432332e+01
-1.500000000000000000e+00 1.733900907277288539e+01
-1.500000000000000000e+00 1.733900902760523977e+01
-1.500000000000000000e+00 1.733900902760523977e+01
-1.500000000000000000e+00 1.733900902760523977e+01
-1.500000000000000000e+00 1.733900901254936144e+01
-1.500000000000000000e+00 1.733900897490966031e+01
-1.500000000000000000e+00 1.680187764584429644e+01
-1.500000000000000000e+00 1.680187758865084291e+01
-1.500000000000000000e+00 1.680186084430846094e+01
-1.500000000000000000e+00 1.680186082671076875e+01
-1.500000000000000000e+00 1.680186081351250138e+01
-1.500000000000000000e+00 1.680186080911308011e+01
-1.500000000000000000e+00 1.680186080471365884e+01
-1.500000000000000000e+00 1.680186079151539147e+01
-1.500000000000000000e+00 1.629026593477195917e+01
-1.500000000000000000e+00 1.629026593477195917e+01
-1.500000000000000000e+00 1.567855380684647315e+01
-1.500000000000000000e+00 1.567855378538592248e+01
-1.500000000000000000e+00 1.565803155724454143e+01
-1.500000000000000000e+00 1.565803154883469261e+01
-1.500000000000000000e+00 1.565802752332862191e+01
-1.500000000000000000e+00 1.565802752052534963e+01
-1.500000000000000000e+00 1.565802751912371349e+01
-1.500000000000000000e+00 1.565802751772207912e+01
-1.500000000000000000e+00 1.565802750791062792e+01
-1.500000000000000000e+00 1.565802750650899178e+01
-1.500000000000000000e+00 1.512087295882809634e+01
-1.500000000000000000e+00 1.512087295718984059e+01
-1.500000000000000000e+00 1.512086658848785525e+01
-1.500000000000000000e+00 1.512086658521136329e+01
-1.500000000000000000e+00 1.512086658275399387e+01
-1.500000000000000000e+00 1.512086658275399387e+01
-1.500000000000000000e+00 1.512086658275399387e+01
-1.500000000000000000e+00 1.512086657783925681e+01
-1.500000000000000000e+00 1.510030728472339945e+01
-1.500000000000000000e+00 1.510030727910621806e+01
-1.500000000000000000e+00 1.510030727830376485e+01
-1.500000000000000000e+00 1.510030727589640165e+01
-1.500000000000000000e+00 1.510030727589640165e+01
-1.500000000000000000e+00 1.510030727348903845e+01
-1.500000000000000000e+00 1.510030058104194239e+01
-1.500000000000000000e+00 1.510030057141255355e+01
-1.500000000000000000e+00 1.456317966109091699e+01
-1.500000000000000000e+00 1.456317966109091699e+01
-1.500000000000000000e+00 1.405156304300437320e+01
-1.500000000000000000e+00 1.405156304216088792e+01
-1.500000000000000000e+00 1.314037022844859592e+01
-1.500000000000000000e+00 1.314037022697908164e+01
-1.500000000000000000e+00 1.258268277988547368e+01
-1.500000000000000000e+00 1.258268277969131788e+01
-1.500000000000000000e+00 1.207107981807742902e+01
-1.500000000000000000e+00 1.207107981799982710e+01
-1.500000000000000000e+00 1.207107981792222517e+01
-1.500000000000000000e+00 1.207107981772822036e+01
-1.500000000000000000e+00 1.207107981761181748e+01
-1.500000000000000000e+00 1.207107981757301651e+01
-1.500000000000000000e+00 1.207107418441231061e+01
-1.500000000000000000e+00 1.207107418441231061e+01
-1.500000000000000000e+00 1.151336893973074282e+01
-1.500000000000000000e+00 1.151336893968631436e+01
-1.500000000000000000e+00 1.151336893957524232e+01
-1.500000000000000000e+00 1.151336893948638540e+01
-1.500000000000000000e+00 1.151336893946417028e+01
-1.500000000000000000e+00 1.151336893941974182e+01
-1.500000000000000000e+00 1.151336572621385024e+01
-1.500000000000000000e+00 1.151336572610277997e+01
-1.500000000000000000e+00 9.832377641442203497e+00
-1.500000000000000000e+00 9.832377641413250657e+00
-1.500000000000000000e+00 9.832377641404978164e+00
-1.500000000000000000e+00 9.832377641400842805e+00
-1.500000000000000000e+00 9.832377641396705670e+00
-1.500000000000000000e+00 9.832377641367752830e+00
-1.500000000000000000e+00 9.832370296889324734e+00
-1.500000000000000000e+00 9.832370296881052241e+00
-1.500000000000000000e+00 9.811837611730636510e+00
-1.500000000000000000e+00 9.811837611677960425e+00
-1.500000000000000000e+00 9.274705453978500103e+00
-1.500000000000000000e+00 9.274705453973764335e+00
-1.500000000000000000e+00 9.274691828940266447e+00
-1.500000000000000000e+00 9.274691828933161020e+00
-1.500000000000000000e+00 9.274691828907114299e+00
-1.500000000000000000e+00 9.274691828892905221e+00
-1.500000000000000000e+00 9.274691828883433686e+00
-1.500000000000000000e+00 9.274691828864488841e+00
-1.500000000000000000e+00 3.986197988199443376e+00
-1.500000000000000000e+00 3.986197988199431386e+00
-1.000000000000000000e+00 1.583486255767057038e+01
-1.000000000000000000e+00 1.583486255599781067e+01
-1.000000000000000000e+00 1.527714297734922866e+01
-1.000000000000000000e+00 1.527714297639155205e+01
-1.000000000000000000e+00 1.527714297447619707e+01
-1.000000000000000000e+00 1.527714296681478068e+01
-1.000000000000000000e+00 1.520263478452798900e+01
-1.000000000000000000e+00 1.520263478363907339e+01
-1.000000000000000000e+00 1.520263477830557797e+01
-1.000000000000000000e+00 1.520263083241617785e+01
-1.000000000000000000e+00 1.466545325095922792e+01
-1.000000000000000000e+00 1.466545077877509229e+01
-1.000000000000000000e+00 1.466545077773614381e+01
-1.000000000000000000e+00 1.466545077617771931e+01
-1.000000000000000000e+00 1.464491322838415677e+01
-1.000000000000000000e+00 1.464491322838415677e+01
-1.000000000000000000e+00 1.464491322787524119e+01
-1.000000000000000000e+00 1.464491322736632561e+01
-1.000000000000000000e+00 1.464491322685741181e+01
-1.000000000000000000e+00 1.464491322533066686e+01
-1.000000000000000000e+00 1.464491322533066686e+01
-1.000000000000000000e+00 1.464491322533066686e+01
-1.000000000000000000e+00 1.464491322482175129e+01
-1.000000000000000000e+00 1.464490264758893190e+01
-1.000000000000000000e+00 1.464490264606220293e+01
-1.000000000000000000e+00 1.464490264504438422e+01
-1.000000000000000000e+00 1.464490016207759204e+01
-1.000000000000000000e+00 1.464490016055086663e+01
-1.000000000000000000e+00 1.464490016055086663e+01
-1.000000000000000000e+00 1.464488844198758777e+01
-1.000000000000000000e+00 1.410777239300954555e+01
-1.000000000000000000e+00 1.410777169110221507e+01
-1.000000000000000000e+00 1.410777168991254271e+01
-1.000000000000000000e+00 1.410777168991254271e+01
-1.000000000000000000e+00 1.408720922445520074e+01
-1.000000000000000000e+00 1.408720922358110528e+01
-1.000000000000000000e+00 1.408720922270700981e+01
-1.000000000000000000e+00 1.408718814354187998e+01
-1.000000000000000000e+00 1.359615817294133322e+01
-1.000000000000000000e+00 1.359615817222809220e+01
-1.000000000000000000e+00 1.359615817133653870e+01
-1.000000000000000000e+00 1.359615817133653870e+01
-1.000000000000000000e+00 1.359615817097991908e+01
-1.000000000000000000e+00 1.359615817097991908e+01
-1.000000000000000000e+00 1.359615817080160838e+01
-1.000000000000000000e+00 1.359615817062329768e+01
-1.000000000000000000e+00 1.359615473253707307e+01
-1.000000000000000000e+00 1.359615473235876415e+01
-1.000000000000000000e+00 1.359615473200214453e+01
-1.000000000000000000e+00 1.359615473164552490e+01
-1.000000000000000000e+00 1.359614069252237023e+01
-1.000000000000000000e+00 1.359614069252237023e+01
-1.000000000000000000e+00 1.359614069216575594e+01
-1.000000000000000000e+00 1.359614069180913987e+01
-1.000000000000000000e+00 1.357562118406011287e+01
-1.000000000000000000e+00 1.357562118336137047e+01
-1.000000000000000000e+00 1.357562118318668354e+01
-1.000000000000000000e+00 1.357562118283731323e+01
-1.000000000000000000e+00 1.303845892177251464e+01
-1.000000000000000000e+00 1.303845892146625296e+01
-1.000000000000000000e+00 1.303845892146625296e+01
-1.000000000000000000e+00 1.303845892115999128e+01
-1.000000000000000000e+00 1.303845399046593734e+01
-1.000000000000000000e+00 1.303845399046593734e+01
-1.000000000000000000e+00 1.303845399036385011e+01
-1.000000000000000000e+00 1.303845399036385011e+01
-1.000000000000000000e+00 1.303845399026176288e+01
-1.000000000000000000e+00 1.303845399026176288e+01
-1.000000000000000000e+00 1.303845398985341753e+01
-1.000000000000000000e+00 1.303845398954715762e+01
-1.000000000000000000e+00 1.303845180591663500e+01
-1.000000000000000000e+00 1.303845180581454777e+01
-1.000000000000000000e+00 1.303845180581454777e+01
-1.000000000000000000e+00 1.303845180571246232e+01
-1.000000000000000000e+00 1.135745843672824407e+01
-1.000000000000000000e+00 1.135745843663320720e+01
-1.000000000000000000e+00 1.135745843661420018e+01
-1.000000000000000000e+00 1.135745843657618614e+01
-1.000000000000000000e+00 1.133691371225522282e+01
-1.000000000000000000e+00 1.133691371225522282e+01
-1.000000000000000000e+00 1.133691371225522282e+01
-1.000000000000000000e+00 1.133691371223660127e+01
-1.000000000000000000e+00 1.079978102878716584e+01
-1.000000000000000000e+00 1.079978102878716584e+01
-1.000000000000000000e+00 1.079978102877628388e+01
-1.000000000000000000e+00 1.079978102876540191e+01
-1.000000000000000000e+00 9.376970153946805553e+00
-1.000000000000000000e+00 8.819276559026896223e+00
-1.000000000000000000e+00 8.819276559025393425e+00
-1.000000000000000000e+00 8.819276559016383743e+00
-1.000000000000000000e+00 8.819259526304511709e+00
-1.000000000000000000e+00 8.261610893722284743e+00
-1.000000000000000000e+00 7.749970937965062312e+00
-1.000000000000000000e+00 7.749970937964032025e+00
-1.000000000000000000e+00 7.749970937963515993e+00
-1.000000000000000000e+00 7.749970937963000850e+00
-1.000000000000000000e+00 5.511285076288315210e+00
-1.000000000000000000e+00 5.511285076288150009e+00
-1.000000000000000000e+00 5.511285076288039875e+00
-1.000000000000000000e+00 5.511285076288039875e+00
-5.000000000000000000e-01 1.616997697568427839e+01
-5.000000000000000000e-01 1.616997697568427839e+01
-5.000000000000000000e-01 1.616997557948944575e+01
-5.000000000000000000e-01 1.616997557715076184e+01
-5.000000000000000000e-01 1.616994524489001961e+01
-5.000000000000000000e-01 1.616994524021279389e+01
-5.000000000000000000e-01 1.614944208285096039e+01
-5.000000000000000000e-01 1.614944206910405100e+01
-5.000000000000000000e-01 1.563285498361371140e+01
-5.000000000000000000e-01 1.563285495764463739e+01
-5.000000000000000000e-01 1.561229720827470224e+01
-5.000000000000000000e-01 1.561229720693572176e+01
-5.000000000000000000e-01 1.561229719488488321e+01
-5.000000000000000000e-01 1.561229719488488321e+01
-5.000000000000000000e-01 1.561229719220691869e+01
-5.000000000000000000e-01 1.561229718685098966e+01
-5.000000000000000000e-01 1.561228051130801830e+01
-5.000000000000000000e-01 1.561228050729113903e+01
-5.000000000000000000e-01 1.512123442067196954e+01
-5.000000000000000000e-01 1.512123441903312049e+01
-5.000000000000000000e-01 1.512123441493599785e+01
-5.000000000000000000e-01 1.512123441411657332e+01
-5.000000000000000000e-01 1.512123441411657332e+01
-5.000000000000000000e-01 1.512123441329714879e+01
-5.000000000000000000e-01 1.512121954495198217e+01
-5.000000000000000000e-01 1.512121953102197480e+01
-5.000000000000000000e-01 1.510069740941354510e+01
-5.000000000000000000e-01 1.510069740780800984e+01
-5.000000000000000000e-01 1.510069740780800984e+01
-5.000000000000000000e-01 1.510069740700524221e+01
-5.000000000000000000e-01 1.510069740138587058e+01
-5.000000000000000000e-01 1.510069739737203243e+01
-5.000000000000000000e-01 1.510069499308628060e+01
-5.000000000000000000e-01 1.510069499148075067e+01
-5.000000000000000000e-01 1.456354255126312758e+01
-5.000000000000000000e-01 1.456354254750997335e+01
-5.000000000000000000e-01 1.456353978143934569e+01
-5.000000000000000000e-01 1.456353978003191685e+01
-5.000000000000000000e-01 1.456353977862448801e+01
-5.000000000000000000e-01 1.456353977815534506e+01
-5.000000000000000000e-01 1.456353977580963033e+01
-5.000000000000000000e-01 1.456353977346391559e+01
-5.000000000000000000e-01 1.314075931461724878e+01
-5.000000000000000000e-01 1.314075931348641291e+01
-5.000000000000000000e-01 1.286199235474207470e+01
-5.000000000000000000e-01 1.286199235465650226e+01
-5.000000000000000000e-01 1.258304454526886929e+01
-5.000000000000000000e-01 1.258304454507464243e+01
-5.000000000000000000e-01 1.258304454500989955e+01
-5.000000000000000000e-01 1.258304454468618871e+01
-5.000000000000000000e-01 1.258303595512466977e+01
-5.000000000000000000e-01 1.258303595499518757e+01
-5.000000000000000000e-01 1.258300794798486244e+01
-5.000000000000000000e-01 1.258300794759642294e+01
-5.000000000000000000e-01 1.202536130916951862e+01
-5.000000000000000000e-01 1.202536130831697747e+01
-5.000000000000000000e-01 1.151375029629657476e+01
-5.000000000000000000e-01 1.151375029614101564e+01
-5.000000000000000000e-01 1.090204244567488345e+01
-5.000000000000000000e-01 1.090204244566282910e+01
-5.000000000000000000e-01 1.088151641758836341e+01
-5.000000000000000000e-01 1.088151641756474497e+01
-5.000000000000000000e-01 1.088151641756474497e+01
-5.000000000000000000e-01 1.088151641752931553e+01
-5.000000000000000000e-01 1.088151641750569709e+01
-5.000000000000000000e-01 1.088151641744665099e+01
-5.000000000000000000e-01 1.088151274526297563e+01
-5.000000000000000000e-01 1.088151274515669265e+01
-5.000000000000000000e-01 1.034437175920731811e+01
-5.000000000000000000e-01 1.034437175919351581e+01
-5.000000000000000000e-01 1.034436222028953800e+01
-5.000000000000000000e-01 1.034436222024812935e+01
-5.000000000000000000e-01 1.034436222019291662e+01
-5.000000000000000000e-01 1.034436222018601548e+01
-5.000000000000000000e-01 1.034435369077873546e+01
-5.000000000000000000e-01 1.034435369077183431e+01
-5.000000000000000000e-01 1.032380763909167243e+01
-5.000000000000000000e-01 1.032380763905786658e+01
-5.000000000000000000e-01 1.032380763903082332e+01
-5.000000000000000000e-01 1.032380763903082332e+01
-5.000000000000000000e-01 1.032380763901053911e+01
-5.000000000000000000e-01 1.032380763894292919e+01
-5.000000000000000000e-01 1.032378509136219336e+01
-5.000000000000000000e-01 1.032378509131486766e+01
-5.000000000000000000e-01 9.786701264442998038e+00
-5.000000000000000000e-01 9.786701264395581745e+00
-5.000000000000000000e-01 9.275054204659236134e+00
-5.000000000000000000e-01 9.275054204645023503e+00
-5.000000000000000000e-01 9.275054204645023503e+00
-5.000000000000000000e-01 9.275054204628441212e+00
-5.000000000000000000e-01 9.275054204623703669e+00
-5.000000000000000000e-01 9.275054204597646290e+00
-5.000000000000000000e-01 9.275050234348876543e+00
-5.000000000000000000e-01 9.275050234287284923e+00
-5.000000000000000000e-01 7.036371009119039677e+00
-5.000000000000000000e-01 7.036371009116514585e+00
-5.000000000000000000e-01 5.055862532594402659e+00
-5.000000000000000000e-01 5.055862532594228576e+00
-5.000000000000000000e-01 4.498195752679712278e+00
-5.000000000000000000e-01 4.498195752679632342e+00
0.000000000000000000e+00 1.410812834862769982e+01
0.000000000000000000e+00 1.410812834594998044e+01
0.000000000000000000e+00 1.410812834565245666e+01
0.000000000000000000e+00 1.410812834475988353e+01
0.000000000000000000e+00 1.410812834327226106e+01
0.000000000000000000e+00 1.410812362692738731e+01
0.000000000000000000e+00 1.410812244903473633e+01
0.000000000000000000e+00 1.410812244903473633e+01
0.000000000000000000e+00 1.410812244843969054e+01
0.000000000000000000e+00 1.410809733546773614e+01
0.000000000000000000e+00 1.410809733368264496e+01
0.000000000000000000e+00 1.410809733249258358e+01
0.000000000000000000e+00 1.408758145284622287e+01
0.000000000000000000e+00 1.408758145138885531e+01
0.000000000000000000e+00 1.408758145022296127e+01
0.000000000000000000e+00 1.408758018814339685e+01
0.000000000000000000e+00 1.408758018785192334e+01
0.000000000000000000e+00 1.408758018726897632e+01
0.000000000000000000e+00 1.408758018581161053e+01
0.000000000000000000e+00 1.408758018552013702e+01
0.000000000000000000e+00 1.408758018522866529e+01
0.000000000000000000e+00 1.408758018493719177e+01
0.000000000000000000e+00 1.408758018464571826e+01
0.000000000000000000e+00 1.408758018377129950e+01
0.000000000000000000e+00 1.408756574167220599e+01
0.000000000000000000e+00 1.408756573963192338e+01
0.000000000000000000e+00 1.408756573817457891e+01
0.000000000000000000e+00 1.408749558537189017e+01
0.000000000000000000e+00 1.355045127754078216e+01
0.000000000000000000e+00 1.355045127634837598e+01
0.000000000000000000e+00 1.355045127549665551e+01
0.000000000000000000e+00 1.355037930244712996e+01
0.000000000000000000e+00 1.303882963893129165e+01
0.000000000000000000e+00 1.303882963852279175e+01
0.000000000000000000e+00 1.303882963801216732e+01
0.000000000000000000e+00 1.303882963750154289e+01
0.000000000000000000e+00 1.242714816726661375e+01
0.000000000000000000e+00 1.240659376039750583e+01
0.000000000000000000e+00 1.240659376028896688e+01
0.000000000000000000e+00 1.240659376028896688e+01
0.000000000000000000e+00 1.240659376023469740e+01
0.000000000000000000e+00 1.240659376018042792e+01
0.000000000000000000e+00 1.240659376007188897e+01
0.000000000000000000e+00 1.240659376007188897e+01
0.000000000000000000e+00 1.240659375985481105e+01
0.000000000000000000e+00 1.240659375985481105e+01
0.000000000000000000e+00 1.240659210195156703e+01
0.000000000000000000e+00 1.240659210173448912e+01
0.000000000000000000e+00 1.240659210157168246e+01
0.000000000000000000e+00 1.240658201085886247e+01
0.000000000000000000e+00 1.240658201080459477e+01
0.000000000000000000e+00 1.240658201053325094e+01
0.000000000000000000e+00 1.240651744518346256e+01
0.000000000000000000e+00 1.238606479720596099e+01
0.000000000000000000e+00 1.186945034775685137e+01
0.000000000000000000e+00 1.186945034766170259e+01
0.000000000000000000e+00 1.186945034753484052e+01
0.000000000000000000e+00 1.186937812238649137e+01
0.000000000000000000e+00 1.184896323446818123e+01
0.000000000000000000e+00 1.184889419568970048e+01
0.000000000000000000e+00 1.184889419541006461e+01
0.000000000000000000e+00 1.184889419528578181e+01
0.000000000000000000e+00 1.184889073367001089e+01
0.000000000000000000e+00 1.184889073357680012e+01
0.000000000000000000e+00 1.184889073348358757e+01
0.000000000000000000e+00 1.184889073326609399e+01
0.000000000000000000e+00 1.184889073326609399e+01
0.000000000000000000e+00 1.184889073323502373e+01
0.000000000000000000e+00 1.184889073314181296e+01
0.000000000000000000e+00 1.184889073314181296e+01
0.000000000000000000e+00 1.184889073280003657e+01
0.000000000000000000e+00 1.184887046511962616e+01
0.000000000000000000e+00 1.184887046505748565e+01
0.000000000000000000e+00 1.184887046496427665e+01
0.000000000000000000e+00 1.131183768732954142e+01
0.000000000000000000e+00 1.080013628181365171e+01
0.000000000000000000e+00 1.080013628178099339e+01
0.000000000000000000e+00 1.080013628178099339e+01
0.000000000000000000e+00 1.080013628173744777e+01
0.000000000000000000e+00 8.819642197262753669e+00
0.000000000000000000e+00 8.819642197252237636e+00
0.000000000000000000e+00 8.819642197238717785e+00
0.000000000000000000e+00 8.819579520834132325e+00
0.000000000000000000e+00 8.261975290260267002e+00
0.000000000000000000e+00 8.261947276179359534e+00
0.000000000000000000e+00 8.261947276179359534e+00
0.000000000000000000e+00 8.261947276170758414e+00
0.000000000000000000e+00 6.580968177413896392e+00
0.000000000000000000e+00 6.580949757557990054e+00
0.000000000000000000e+00 6.580949757557829294e+00
0.000000000000000000e+00 6.580949757557669422e+00
0.000000000000000000e+00 6.560408979876870994e+00
0.000000000000000000e+00 6.560408979876713786e+00
0.000000000000000000e+00 6.560408979876243052e+00
0.000000000000000000e+00 6.560376582052602323e+00
0.000000000000000000e+00 6.023285418558832482e+00
0.000000000000000000e+00 6.023285418558465665e+00
0.000000000000000000e+00 6.023285418557181359e+00
0.000000000000000000e+00 6.023264547616966169e+00
0.000000000000000000e+00 7.347855552811949353e-01
5.000000000000000000e-01 1.561266048920026428e+01
5.000000000000000000e-01 1.561266048920026428e+01
5.000000000000000000e-01 1.561266048920026428e+01
5.000000000000000000e-01 1.561266048786079530e+01
5.000000000000000000e-01 1.561266048518185734e+01
5.000000000000000000e-01 1.561266048250292116e+01
5.000000000000000000e-01 1.561266047312664185e+01
5.000000000000000000e-01 1.561266047312664185e+01
5.000000000000000000e-01 1.561265737226178629e+01
5.000000000000000000e-01 1.561265736824339356e+01
5.000000000000000000e-01 1.561265735618821360e+01
5.000000000000000000e-01 1.561265734547249906e+01
5.000000000000000000e-01 1.561265734279356998e+01
5.000000000000000000e-01 1.561265733743571360e+01
5.000000000000000000e-01 1.561264711737504918e+01
5.000000000000000000e-01 1.561264711335669730e+01
5.000000000000000000e-01 1.561264711067779665e+01
5.000000000000000000e-01 1.561264708656768541e+01
5.000000000000000000e-01 1.561264646640224640e+01
5.000000000000000000e-01 1.561264646238389808e+01
5.000000000000000000e-01 1.561262760444839692e+01
5.000000000000000000e-01 1.561262759507242670e+01
5.000000000000000000e-01 1.507553238546559982e+01
5.000000000000000000e-01 1.507553237920305733e+01
5.000000000000000000e-01 1.456390960154227265e+01
5.000000000000000000e-01 1.456390958840141181e+01
5.000000000000000000e-01 1.393166980557288781e+01
5.000000000000000000e-01 1.393166980432591373e+01
5.000000000000000000e-01 1.393166980258014931e+01
5.000000000000000000e-01 1.393166980208135897e+01
5.000000000000000000e-01 1.393166980183196557e+01
5.000000000000000000e-01 1.393166979908862046e+01
5.000000000000000000e-01 1.393165808408188866e+01
5.000000000000000000e-01 1.393165808283493057e+01
5.000000000000000000e-01 1.391112875345601196e+01
5.000000000000000000e-01 1.391112874539331123e+01
5.000000000000000000e-01 1.337397699990943067e+01
5.000000000000000000e-01 1.337397699748207458e+01
5.000000000000000000e-01 1.337397699719650390e+01
5.000000000000000000e-01 1.337397699591143230e+01
5.000000000000000000e-01 1.337397699462636069e+01
5.000000000000000000e-01 1.337397699334128909e+01
5.000000000000000000e-01 1.337395661025158056e+01
5.000000000000000000e-01 1.337395660511140072e+01
5.000000000000000000e-01 1.258342462101419557e+01
5.000000000000000000e-01 1.258342462062559441e+01
5.000000000000000000e-01 1.202571011702816683e+01
5.000000000000000000e-01 1.202571011606408824e+01
5.000000000000000000e-01 1.195119266121498214e+01
5.000000000000000000e-01 1.195119266062988750e+01
5.000000000000000000e-01 1.139348280673551805e+01
5.000000000000000000e-01 1.139348280661729085e+01
5.000000000000000000e-01 1.139348280655817724e+01
5.000000000000000000e-01 1.139348280642024491e+01
5.000000000000000000e-01 1.139348280640053979e+01
5.000000000000000000e-01 1.139348280632172106e+01
5.000000000000000000e-01 1.139346871523057025e+01
5.000000000000000000e-01 1.139346871523057025e+01
5.000000000000000000e-01 1.083579596942557721e+01
5.000000000000000000e-01 1.083579596939173229e+01
5.000000000000000000e-01 1.034472398525962333e+01
5.000000000000000000e-01 1.034472398523891101e+01
5.000000000000000000e-01 1.034472398519748815e+01
5.000000000000000000e-01 1.034472398517677583e+01
5.000000000000000000e-01 1.034471454908699961e+01
5.000000000000000000e-01 1.034471454903176912e+01
5.000000000000000000e-01 1.034469882133289964e+01
5.000000000000000000e-01 1.034469882123624629e+01
5.000000000000000000e-01 1.032418724079153627e+01
5.000000000000000000e-01 1.032418724073066407e+01
5.000000000000000000e-01 1.032418724066302751e+01
5.000000000000000000e-01 1.032418724065626492e+01
5.000000000000000000e-01 1.032418724064950055e+01
5.000000000000000000e-01 1.032418724059539272e+01
5.000000000000000000e-01 1.032418009194108599e+01
5.000000000000000000e-01 1.032418009177199636e+01
5.000000000000000000e-01 9.787049693056642852e+00
5.000000000000000000e-01 9.787049692918294852e+00
5.000000000000000000e-01 9.787038006671775037e+00
5.000000000000000000e-01 9.787038006640152332e+00
5.000000000000000000e-01 9.787036538594451329e+00
5.000000000000000000e-01 9.787036538570735189e+00
5.000000000000000000e-01 9.787036538531207697e+00
5.000000000000000000e-01 9.787036538503539163e+00
5.000000000000000000e-01 8.106035296135898349e+00
5.000000000000000000e-01 8.106035296124860068e+00
5.000000000000000000e-01 8.085490574262864882e+00
5.000000000000000000e-01 8.085490574260703056e+00
5.000000000000000000e-01 8.085490574258539453e+00
5.000000000000000000e-01 8.085490574255656426e+00
5.000000000000000000e-01 8.085490574253492824e+00
5.000000000000000000e-01 8.085490574252050422e+00
5.000000000000000000e-01 8.085471503093492274e+00
5.000000000000000000e-01 8.085471503079073585e+00
5.000000000000000000e-01 7.548377616666231305e+00
5.000000000000000000e-01 7.548377616664967427e+00
5.000000000000000000e-01 4.498540569750007379e+00
5.000000000000000000e-01 4.498540569749887474e+00
5.000000000000000000e-01 2.259871473817449683e+00
5.000000000000000000e-01 2.259871473817443466e+00
1.000000000000000000e+00 1.515725823847031428e+01
1.000000000000000000e+00 1.515725823677135153e+01
1.000000000000000000e+00 1.515725424081915840e+01
1.000000000000000000e+00 1.515725424081915840e+01
1.000000000000000000e+00 1.515725423996967969e+01
1.000000000000000000e+00 1.515725423912020275e+01
1.000000000000000000e+00 1.515723555332866113e+01
1.000000000000000000e+00 1.515723554993081201e+01
1.000000000000000000e+00 1.515723554738242562e+01
1.000000000000000000e+00 1.515723554568350195e+01
1.000000000000000000e+00 1.459955481381601494e+01
1.000000000000000000e+00 1.459955481284332102e+01
1.000000000000000000e+00 1.459955481235697405e+01
1.000000000000000000e+00 1.459955481187062531e+01
1.000000000000000000e+00 1.410849592271662445e+01
1.000000000000000000e+00 1.410849522238469334e+01
1.000000000000000000e+00 1.410849522089652552e+01
1.000000000000000000e+00 1.410849522089652552e+01
1.000000000000000000e+00 1.408797127089103185e+01
1.000000000000000000e+00 1.408797127089103185e+01
1.000000000000000000e+00 1.408797127089103185e+01
1.000000000000000000e+00 1.408796387422666641e+01
1.000000000000000000e+00 1.355080188806033092e+01
1.000000000000000000e+00 1.355079941431464263e+01
1.000000000000000000e+00 1.355079941380343200e+01
1.000000000000000000e+00 1.355079941346262551e+01
1.000000000000000000e+00 1.347626767729593844e+01
1.000000000000000000e+00 1.347626767697960837e+01
1.000000000000000000e+00 1.347626767682144511e+01
1.000000000000000000e+00 1.347626767634695177e+01
1.000000000000000000e+00 1.345573545845341101e+01
1.000000000000000000e+00 1.345573545783360991e+01
1.000000000000000000e+00 1.345573545783360991e+01
1.000000000000000000e+00 1.345573545752371025e+01
1.000000000000000000e+00 1.291856683701239028e+01
1.000000000000000000e+00 1.291856683701239028e+01
1.000000000000000000e+00 1.291856683701239028e+01
1.000000000000000000e+00 1.291856683646907200e+01
1.000000000000000000e+00 1.291856488419504245e+01
1.000000000000000000e+00 1.291856488365172595e+01
1.000000000000000000e+00 1.291856488365172595e+01
1.000000000000000000e+00 1.291856488338006770e+01
1.000000000000000000e+00 1.291856488328951436e+01
1.000000000000000000e+00 1.291856488328951436e+01
1.000000000000000000e+00 1.291856488292730276e+01
1.000000000000000000e+00 1.291856488274619785e+01
1.000000000000000000e+00 1.291855120905673715e+01
1.000000000000000000e+00 1.291855120869453089e+01
1.000000000000000000e+00 1.291855120869453089e+01
1.000000000000000000e+00 1.291855120869453089e+01
1.000000000000000000e+00 1.289801039918407177e+01
1.000000000000000000e+00 1.289801039918407177e+01
1.000000000000000000e+00 1.289801039900665103e+01
1.000000000000000000e+00 1.289801039865180954e+01
1.000000000000000000e+00 1.236088623704806899e+01
1.000000000000000000e+00 1.236088623673700049e+01
1.000000000000000000e+00 1.236088623663331099e+01
1.000000000000000000e+00 1.236088623652962148e+01
1.000000000000000000e+00 1.186980453585737649e+01
1.000000000000000000e+00 1.186980453576219574e+01
1.000000000000000000e+00 1.186980453554010495e+01
1.000000000000000000e+00 1.186978102483662845e+01
1.000000000000000000e+00 1.184926698523107191e+01
1.000000000000000000e+00 1.184926698516890831e+01
1.000000000000000000e+00 1.184926698516890831e+01
1.000000000000000000e+00 1.184926698513782561e+01
1.000000000000000000e+00 1.184926698504457931e+01
1.000000000000000000e+00 1.184926698504457931e+01
1.000000000000000000e+00 1.184926698501349662e+01
1.000000000000000000e+00 1.184926698501349662e+01
1.000000000000000000e+00 1.184926698498241571e+01
1.000000000000000000e+00 1.184926379438603661e+01
1.000000000000000000e+00 1.184926379407521502e+01
1.000000000000000000e+00 1.184926379370222982e+01
1.000000000000000000e+00 1.184925391883357904e+01
1.000000000000000000e+00 1.184925391877141543e+01
1.000000000000000000e+00 1.184925391867817090e+01
1.000000000000000000e+00 1.184925109308458779e+01
1.000000000000000000e+00 1.131213143253692266e+01
1.000000000000000000e+00 1.131212544960651023e+01
1.000000000000000000e+00 1.131212544958834521e+01
1.000000000000000000e+00 1.131212544953385013e+01
1.000000000000000000e+00 9.610572862051142806e+00
1.000000000000000000e+00 9.610572862047828124e+00
1.000000000000000000e+00 9.610572862044515219e+00
1.000000000000000000e+00 9.610553727782832567e+00
1.000000000000000000e+00 8.262315380500520945e+00
1.000000000000000000e+00 7.630079736927410927e+00
1.000000000000000000e+00 7.630079736926953515e+00
1.000000000000000000e+00 7.630079736926496103e+00
1.000000000000000000e+00 7.630079736926039580e+00
1.000000000000000000e+00 7.072387238960950562e+00
1.000000000000000000e+00 7.072387238960165412e+00
1.000000000000000000e+00 7.072387238959510825e+00
1.000000000000000000e+00 7.072387238958724787e+00
1.000000000000000000e+00 6.023630317285678437e+00
1.000000000000000000e+00 6.023630317285311619e+00
1.000000000000000000e+00 6.023630317284944802e+00
1.000000000000000000e+00 6.023625385067883364e+00
1.000000000000000000e+00 3.784961083233091106e+00
1.500000000000000000e+00 1.666179143827253029e+01
1.500000000000000000e+00 1.666179143062371182e+01
1.500000000000000000e+00 1.666179142297489335e+01
1.500000000000000000e+00 1.666179142297489335e+01
1.500000000000000000e+00 1.612465999823105278e+01
1.500000000000000000e+00 1.612465998482063512e+01
1.500000000000000000e+00 1.612464318841257338e+01
1.500000000000000000e+00 1.612464318394250995e+01
1.500000000000000000e+00 1.612464317947244652e+01
1.500000000000000000e+00 1.612464317947244652e+01
1.500000000000000000e+00 1.612464317276734960e+01
1.500000000000000000e+00 1.612464316382721918e+01
1.500000000000000000e+00 1.563357391495083171e+01
1.500000000000000000e+00 1.563357390674417324e+01
1.500000000000000000e+00 1.561304831308275354e+01
1.500000000000000000e+00 1.561304831174276586e+01
1.500000000000000000e+00 1.561304830906278873e+01
1.500000000000000000e+00 1.561304830772280106e+01
1.500000000000000000e+00 1.561304830504282393e+01
1.500000000000000000e+00 1.561304830102286090e+01
1.500000000000000000e+00 1.561303835836043241e+01
1.500000000000000000e+00 1.561303835032058274e+01
1.500000000000000000e+00 1.507588646462668436e+01
1.500000000000000000e+00 1.507588646149430289e+01
1.500000000000000000e+00 1.500133614696768092e+01
1.500000000000000000e+00 1.500133614260665205e+01
1.500000000000000000e+00 1.498081391059593948e+01
1.500000000000000000e+00 1.498081390703556970e+01
1.500000000000000000e+00 1.498080988311431483e+01
1.500000000000000000e+00 1.498080988169017402e+01
1.500000000000000000e+00 1.498080988097810184e+01
1.500000000000000000e+00 1.498080988026603144e+01
1.500000000000000000e+00 1.498080987955396104e+01
1.500000000000000000e+00 1.498080987670567588e+01
1.500000000000000000e+00 1.444365532211003789e+01
1.500000000000000000e+00 1.444365531836477246e+01
1.500000000000000000e+00 1.444364894852177983e+01
1.500000000000000000e+00 1.444364894644109043e+01
1.500000000000000000e+00 1.444364894602495220e+01
1.500000000000000000e+00 1.444364894602495220e+01
1.500000000000000000e+00 1.444364894519267573e+01
1.500000000000000000e+00 1.444364894519267573e+01
1.500000000000000000e+00 1.442308963941593980e+01
1.500000000000000000e+00 1.442308963819293055e+01
1.500000000000000000e+00 1.442308963778526021e+01
1.500000000000000000e+00 1.442308963737759164e+01
1.500000000000000000e+00 1.442308963737759164e+01
1.500000000000000000e+00 1.442308963656225096e+01
1.500000000000000000e+00 1.442308293734800451e+01
1.500000000000000000e+00 1.442308293734800451e+01
1.500000000000000000e+00 1.388596202051765793e+01
1.500000000000000000e+00 1.388596201932639751e+01
1.500000000000000000e+00 1.337434540325636867e+01
1.500000000000000000e+00 1.337434540297069141e+01
1.500000000000000000e+00 1.337434540297069141e+01
1.500000000000000000e+00 1.337434540282785278e+01
1.500000000000000000e+00 1.337434540268501415e+01
1.500000000000000000e+00 1.337434540239933867e+01
1.500000000000000000e+00 1.337433248725909785e+01
1.500000000000000000e+00 1.337433248683058906e+01
1.500000000000000000e+00 1.139386217794464251e+01
1.500000000000000000e+00 1.139386217792493028e+01
1.500000000000000000e+00 1.139386217784608135e+01
1.500000000000000000e+00 1.139386217780665866e+01
1.500000000000000000e+00 1.139386217780665866e+01
1.500000000000000000e+00 1.139386217778694643e+01
1.500000000000000000e+00 1.139385654452396679e+01
1.500000000000000000e+00 1.139385654442540741e+01
1.500000000000000000e+00 1.083615129963094681e+01
1.500000000000000000e+00 1.083615129963094681e+01
1.500000000000000000e+00 1.083615129959708945e+01
1.500000000000000000e+00 1.083615129959708945e+01
1.500000000000000000e+00 1.083615129957451906e+01
1.500000000000000000e+00 1.083615129956323386e+01
1.500000000000000000e+00 1.083614808614541403e+01
1.500000000000000000e+00 1.083614808599870294e+01
1.500000000000000000e+00 9.787398303580006953e+00
1.500000000000000000e+00 9.787398303572098612e+00
1.500000000000000000e+00 9.155160001351543286e+00
1.500000000000000000e+00 9.155160001347340426e+00
1.500000000000000000e+00 9.155160001341036136e+00
1.500000000000000000e+00 9.155160001338934705e+00
1.500000000000000000e+00 9.155160001338934705e+00
1.500000000000000000e+00 9.155160001334733622e+00
1.500000000000000000e+00 9.155152656861211824e+00
1.500000000000000000e+00 9.155152656857008964e+00
1.500000000000000000e+00 9.134619971619482470e+00
1.500000000000000000e+00 9.134619971607129685e+00
1.500000000000000000e+00 8.597487813928983869e+00
1.500000000000000000e+00 8.597487813916952604e+00
1.500000000000000000e+00 8.597474188860370958e+00
1.500000000000000000e+00 8.597474188857965771e+00
1.500000000000000000e+00 8.597474188857965771e+00
1.500000000000000000e+00 8.597474188856763178e+00
1.500000000000000000e+00 8.597474188855558808e+00
1.500000000000000000e+00 8.597474188847138876e+00
1.500000000000000000e+00 7.548715978459745735e+00
1.500000000000000000e+00 7.548715978458481857e+00
1.500000000000000000e+00 3.308980348150369011e+00
1.500000000000000000e+00 3.308980348150357020e+00
2.000000000000000000e+00 1.818687224428128602e+01
2.000000000000000000e+00 1.818686707720715034e+01
2.000000000000000000e+00 1.818686705963211381e+01
2.000000000000000000e+00 1.818686698933197121e+01
2.000000000000000000e+00 1.818686695418190169e+01
2.000000000000000000e+00 1.818686695418190169e+01
2.000000000000000000e+00 1.818686691903183572e+01
2.000000000000000000e+00 1.818686690145679918e+01
2.000000000000000000e+00 1.818686684873170023e+01
2.000000000000000000e+00 1.818686268345763324e+01
2.000000000000000000e+00 1.818686263073275455e+01
2.000000000000000000e+00 1.818686257800788297e+01
2.000000000000000000e+00 1.818686256043292460e+01
2.000000000000000000e+00 1.764973127525029284e+01
2.000000000000000000e+00 1.764973115199591547e+01
2.000000000000000000e+00 1.764973115199591547e+01
2.000000000000000000e+00 1.764973105955514399e+01
2.000000000000000000e+00 1.713812427754047008e+01
2.000000000000000000e+00 1.713812424059303652e+01
2.000000000000000000e+00 1.713812421596141533e+01
2.000000000000000000e+00 1.713811465893812525e+01
2.000000000000000000e+00 1.650588119773600937e+01
2.000000000000000000e+00 1.650588118464679965e+01
2.000000000000000000e+00 1.650588117810219657e+01
2.000000000000000000e+00 1.650588117155759349e+01
2.000000000000000000e+00 1.594817298459996380e+01
2.000000000000000000e+00 1.594817296399193474e+01
2.000000000000000000e+00 1.594817296399193474e+01
2.000000000000000000e+00 1.594817295462465090e+01
2.000000000000000000e+00 1.515764493086884812e+01
2.000000000000000000e+00 1.515764493001903723e+01
2.000000000000000000e+00 1.515764493001903723e+01
2.000000000000000000e+00 1.515764492152093901e+01
2.000000000000000000e+00 1.459992533521563374e+01
2.000000000000000000e+00 1.459992533083688748e+01
2.000000000000000000e+00 1.459992532889077843e+01
2.000000000000000000e+00 1.459992532743119575e+01
2.000000000000000000e+00 1.452541714418685181e+01
2.000000000000000000e+00 1.396769558808119704e+01
2.000000000000000000e+00 1.396769558782265364e+01
2.000000000000000000e+00 1.396769558497867791e+01
2.000000000000000000e+00 1.396768500492438037e+01
2.000000000000000000e+00 1.340999158166579619e+01
2.000000000000000000e+00 1.291894053184720192e+01
2.000000000000000000e+00 1.291894053166602774e+01
2.000000000000000000e+00 1.291894053157544064e+01
2.000000000000000000e+00 1.291894053139426823e+01
2.000000000000000000e+00 1.291894053130368114e+01
2.000000000000000000e+00 1.291894053112250695e+01
2.000000000000000000e+00 1.291894053112250695e+01
2.000000000000000000e+00 1.291894053103192164e+01
2.000000000000000000e+00 1.291893709209200303e+01
2.000000000000000000e+00 1.291893709191082884e+01
2.000000000000000000e+00 1.291893709172965643e+01
2.000000000000000000e+00 1.291893709109555211e+01
2.000000000000000000e+00 1.291892305246596884e+01
2.000000000000000000e+00 1.291892305219421289e+01
2.000000000000000000e+00 1.291892305183187162e+01
2.000000000000000000e+00 1.291892305119777440e+01
2.000000000000000000e+00 1.289840354393498956e+01
2.000000000000000000e+00 1.289840354384624455e+01
2.000000000000000000e+00 1.289840354304753589e+01
2.000000000000000000e+00 1.289840354260380906e+01
2.000000000000000000e+00 1.236124128177066162e+01
2.000000000000000000e+00 1.236124128140761869e+01
2.000000000000000000e+00 1.236124128140761869e+01
2.000000000000000000e+00 1.236124128114830256e+01
2.000000000000000000e+00 1.236123635086548411e+01
2.000000000000000000e+00 1.236123635065803228e+01
2.000000000000000000e+00 1.236123635034685542e+01
2.000000000000000000e+00 1.236123635019126610e+01
2.000000000000000000e+00 1.236123635013940358e+01
2.000000000000000000e+00 1.236123634993195175e+01
2.000000000000000000e+00 1.236123634977636243e+01
2.000000000000000000e+00 1.236123634956891060e+01
2.000000000000000000e+00 1.236123416611644821e+01
2.000000000000000000e+00 1.236123416611644821e+01
2.000000000000000000e+00 1.236123416606458569e+01
2.000000000000000000e+00 1.236123416580527135e+01
2.000000000000000000e+00 1.131248210417548350e+01
2.000000000000000000e+00 1.068024079665494597e+01
2.000000000000000000e+00 1.068024079658735204e+01
2.000000000000000000e+00 1.068024079652941438e+01
2.000000000000000000e+00 1.068024079647147673e+01
2.000000000000000000e+00 1.065969607224861804e+01
2.000000000000000000e+00 1.065969607220131721e+01
2.000000000000000000e+00 1.065969607215401815e+01
2.000000000000000000e+00 1.065969607206887915e+01
2.000000000000000000e+00 1.012256338880987272e+01
2.000000000000000000e+00 1.012256338871035943e+01
2.000000000000000000e+00 1.012256338871035943e+01
2.000000000000000000e+00 1.012256338866612992e+01
2.000000000000000000e+00 7.072753297917913962e+00
2.000000000000000000e+00 7.072753297916865911e+00
2.000000000000000000e+00 7.072753297915556736e+00
2.000000000000000000e+00 7.072753297915556736e+00
2.000000000000000000e+00 4.834067436239115167e+00
2.000000000000000000e+00 4.834067436239087634e+00
2.000000000000000000e+00 4.834067436238836279e+00
2.000000000000000000e+00 4.834067436238724369e+00
2.500000000000000000e+00 2.026966780891601161e+01
2.500000000000000000e+00 2.026966766784262930e+01
2.500000000000000000e+00 2.026966766784262930e+01
2.500000000000000000e+00 2.026966752676926831e+01
2.500000000000000000e+00 2.026966738569592863e+01
2.500000000000000000e+00 2.026966724462260672e+01
2.500000000000000000e+00 2.026966357672324293e+01
2.500000000000000000e+00 2.026966343565046103e+01
2.500000000000000000e+00 1.971194675777162431e+01
2.500000000000000000e+00 1.971194667700537551e+01
2.500000000000000000e+00 1.971194667700537551e+01
2.500000000000000000e+00 1.971194667700537551e+01
2.500000000000000000e+00 1.971194651547289922e+01
2.500000000000000000e+00 1.971194643470666819e+01
2.500000000000000000e+00 1.971194401172282440e+01
2.500000000000000000e+00 1.971194393095679942e+01
2.500000000000000000e+00 1.828920452416304698e+01
2.500000000000000000e+00 1.828920450469417247e+01
2.500000000000000000e+00 1.773147691947974636e+01
2.500000000000000000e+00 1.773147690833364720e+01
2.500000000000000000e+00 1.773147689718755160e+01
2.500000000000000000e+00 1.773147688604145600e+01
2.500000000000000000e+00 1.773147520298232038e+01
2.500000000000000000e+00 1.773147520298232038e+01
2.500000000000000000e+00 1.773146260799395790e+01
2.500000000000000000e+00 1.773146259684801862e+01
2.500000000000000000e+00 1.717375648282310152e+01
2.500000000000000000e+00 1.717375646367925413e+01
2.500000000000000000e+00 1.668271968053342036e+01
2.500000000000000000e+00 1.668271967662813182e+01
2.500000000000000000e+00 1.668271967272283973e+01
2.500000000000000000e+00 1.668271967272283973e+01
2.500000000000000000e+00 1.668271966491225911e+01
2.500000000000000000e+00 1.668271966491225911e+01
2.500000000000000000e+00 1.668271821605062044e+01
2.500000000000000000e+00 1.668271820433476549e+01
2.500000000000000000e+00 1.666219224396001053e+01
2.500000000000000000e+00 1.666219223630812607e+01
2.500000000000000000e+00 1.612501016756768024e+01
2.500000000000000000e+00 1.612501016309597546e+01
2.500000000000000000e+00 1.612500595523032487e+01
2.500000000000000000e+00 1.612500595299448136e+01
2.500000000000000000e+00 1.612500595075863785e+01
2.500000000000000000e+00 1.612500595075863785e+01
2.500000000000000000e+00 1.612500594852279434e+01
2.500000000000000000e+00 1.612500594852279434e+01
2.500000000000000000e+00 1.605049285683016080e+01
2.500000000000000000e+00 1.605049284437836477e+01
2.500000000000000000e+00 1.549277639232606596e+01
2.500000000000000000e+00 1.549277638282094927e+01
2.500000000000000000e+00 1.549277400654431602e+01
2.500000000000000000e+00 1.549277400654431602e+01
2.500000000000000000e+00 1.549277400535617844e+01
2.500000000000000000e+00 1.549277400535617844e+01
2.500000000000000000e+00 1.549275934147802758e+01
2.500000000000000000e+00 1.549275933434931041e+01
2.500000000000000000e+00 1.493507955990239999e+01
2.500000000000000000e+00 1.493507955309998891e+01
2.500000000000000000e+00 1.444401677656736815e+01
2.500000000000000000e+00 1.444401677615107715e+01
2.500000000000000000e+00 1.444401677531849515e+01
2.500000000000000000e+00 1.444401677490220415e+01
2.500000000000000000e+00 1.444401677448591315e+01
2.500000000000000000e+00 1.444401677406962214e+01
2.500000000000000000e+00 1.444400189677303814e+01
2.500000000000000000e+00 1.444400189635675424e+01
2.500000000000000000e+00 1.442347976656717279e+01
2.500000000000000000e+00 1.442347976656717279e+01
2.500000000000000000e+00 1.442347976615934435e+01
2.500000000000000000e+00 1.442347976575151414e+01
2.500000000000000000e+00 1.442347976575151414e+01
2.500000000000000000e+00 1.442347976412020039e+01
2.500000000000000000e+00 1.442347735344703885e+01
2.500000000000000000e+00 1.442347735303921041e+01
2.500000000000000000e+00 1.388632491073168218e+01
2.500000000000000000e+00 1.388632491025500393e+01
2.500000000000000000e+00 1.388632213790346093e+01
2.500000000000000000e+00 1.388632213718844710e+01
2.500000000000000000e+00 1.388632213695010797e+01
2.500000000000000000e+00 1.388632213695010797e+01
2.500000000000000000e+00 1.388632213647343328e+01
2.500000000000000000e+00 1.388632213623509415e+01
2.500000000000000000e+00 1.218477471519039312e+01
2.500000000000000000e+00 1.218477471501650200e+01
2.500000000000000000e+00 1.083653265629043005e+01
2.500000000000000000e+00 1.083653265626785078e+01
2.500000000000000000e+00 1.020429877749803538e+01
2.500000000000000000e+00 1.020429877748003733e+01
2.500000000000000000e+00 9.646589998990645398e+00
2.500000000000000000e+00 9.646589998990645398e+00
2.500000000000000000e+00 8.597836564576343932e+00
2.500000000000000000e+00 8.597836564575139562e+00
2.500000000000000000e+00 8.597836564573936968e+00
2.500000000000000000e+00 8.597836564573936968e+00
2.500000000000000000e+00 8.597836564572732598e+00
2.500000000000000000e+00 8.597836564572732598e+00
2.500000000000000000e+00 8.597832594256304972e+00
2.500000000000000000e+00 8.597832594247881488e+00
2.500000000000000000e+00 6.359153369068985207e+00
2.500000000000000000e+00 6.359153369068985207e+00
3.000000000000000000e+00 2.734164176070837726e+01
3.000000000000000000e+00 2.734147552348748178e+01
3.000000000000000000e+00 2.734147552348748178e+01
3.000000000000000000e+00 2.678385640842838100e+01
3.000000000000000000e+00 2.678366607725156001e+01
3.000000000000000000e+00 2.678366607725156001e+01
3.000000000000000000e+00 2.678366607725156001e+01
3.000000000000000000e+00 2.510275541963936163e+01
3.000000000000000000e+00 2.510273770123791692e+01
3.000000000000000000e+00 2.510271998315040420e+01
3.000000000000000000e+00 2.510270226537681992e+01
3.000000000000000000e+00 2.454503985295468382e+01
3.000000000000000000e+00 2.454503985295468382e+01
3.000000000000000000e+00 2.454499927718449825e+01
3.000000000000000000e+00 2.454499927718449825e+01
3.000000000000000000e+00 2.403346789844436771e+01
3.000000000000000000e+00 2.403346181651469138e+01
3.000000000000000000e+00 2.403345573462200591e+01
3.000000000000000000e+00 2.403344357094760397e+01
3.000000000000000000e+00 2.347572623677349668e+01
3.000000000000000000e+00 2.347572275486116311e+01
3.000000000000000000e+00 2.347571927296095140e+01
3.000000000000000000e+00 2.347571579107286155e+01
3.000000000000000000e+00 2.205299611877379817e+01
3.000000000000000000e+00 2.149526833501510481e+01
3.000000000000000000e+00 2.149526160767746319e+01
3.000000000000000000e+00 2.149525920506784615e+01
3.000000000000000000e+00 2.149525920506784615e+01
3.000000000000000000e+00 2.093752436670357753e+01
3.000000000000000000e+00 1.981428867241278979e+01
3.000000000000000000e+00 1.981427999388000316e+01
3.000000000000000000e+00 1.981427990441098430e+01
3.000000000000000000e+00 1.981427981494197610e+01
3.000000000000000000e+00 1.925655889583342528e+01
3.000000000000000000e+00 1.925655869094499195e+01
3.000000000000000000e+00 1.925655869094499195e+01
3.000000000000000000e+00 1.925655290286410093e+01
3.000000000000000000e+00 1.925655285164229369e+01
3.000000000000000000e+00 1.925655280042049355e+01
3.000000000000000000e+00 1.925655280042049355e+01
3.000000000000000000e+00 1.925655274919869342e+01
3.000000000000000000e+00 1.925654772947502025e+01
3.000000000000000000e+00 1.925654624405141746e+01
3.000000000000000000e+00 1.925654609038703313e+01
3.000000000000000000e+00 1.925654588550122526e+01
3.000000000000000000e+00 1.925653589736891647e+01
3.000000000000000000e+00 1.925653589736891647e+01
3.000000000000000000e+00 1.925653584614798319e+01
3.000000000000000000e+00 1.925651802142219893e+01
3.000000000000000000e+00 1.869884458176114705e+01
3.000000000000000000e+00 1.869884161989126170e+01
3.000000000000000000e+00 1.869884159056586270e+01
3.000000000000000000e+00 1.869884150258966571e+01
3.000000000000000000e+00 1.820779380253415880e+01
3.000000000000000000e+00 1.820779378458745867e+01
3.000000000000000000e+00 1.820779378458745867e+01
3.000000000000000000e+00 1.820779378458745867e+01
3.000000000000000000e+00 1.818726698924589869e+01
3.000000000000000000e+00 1.818726697166383133e+01
3.000000000000000000e+00 1.818726693649970017e+01
3.000000000000000000e+00 1.818726691891763281e+01
3.000000000000000000e+00 1.765008962967128880e+01
3.000000000000000000e+00 1.765008960912152958e+01
3.000000000000000000e+00 1.765008959884664819e+01
3.000000000000000000e+00 1.765008959884664819e+01
3.000000000000000000e+00 1.757555974803996790e+01
3.000000000000000000e+00 1.701785401965380728e+01
3.000000000000000000e+00 1.701785401965380728e+01
3.000000000000000000e+00 1.701785401419371269e+01
3.000000000000000000e+00 1.701784379840535877e+01
3.000000000000000000e+00 1.646016681829637918e+01
3.000000000000000000e+00 1.594855452789972361e+01
3.000000000000000000e+00 1.594855452602555168e+01
3.000000000000000000e+00 1.594855452602555168e+01
3.000000000000000000e+00 1.594855451478052011e+01
3.000000000000000000e+00 1.396808507827218548e+01
3.000000000000000000e+00 1.396808507749625328e+01
3.000000000000000000e+00 1.396808507697896573e+01
3.000000000000000000e+00 1.396807546154455615e+01
3.000000000000000000e+00 1.341036381206151695e+01
3.000000000000000000e+00 1.341036254570891728e+01
3.000000000000000000e+00 1.341036254541276307e+01
3.000000000000000000e+00 1.341036254526468596e+01
3.000000000000000000e+00 1.236161199825851931e+01
3.000000000000000000e+00 1.236161199810287314e+01
3.000000000000000000e+00 1.236161199794722521e+01
3.000000000000000000e+00 1.236161199784346110e+01
3.000000000000000000e+00 1.172937612017743447e+01
3.000000000000000000e+00 1.172937612012229458e+01
3.000000000000000000e+00 1.172937612001201302e+01
3.000000000000000000e+00 1.172937446178983301e+01
3.000000000000000000e+00 1.117167655548657379e+01
3.000000000000000000e+00 1.117167309332864811e+01
3.000000000000000000e+00 1.117167309329707869e+01
3.000000000000000000e+00 1.117167309320237045e+01
3.000000000000000000e+00 1.012291864170411770e+01
3.000000000000000000e+00 1.012291864169858613e+01
3.000000000000000000e+00 1.012291864169305633e+01
3.000000000000000000e+00 1.012291864168199496e+01
3.000000000000000000e+00 5.883191339827681610e+00
3.500000000000000000e+00 2.886652015705763930e+01
3.500000000000000000e+00 2.886652013673893080e+01
3.500000000000000000e+00 2.830878656808786431e+01
3.500000000000000000e+00 2.830878656243400115e+01
3.500000000000000000e+00 2.357807349824183873e+01
3.500000000000000000e+00 2.357807349799676899e+01
3.500000000000000000e+00 2.302034444555052772e+01
3.500000000000000000e+00 2.302034444549420655e+01
3.500000000000000000e+00 2.302033167844663097e+01
3.500000000000000000e+00 2.302033167838837002e+01
3.500000000000000000e+00 2.302033167836498961e+01
3.500000000000000000e+00 2.302033167833189964e+01
3.500000000000000000e+00 2.302032083078006153e+01
3.500000000000000000e+00 2.302032083076771585e+01
3.500000000000000000e+00 2.246260596741273829e+01
3.500000000000000000e+00 2.246260596717528912e+01
3.500000000000000000e+00 2.133934735005056638e+01
3.500000000000000000e+00 2.133934735003119343e+01
3.500000000000000000e+00 2.078162877320132296e+01
3.500000000000000000e+00 2.078162877318953150e+01
3.500000000000000000e+00 2.078162877316536949e+01
3.500000000000000000e+00 2.078162877315320500e+01
3.500000000000000000e+00 2.078162241161792778e+01
3.500000000000000000e+00 2.078162241158866408e+01
3.500000000000000000e+00 2.078161121918548204e+01
3.500000000000000000e+00 2.078161121917695198e+01
3.500000000000000000e+00 2.022392877498188213e+01
3.500000000000000000e+00 2.022392877497903996e+01
3.500000000000000000e+00 1.971233888793381439e+01
3.500000000000000000e+00 1.971233888793127065e+01
3.500000000000000000e+00 1.773187105148714693e+01
3.500000000000000000e+00 1.773187105148587506e+01
3.500000000000000000e+00 1.717414352011413214e+01
3.500000000000000000e+00 1.717414352011028456e+01
3.500000000000000000e+00 1.549316182436111689e+01
3.500000000000000000e+00 1.549316182436110445e+01
3.500000000000000000e+00 1.549316182436110267e+01
3.500000000000000000e+00 1.549316182436062661e+01
3.500000000000000000e+00 1.549315934284795659e+01
3.500000000000000000e+00 1.549315934284772567e+01
3.500000000000000000e+00 1.549314884415969651e+01
3.500000000000000000e+00 1.549314884415958460e+01
3.500000000000000000e+00 1.493544789611203427e+01
3.500000000000000000e+00 1.493544789611201473e+01
3.500000000000000000e+00 1.493544284749187945e+01
3.500000000000000000e+00 1.493544284749177642e+01
3.500000000000000000e+00 1.493544284749177642e+01
3.500000000000000000e+00 1.493544284749170714e+01
3.500000000000000000e+00 1.493543970906348406e+01
3.500000000000000000e+00 1.493543970906342366e+01
3.500000000000000000e+00 1.388669195120576205e+01
3.500000000000000000e+00 1.388669195120576028e+01
3.500000000000000000e+00 1.325445215969192958e+01
3.500000000000000000e+00 1.325445215969186741e+01
3.500000000000000000e+00 1.269675935427832059e+01
3.500000000000000000e+00 1.269675935427830105e+01
3.500000000000000000e+00 9.646969600550878710e+00
3.500000000000000000e+00 9.646969600550876933e+00
3.500000000000000000e+00 7.408272934202652316e+00
3.500000000000000000e+00 7.408272934202652316e+00
4.000000000000000000e+00 2.510313907537616629e+01
4.000000000000000000e+00 2.454540512470077118e+01
4.000000000000000000e+00 2.454540512468073743e+01
4.000000000000000000e+00 2.454540512462780910e+01
4.000000000000000000e+00 2.454539454430615919e+01
4.000000000000000000e+00 2.398768872648563644e+01
4.000000000000000000e+00 1.925694748824295388e+01
4.000000000000000000e+00 1.925694748824279401e+01
4.000000000000000000e+00 1.925694748824179214e+01
4.000000000000000000e+00 1.925694257489075412e+01
4.000000000000000000e+00 1.869922765632815143e+01
4.000000000000000000e+00 1.869921734335269292e+01
4.000000000000000000e+00 1.869921734335259345e+01
4.000000000000000000e+00 1.869921734335256147e+01
4.000000000000000000e+00 1.701823341502412390e+01
4.000000000000000000e+00 1.701823341502394271e+01
4.000000000000000000e+00 1.701823341502391074e+01
4.000000000000000000e+00 1.701822393181139148e+01
4.000000000000000000e+00 1.646052568711125375e+01
4.000000000000000000e+00 1.646052560616497829e+01
4.000000000000000000e+00 1.646052560616495342e+01
4.000000000000000000e+00 1.646052560616490723e+01
4.000000000000000000e+00 1.341075363138778442e+01
4.000000000000000000e+00 1.117204934500518476e+01
4.000000000000000000e+00 1.117204934500518299e+01
4.000000000000000000e+00 1.117204934500518299e+01
4.000000000000000000e+00 1.117204615407893797e+01
4.000000000000000000e+00 8.933355222000388451e+00
4.500000000000000000e+00 2.078201659333411655e+01
4.500000000000000000e+00 2.078201659333399220e+01
4.500000000000000000e+00 2.022429761646478141e+01
4.500000000000000000e+00 2.022429761646448299e+01
4.500000000000000000e+00 1.493583066764748324e+01
4.500000000000000000e+00 1.493583066764747791e+01
4.500000000000000000e+00 1.269712776246737640e+01
4.500000000000000000e+00 1.269712776246737462e+01
5.000000000000000000e+00 1.646090659954392876e+01
