-5.000000000000000000e+00 9.901996979808496135e+00
-4.500000000000000000e+00 1.351432228735950503e+01
-4.500000000000000000e+00 1.351432224725951947e+01
-4.500000000000000000e+00 1.333547338406655847e+01
-4.500000000000000000e+00 1.333547333888563458e+01
-4.500000000000000000e+00 9.051430113712308767e+00
-4.500000000000000000e+00 9.051430092787311921e+00
-4.500000000000000000e+00 7.674008925176249107e+00
-4.500000000000000000e+00 7.674008909332088457e+00
-4.000000000000000000e+00 1.800221788878780060e+01
-4.000000000000000000e+00 1.697585320547927168e+01
-4.000000000000000000e+00 1.695101371115227806e+01
-4.000000000000000000e+00 1.695101370606018776e+01
-4.000000000000000000e+00 1.694615142097480742e+01
-4.000000000000000000e+00 1.580447314994664509e+01
-4.000000000000000000e+00 1.277816295212578801e+01
-4.000000000000000000e+00 1.269553370570650941e+01
-4.000000000000000000e+00 1.269553364479448909e+01
-4.000000000000000000e+00 1.264778522751153567e+01
-4.000000000000000000e+00 1.250292535816496020e+01
-4.000000000000000000e+00 1.245141943193717360e+01
-4.000000000000000000e+00 1.245141940778735901e+01
-4.000000000000000000e+00 1.243350446100692785e+01
-4.000000000000000000e+00 1.130385292559328470e+01
-4.000000000000000000e+00 1.130257412181045318e+01
-4.000000000000000000e+00 1.125097089620154378e+01
-4.000000000000000000e+00 1.125097087191687351e+01
-4.000000000000000000e+00 1.118491046446214732e+01
-4.000000000000000000e+00 1.113815806448111978e+01
-4.000000000000000000e+00 1.113815800345677154e+01
-4.000000000000000000e+00 1.109122051543988441e+01
-4.000000000000000000e+00 8.131271916914604603e+00
-4.000000000000000000e+00 6.889108347475263017e+00
-4.000000000000000000e+00 6.826626349805238192e+00
-4.000000000000000000e+00 6.826626344735757357e+00
-4.000000000000000000e+00 6.821786621477732737e+00
-4.000000000000000000e+00 5.354126940211612506e+00
-3.500000000000000000e+00 2.055888406239241561e+01
-3.500000000000000000e+00 2.055888404728535690e+01
-3.500000000000000000e+00 2.032271783395156461e+01
-3.500000000000000000e+00 2.032271782388501080e+01
-3.500000000000000000e+00 1.718838724071747137e+01
-3.500000000000000000e+00 1.718838708263690407e+01
-3.500000000000000000e+00 1.617045703065504370e+01
-3.500000000000000000e+00 1.617045700616503368e+01
-3.500000000000000000e+00 1.613821660704159555e+01
-3.500000000000000000e+00 1.613821660460255458e+01
-3.500000000000000000e+00 1.609723178034123592e+01
-3.500000000000000000e+00 1.609723176449625726e+01
-3.500000000000000000e+00 1.609633535821232897e+01
-3.500000000000000000e+00 1.609633535811145677e+01
-3.500000000000000000e+00 1.577605675107270677e+01
-3.500000000000000000e+00 1.577605658554644208e+01
-3.500000000000000000e+00 1.494355356699740511e+01
-3.500000000000000000e+00 1.494355331420932131e+01
-3.500000000000000000e+00 1.478323845214150190e+01
-3.500000000000000000e+00 1.478323842438029345e+01
-3.500000000000000000e+00 1.474574846057804933e+01
-3.500000000000000000e+00 1.474574845705302373e+01
-3.500000000000000000e+00 1.471981059688518911e+01
-3.500000000000000000e+00 1.471981057596061326e+01
-3.500000000000000000e+00 1.471099738470133289e+01
-3.500000000000000000e+00 1.471099736666172753e+01
-3.500000000000000000e+00 1.369069315326128056e+01
-3.500000000000000000e+00 1.369069298332725992e+01
-3.500000000000000000e+00 1.183264148353628897e+01
-3.500000000000000000e+00 1.183264127180747671e+01
-3.500000000000000000e+00 1.164437253044943077e+01
-3.500000000000000000e+00 1.164437244749833233e+01
-3.500000000000000000e+00 1.152386551190222974e+01
-3.500000000000000000e+00 1.152386533051194029e+01
-3.500000000000000000e+00 1.058249973337035499e+01
-3.500000000000000000e+00 1.058249969926728085e+01
-3.500000000000000000e+00 1.045944855367972082e+01
-3.500000000000000000e+00 1.045944846851403298e+01
-3.500000000000000000e+00 1.043767036523627922e+01
-3.500000000000000000e+00 1.043767032141745155e+01
-3.500000000000000000e+00 1.043576735078690731e+01
-3.500000000000000000e+00 1.043576730560599231e+01
-3.500000000000000000e+00 1.038197857287743453e+01
-3.500000000000000000e+00 1.038197852542496946e+01
-3.500000000000000000e+00 1.027989151164225667e+01
-3.500000000000000000e+00 1.027989137012937348e+01
-3.500000000000000000e+00 1.025691844241311479e+01
-3.500000000000000000e+00 1.025691840231302976e+01
-3.500000000000000000e+00 1.023105384522787631e+01
-3.500000000000000000e+00 1.023105375725034349e+01
-3.500000000000000000e+00 9.176229512866836302e+00
-3.500000000000000000e+00 9.176229478943332296e+00
-3.500000000000000000e+00 8.907434238391012116e+00
-3.500000000000000000e+00 8.907434234476122370e+00
-3.500000000000000000e+00 8.889394435560998176e+00
-3.500000000000000000e+00 8.889394429047106527e+00
-3.500000000000000000e+00 5.936350838338800173e+00
-3.500000000000000000e+00 5.936350829497509807e+00
-3.500000000000000000e+00 4.540870368261749057e+00
-3.500000000000000000e+00 4.540870353793849290e+00
-3.000000000000000000e+00 1.976131919803927062e+01
-3.000000000000000000e+00 1.976131885862349336e+01
-3.000000000000000000e+00 1.973569427649542618e+01
-3.000000000000000000e+00 1.953622885482239724e+01
-3.000000000000000000e+00 1.945185371382768480e+01
-3.000000000000000000e+00 1.945185365155853319e+01
-3.000000000000000000e+00 1.940834078253728734e+01
-3.000000000000000000e+00 1.847020781918349286e+01
-3.000000000000000000e+00 1.830254530780226929e+01
-3.000000000000000000e+00 1.830254520915055139e+01
-3.000000000000000000e+00 1.825115666663362290e+01
-3.000000000000000000e+00 1.824652875586078338e+01
-3.000000000000000000e+00 1.819653529373773182e+01
-3.000000000000000000e+00 1.819653522275461555e+01
-3.000000000000000000e+00 1.814498435050946057e+01
-3.000000000000000000e+00 1.636374442296435916e+01
-3.000000000000000000e+00 1.537172975249101370e+01
-3.000000000000000000e+00 1.530354333046770243e+01
-3.000000000000000000e+00 1.530354330391868878e+01
-3.000000000000000000e+00 1.523452024859192377e+01
-3.000000000000000000e+00 1.523452018435180655e+01
-3.000000000000000000e+00 1.522726832575288647e+01
-3.000000000000000000e+00 1.522572357884012995e+01
-3.000000000000000000e+00 1.519643990130450995e+01
-3.000000000000000000e+00 1.511627357289294515e+01
-3.000000000000000000e+00 1.511627349461748260e+01
-3.000000000000000000e+00 1.510994182771854888e+01
-3.000000000000000000e+00 1.509059484953921526e+01
-3.000000000000000000e+00 1.496350271291157696e+01
-3.000000000000000000e+00 1.496350269331569116e+01
-3.000000000000000000e+00 1.494327341358782490e+01
-3.000000000000000000e+00 1.493154376167487918e+01
-3.000000000000000000e+00 1.402237061891750791e+01
-3.000000000000000000e+00 1.402121246427016388e+01
-3.000000000000000000e+00 1.398657829733783053e+01
-3.000000000000000000e+00 1.397248525145168152e+01
-3.000000000000000000e+00 1.397248524183964946e+01
-3.000000000000000000e+00 1.395074743999303202e+01
-3.000000000000000000e+00 1.394345434676678508e+01
-3.000000000000000000e+00 1.394345433137335810e+01
-3.000000000000000000e+00 1.393180980171962169e+01
-3.000000000000000000e+00 1.393180979847703327e+01
-3.000000000000000000e+00 1.392819249967266515e+01
-3.000000000000000000e+00 1.391257134735642786e+01
-3.000000000000000000e+00 1.386924371018033497e+01
-3.000000000000000000e+00 1.386924370994603350e+01
-3.000000000000000000e+00 1.386924370994603350e+01
-3.000000000000000000e+00 1.386924370971173026e+01
-3.000000000000000000e+00 1.381374323974318585e+01
-3.000000000000000000e+00 1.349364587177320551e+01
-3.000000000000000000e+00 1.303293102557533523e+01
-3.000000000000000000e+00 1.295404083072649115e+01
-3.000000000000000000e+00 1.284672786733728067e+01
-3.000000000000000000e+00 1.284672777463382687e+01
-3.000000000000000000e+00 1.278495176012049228e+01
-3.000000000000000000e+00 1.277970450766087573e+01
-3.000000000000000000e+00 1.277876749855432337e+01
-3.000000000000000000e+00 1.277876745383072432e+01
-3.000000000000000000e+00 1.263548822298290908e+01
-3.000000000000000000e+00 1.262707614299994674e+01
-3.000000000000000000e+00 1.259234480262551159e+01
-3.000000000000000000e+00 1.259234467781262445e+01
-3.000000000000000000e+00 1.244902008163390761e+01
-3.000000000000000000e+00 1.244707594276423812e+01
-3.000000000000000000e+00 1.244707594022122166e+01
-3.000000000000000000e+00 1.243753525636805080e+01
-3.000000000000000000e+00 1.140362995316048789e+01
-3.000000000000000000e+00 1.092626895974527024e+01
-3.000000000000000000e+00 1.080864189001569642e+01
-3.000000000000000000e+00 1.069508605194425854e+01
-3.000000000000000000e+00 1.069508601127625624e+01
-3.000000000000000000e+00 9.673483183419726572e+00
-3.000000000000000000e+00 9.638146543063992766e+00
-3.000000000000000000e+00 9.638146362427784553e+00
-3.000000000000000000e+00 9.537168519634219521e+00
-3.000000000000000000e+00 9.533440624026898291e+00
-3.000000000000000000e+00 9.525924131067361245e+00
-3.000000000000000000e+00 9.525145129679959410e+00
-3.000000000000000000e+00 9.525145069573222045e+00
-3.000000000000000000e+00 9.352079673475694577e+00
-3.000000000000000000e+00 9.352079517808641995e+00
-3.000000000000000000e+00 9.311120673524884594e+00
-3.000000000000000000e+00 9.276875508249501578e+00
-3.000000000000000000e+00 8.447399049554620731e+00
-3.000000000000000000e+00 8.447399023389579042e+00
-3.000000000000000000e+00 8.316179130290072052e+00
-3.000000000000000000e+00 8.229045897458799885e+00
-3.000000000000000000e+00 8.183185151993871642e+00
-3.000000000000000000e+00 8.110947035170630315e+00
-3.000000000000000000e+00 8.110685762484640904e+00
-3.000000000000000000e+00 8.110685736889605479e+00
-3.000000000000000000e+00 8.062259754403394041e+00
-3.000000000000000000e+00 8.062259693729101784e+00
-3.000000000000000000e+00 8.059716999560786022e+00
-3.000000000000000000e+00 8.012886517015312293e+00
-3.000000000000000000e+00 7.043297213124897205e+00
-3.000000000000000000e+00 6.862060265477062160e+00
-3.000000000000000000e+00 6.862060219922981652e+00
-3.000000000000000000e+00 6.853491515817935031e+00
-3.000000000000000000e+00 3.652973587937328404e+00
-2.500000000000000000e+00 1.409541887304579788e+01
-2.500000000000000000e+00 1.409541884278780799e+01
-2.500000000000000000e+00 1.318181611439705847e+01
-2.500000000000000000e+00 1.318181604841615773e+01
-2.500000000000000000e+00 1.317937727037679885e+01
-2.500000000000000000e+00 1.317937713897151575e+01
-2.500000000000000000e+00 1.314585940937161723e+01
-2.500000000000000000e+00 1.314585939482291010e+01
-2.500000000000000000e+00 1.311496783403167044e+01
-2.500000000000000000e+00 1.311496776317033230e+01
-2.500000000000000000e+00 1.309573401677160831e+01
-2.500000000000000000e+00 1.309573390834243156e+01
-2.500000000000000000e+00 1.308339136254592283e+01
-2.500000000000000000e+00 1.308339118860332739e+01
-2.500000000000000000e+00 1.306827578272697643e+01
-2.500000000000000000e+00 1.306827570868245658e+01
-2.500000000000000000e+00 1.302273024283352498e+01
-2.500000000000000000e+00 1.302273023298511312e+01
-2.500000000000000000e+00 1.298073964935375280e+01
-2.500000000000000000e+00 1.298073954316331857e+01
-2.500000000000000000e+00 1.296423690473597645e+01
-2.500000000000000000e+00 1.296423689468883289e+01
-2.500000000000000000e+00 1.285139057682745722e+01
-2.500000000000000000e+00 1.285139035329936164e+01
-2.500000000000000000e+00 1.281600839178313933e+01
-2.500000000000000000e+00 1.281600838598057024e+01
-2.500000000000000000e+00 1.264623876129595104e+01
-2.500000000000000000e+00 1.264623867619251740e+01
-2.500000000000000000e+00 1.219774242443297219e+01
-2.500000000000000000e+00 1.219774233463435387e+01
-2.500000000000000000e+00 1.209155809293008055e+01
-2.500000000000000000e+00 1.209155796025726026e+01
-2.500000000000000000e+00 1.199721382233954259e+01
-2.500000000000000000e+00 1.199721378140006323e+01
-2.500000000000000000e+00 1.191036488981183084e+01
-2.500000000000000000e+00 1.191036463199722029e+01
-2.500000000000000000e+00 1.188571988596187623e+01
-2.500000000000000000e+00 1.188571950960522727e+01
-2.500000000000000000e+00 1.183436834610456501e+01
-2.500000000000000000e+00 1.183436812277446570e+01
-2.500000000000000000e+00 1.182757737178303259e+01
-2.500000000000000000e+00 1.182757729583608253e+01
-2.500000000000000000e+00 1.174395252308319471e+01
-2.500000000000000000e+00 1.174395236475727167e+01
-2.500000000000000000e+00 1.167612828034467398e+01
-2.500000000000000000e+00 1.167612826152332239e+01
-2.500000000000000000e+00 1.165452661506592236e+01
-2.500000000000000000e+00 1.165452659631421461e+01
-2.500000000000000000e+00 1.164012769468627617e+01
-2.500000000000000000e+00 1.164012767327753473e+01
-2.500000000000000000e+00 1.163268517621657594e+01
-2.500000000000000000e+00 1.163268516019773280e+01
-2.500000000000000000e+00 1.160486365497868455e+01
-2.500000000000000000e+00 1.160486338068534984e+01
-2.500000000000000000e+00 1.076666037033404599e+01
-2.500000000000000000e+00 1.076666014831136131e+01
-2.500000000000000000e+00 1.058966931560332725e+01
-2.500000000000000000e+00 1.058966860757615613e+01
-2.500000000000000000e+00 1.056885345294662137e+01
-2.500000000000000000e+00 1.056885340894244685e+01
-2.500000000000000000e+00 1.056663372640153753e+01
-2.500000000000000000e+00 1.056663358158903954e+01
-2.500000000000000000e+00 1.044157748917689510e+01
-2.500000000000000000e+00 1.044157744080616013e+01
-2.500000000000000000e+00 1.041411196386517979e+01
-2.500000000000000000e+00 1.041411184010022595e+01
-2.500000000000000000e+00 1.039293446973507784e+01
-2.500000000000000000e+00 1.039293445308622488e+01
-2.500000000000000000e+00 1.030482601355981664e+01
-2.500000000000000000e+00 1.030482586722581750e+01
-2.500000000000000000e+00 1.028404660521199787e+01
-2.500000000000000000e+00 1.028404656710103282e+01
-2.500000000000000000e+00 9.836580186526779457e+00
-2.500000000000000000e+00 9.836580168818391812e+00
-2.500000000000000000e+00 8.845416319813223183e+00
-2.500000000000000000e+00 8.845416261172918126e+00
-2.500000000000000000e+00 8.674679131187712500e+00
-2.500000000000000000e+00 8.674679106336352419e+00
-2.500000000000000000e+00 8.593511515567445969e+00
-2.500000000000000000e+00 8.593511512504067085e+00
-2.500000000000000000e+00 8.414833300693469909e+00
-2.500000000000000000e+00 8.414833214847732279e+00
-2.500000000000000000e+00 7.454749580561490951e+00
-2.500000000000000000e+00 7.454749562059838297e+00
-2.500000000000000000e+00 7.327606945765722912e+00
-2.500000000000000000e+00 7.327606749726848889e+00
-2.500000000000000000e+00 7.195519020048098291e+00
-2.500000000000000000e+00 7.195518824853636808e+00
-2.500000000000000000e+00 7.156090710749059447e+00
-2.500000000000000000e+00 7.156090669026724527e+00
-2.500000000000000000e+00 6.288893444180537529e+00
-2.500000000000000000e+00 6.288893419964242781e+00
-2.500000000000000000e+00 6.143840046640076658e+00
-2.500000000000000000e+00 6.143840034597368494e+00
-2.500000000000000000e+00 6.022615269568657226e+00
-2.500000000000000000e+00 6.022615263708580358e+00
-2.500000000000000000e+00 5.921748241961486414e+00
-2.500000000000000000e+00 5.921748213594927535e+00
-2.500000000000000000e+00 4.545547656954376237e+00
-2.500000000000000000e+00 4.545547633499692708e+00
-2.000000000000000000e+00 1.218327069916860417e+01
-2.000000000000000000e+00 1.218159012905977434e+01
-2.000000000000000000e+00 1.216360764075664846e+01
-2.000000000000000000e+00 1.216360763424457403e+01
-2.000000000000000000e+00 1.211164347632859339e+01
-2.000000000000000000e+00 1.209808091192579482e+01
-2.000000000000000000e+00 1.209808090558757598e+01
-2.000000000000000000e+00 1.207235399678048182e+01
-2.000000000000000000e+00 1.204804270296691016e+01
-2.000000000000000000e+00 1.204804268537323075e+01
-2.000000000000000000e+00 1.197413931291627165e+01
-2.000000000000000000e+00 1.194892086658369834e+01
-2.000000000000000000e+00 1.194892082376267339e+01
-2.000000000000000000e+00 1.191693094446605095e+01
-2.000000000000000000e+00 1.189743913514182339e+01
-2.000000000000000000e+00 1.189743907793313760e+01
-2.000000000000000000e+00 1.187397674636544309e+01
-2.000000000000000000e+00 1.177841929016661737e+01
-2.000000000000000000e+00 1.125284496651859101e+01
-2.000000000000000000e+00 1.119219144468631910e+01
-2.000000000000000000e+00 1.114738929451380578e+01
-2.000000000000000000e+00 1.114738885914805344e+01
-2.000000000000000000e+00 1.111482242819427135e+01
-2.000000000000000000e+00 1.095727309762869339e+01
-2.000000000000000000e+00 1.092522473419186291e+01
-2.000000000000000000e+00 1.092522464085109846e+01
-2.000000000000000000e+00 1.091924548928873229e+01
-2.000000000000000000e+00 1.089302052348353733e+01
-2.000000000000000000e+00 1.087535273760153842e+01
-2.000000000000000000e+00 1.087430908846999777e+01
-2.000000000000000000e+00 1.085847283927015106e+01
-2.000000000000000000e+00 1.085847262434463545e+01
-2.000000000000000000e+00 1.082745072081697835e+01
-2.000000000000000000e+00 1.082745023679075480e+01
-2.000000000000000000e+00 1.079893705451953956e+01
-2.000000000000000000e+00 1.079893698310953454e+01
-2.000000000000000000e+00 1.078487758917588124e+01
-2.000000000000000000e+00 1.075963666322845214e+01
-2.000000000000000000e+00 1.073693055104416416e+01
-2.000000000000000000e+00 1.073693035834517140e+01
-2.000000000000000000e+00 1.071103755154141979e+01
-2.000000000000000000e+00 1.051946176866006155e+01
-2.000000000000000000e+00 1.005933673358174829e+01
-2.000000000000000000e+00 9.953717061430092272e+00
-2.000000000000000000e+00 9.936286680298632490e+00
-2.000000000000000000e+00 9.936286520949145995e+00
-2.000000000000000000e+00 9.858935159204248677e+00
-2.000000000000000000e+00 9.858935094060022664e+00
-2.000000000000000000e+00 9.856466213011485067e+00
-2.000000000000000000e+00 9.791402618187644791e+00
-2.000000000000000000e+00 9.791402421129921763e+00
-2.000000000000000000e+00 9.750350155471007696e+00
-2.000000000000000000e+00 9.750350046670623883e+00
-2.000000000000000000e+00 9.717233894629581314e+00
-2.000000000000000000e+00 9.713550313249752932e+00
-2.000000000000000000e+00 9.709211703376858793e+00
-2.000000000000000000e+00 9.661573002700141188e+00
-2.000000000000000000e+00 9.661572888540328918e+00
-2.000000000000000000e+00 9.656154611386899234e+00
-2.000000000000000000e+00 9.607548322647843975e+00
-2.000000000000000000e+00 9.607548175017644354e+00
-2.000000000000000000e+00 9.589251594062739414e+00
-2.000000000000000000e+00 9.550651906924890966e+00
-2.000000000000000000e+00 9.550340712376286234e+00
-2.000000000000000000e+00 9.550340613966589842e+00
-2.000000000000000000e+00 9.540726298587633991e+00
-2.000000000000000000e+00 9.540726224162998648e+00
-2.000000000000000000e+00 9.493989193710454799e+00
-2.000000000000000000e+00 9.475485243522079770e+00
-2.000000000000000000e+00 9.469364519209083397e+00
-2.000000000000000000e+00 9.469364386477922224e+00
-2.000000000000000000e+00 9.445832480008650833e+00
-2.000000000000000000e+00 9.356980564184883775e+00
-2.000000000000000000e+00 9.356980353773321823e+00
-2.000000000000000000e+00 9.337307055213148743e+00
-2.000000000000000000e+00 8.344838386008557762e+00
-2.000000000000000000e+00 8.321211541434957226e+00
-2.000000000000000000e+00 8.110868761476778488e+00
-2.000000000000000000e+00 8.093643838961989800e+00
-2.000000000000000000e+00 8.093045039598067092e+00
-2.000000000000000000e+00 8.093045014645277035e+00
-2.000000000000000000e+00 8.063628511884314065e+00
-2.000000000000000000e+00 8.063628502274427845e+00
-2.000000000000000000e+00 7.993015012438379863e+00
-2.000000000000000000e+00 7.770700284626810728e+00
-2.000000000000000000e+00 7.770700281697039635e+00
-2.000000000000000000e+00 7.758998453723375377e+00
-2.000000000000000000e+00 7.504254472850139912e+00
-2.000000000000000000e+00 6.551227697507390424e+00
-2.000000000000000000e+00 6.424011426056093654e+00
-2.000000000000000000e+00 6.297265154142670518e+00
-2.000000000000000000e+00 6.297265147970563248e+00
-2.000000000000000000e+00 5.345629751805399010e+00
-2.000000000000000000e+00 5.177516307736026668e+00
-2.000000000000000000e+00 5.171052622159170831e+00
-2.000000000000000000e+00 5.171052598470408768e+00
-2.000000000000000000e+00 3.863656063679078212e+00
-2.000000000000000000e+00 3.863656028258523722e+00
-2.000000000000000000e+00 3.686507386712441381e+00
-2.000000000000000000e+00 3.592596765445715157e+00
-1.500000000000000000e+00 1.175660584733819469e+01
-1.500000000000000000e+00 1.175660581189551301e+01
-1.500000000000000000e+00 1.167693933491339209e+01
-1.500000000000000000e+00 1.167693932319282801e+01
-1.500000000000000000e+00 1.165141333667610013e+01
-1.500000000000000000e+00 1.165141333216213759e+01
-1.500000000000000000e+00 1.162503023361147036e+01
-1.500000000000000000e+00 1.162503021749123278e+01
-1.500000000000000000e+00 1.143994276345580019e+01
-1.500000000000000000e+00 1.143994272060375117e+01
-1.500000000000000000e+00 1.143817024556319595e+01
-1.500000000000000000e+00 1.143817019576070138e+01
-1.500000000000000000e+00 1.139056498238524817e+01
-1.500000000000000000e+00 1.139056492613543625e+01
-1.500000000000000000e+00 1.131297812856267448e+01
-1.500000000000000000e+00 1.131297811636360429e+01
-1.500000000000000000e+00 1.120737477530787274e+01
-1.500000000000000000e+00 1.120737470144962700e+01
-1.500000000000000000e+00 1.119542988378602821e+01
-1.500000000000000000e+00 1.119542953393668405e+01
-1.500000000000000000e+00 1.113917492247385965e+01
-1.500000000000000000e+00 1.113917490578813663e+01
-1.500000000000000000e+00 1.112718799515112345e+01
-1.500000000000000000e+00 1.112718773453874022e+01
-1.500000000000000000e+00 1.097581599321271817e+01
-1.500000000000000000e+00 1.097581594983038400e+01
-1.500000000000000000e+00 1.043314026338956069e+01
-1.500000000000000000e+00 1.043314018592031545e+01
-1.500000000000000000e+00 1.036828468075357534e+01
-1.500000000000000000e+00 1.036828441046719718e+01
-1.500000000000000000e+00 1.014572087007509182e+01
-1.500000000000000000e+00 1.014572085905593646e+01
-1.500000000000000000e+00 1.009908485396694999e+01
-1.500000000000000000e+00 1.009908481914858314e+01
-1.500000000000000000e+00 1.009872927374773610e+01
-1.500000000000000000e+00 1.009872926715362773e+01
-1.500000000000000000e+00 1.008199291188671864e+01
-1.500000000000000000e+00 1.008199288378473213e+01
-1.500000000000000000e+00 1.001192513595125178e+01
-1.500000000000000000e+00 1.001192510508350075e+01
-1.500000000000000000e+00 9.965045469049702120e+00
-1.500000000000000000e+00 9.965045459913341119e+00
-1.500000000000000000e+00 9.953918710166474781e+00
-1.500000000000000000e+00 9.953918678880494753e+00
-1.500000000000000000e+00 9.870609603722950709e+00
-1.500000000000000000e+00 9.870609600757841662e+00
-1.500000000000000000e+00 9.850974259772211639e+00
-1.500000000000000000e+00 9.850974241094970552e+00
-1.500000000000000000e+00 9.845825986360258852e+00
-1.500000000000000000e+00 9.845825925984028615e+00
-1.500000000000000000e+00 9.637236039179731151e+00
-1.500000000000000000e+00 9.637235881110363778e+00
-1.500000000000000000e+00 9.108714254131353272e+00
-1.500000000000000000e+00 9.108714090648280859e+00
-1.500000000000000000e+00 9.026588254723474591e+00
-1.500000000000000000e+00 9.026588027625898292e+00
-1.500000000000000000e+00 8.930127205042337479e+00
-1.500000000000000000e+00 8.930127152425086479e+00
-1.500000000000000000e+00 8.866442897549767110e+00
-1.500000000000000000e+00 8.866442818386889968e+00
-1.500000000000000000e+00 8.853751715965149316e+00
-1.500000000000000000e+00 8.853751398139211304e+00
-1.500000000000000000e+00 8.774915785636418164e+00
-1.500000000000000000e+00 8.774915753913282046e+00
-1.500000000000000000e+00 8.728833178374843627e+00
-1.500000000000000000e+00 8.728833152076781232e+00
-1.500000000000000000e+00 8.721240180075801263e+00
-1.500000000000000000e+00 8.721240135329171750e+00
-1.500000000000000000e+00 8.699088470773444826e+00
-1.500000000000000000e+00 8.699088307836655432e+00
-1.500000000000000000e+00 8.570874732920799488e+00
-1.500000000000000000e+00 8.570874331817506686e+00
-1.500000000000000000e+00 8.566439534598139005e+00
-1.500000000000000000e+00 8.566439406945658419e+00
-1.500000000000000000e+00 8.482006042699429926e+00
-1.500000000000000000e+00 8.482005679654989194e+00
-1.500000000000000000e+00 7.619561610502560534e+00
-1.500000000000000000e+00 7.619561550206369382e+00
-1.500000000000000000e+00 7.526729566682977435e+00
-1.500000000000000000e+00 7.526729455135666491e+00
-1.500000000000000000e+00 7.433662951161532639e+00
-1.500000000000000000e+00 7.433662892988436965e+00
-1.500000000000000000e+00 7.355043355964509644e+00
-1.500000000000000000e+00 7.355043216297508124e+00
-1.500000000000000000e+00 7.343220511445967880e+00
-1.500000000000000000e+00 7.343220419002779664e+00
-1.500000000000000000e+00 7.302120222458863275e+00
-1.500000000000000000e+00 7.302120192180323599e+00
-1.500000000000000000e+00 7.238939618351127869e+00
-1.500000000000000000e+00 7.238939564453718667e+00
-1.500000000000000000e+00 7.176619413353153121e+00
-1.500000000000000000e+00 7.176619408317072235e+00
-1.500000000000000000e+00 7.081396457468257744e+00
-1.500000000000000000e+00 7.081396427764653723e+00
-1.500000000000000000e+00 5.990020669165501133e+00
-1.500000000000000000e+00 5.990020577813703007e+00
-1.500000000000000000e+00 5.478745122219613073e+00
-1.500000000000000000e+00 5.478745117620098526e+00
-1.500000000000000000e+00 2.885141636612230442e+00
-1.500000000000000000e+00 2.885141635393992043e+00
-1.000000000000000000e+00 1.210307694289361358e+01
-1.000000000000000000e+00 1.207934761490061781e+01
-1.000000000000000000e+00 1.206623971009389429e+01
-1.000000000000000000e+00 1.206623962950708062e+01
-1.000000000000000000e+00 1.190013425680290560e+01
-1.000000000000000000e+00 1.186899476046138879e+01
-1.000000000000000000e+00 1.182915079049664264e+01
-1.000000000000000000e+00 1.182915053562653718e+01
-1.000000000000000000e+00 1.148856180688875384e+01
-1.000000000000000000e+00 1.139137917091053254e+01
-1.000000000000000000e+00 1.127474984000754255e+01
-1.000000000000000000e+00 1.123778453601821248e+01
-1.000000000000000000e+00 1.123068985536524877e+01
-1.000000000000000000e+00 1.123068959151706103e+01
-1.000000000000000000e+00 1.115971516468808566e+01
-1.000000000000000000e+00 1.107657593411324726e+01
-1.000000000000000000e+00 1.104942008364285932e+01
-1.000000000000000000e+00 1.104580588162261101e+01
-1.000000000000000000e+00 1.104580574368261203e+01
-1.000000000000000000e+00 1.102713521682586517e+01
-1.000000000000000000e+00 1.102713518365835377e+01
-1.000000000000000000e+00 1.097134755009083484e+01
-1.000000000000000000e+00 1.097134700099230287e+01
-1.000000000000000000e+00 1.096019129881469389e+01
-1.000000000000000000e+00 1.094695128259999350e+01
-1.000000000000000000e+00 1.093924093629359362e+01
-1.000000000000000000e+00 1.093924078051282578e+01
-1.000000000000000000e+00 1.093596882237656942e+01
-1.000000000000000000e+00 1.093596878262178151e+01
-1.000000000000000000e+00 1.085792839871531967e+01
-1.000000000000000000e+00 1.085792839414786926e+01
-1.000000000000000000e+00 1.085042831787146866e+01
-1.000000000000000000e+00 1.084997897485272311e+01
-1.000000000000000000e+00 1.074834419448744605e+01
-1.000000000000000000e+00 1.072919736817629932e+01
-1.000000000000000000e+00 1.070115449093480464e+01
-1.000000000000000000e+00 1.070115434356194228e+01
-1.000000000000000000e+00 1.037795631061449875e+01
-1.000000000000000000e+00 1.029362533020257686e+01
-1.000000000000000000e+00 1.028116135625928429e+01
-1.000000000000000000e+00 1.028116120863427696e+01
-1.000000000000000000e+00 1.013139484191951745e+01
-1.000000000000000000e+00 1.013139428700761080e+01
-1.000000000000000000e+00 9.847376222625671360e+00
-1.000000000000000000e+00 9.697041578307885601e+00
-1.000000000000000000e+00 9.660741346687441222e+00
-1.000000000000000000e+00 9.647078946670308852e+00
-1.000000000000000000e+00 9.642325809224089994e+00
-1.000000000000000000e+00 9.642325646214846557e+00
-1.000000000000000000e+00 9.581923902265424786e+00
-1.000000000000000000e+00 9.444364665107029211e+00
-1.000000000000000000e+00 9.444364308749314318e+00
-1.000000000000000000e+00 9.432329426466708355e+00
-1.000000000000000000e+00 9.418287504289187595e+00
-1.000000000000000000e+00 9.169342277150272835e+00
-1.000000000000000000e+00 9.169342272091745016e+00
-1.000000000000000000e+00 9.157450686365759651e+00
-1.000000000000000000e+00 9.134771482814542765e+00
-1.000000000000000000e+00 9.114555138185140848e+00
-1.000000000000000000e+00 9.114555103854181439e+00
-1.000000000000000000e+00 9.004822410489490281e+00
-1.000000000000000000e+00 9.004822358917897063e+00
-1.000000000000000000e+00 8.995751959026577538e+00
-1.000000000000000000e+00 8.969971040362707981e+00
-1.000000000000000000e+00 8.964198230684186086e+00
-1.000000000000000000e+00 8.924961400954666502e+00
-1.000000000000000000e+00 8.386839623517527542e+00
-1.000000000000000000e+00 8.353265753601583299e+00
-1.000000000000000000e+00 8.246794779986119650e+00
-1.000000000000000000e+00 8.246794746352495764e+00
-1.000000000000000000e+00 7.913132098559755967e+00
-1.000000000000000000e+00 7.913132093658358457e+00
-1.000000000000000000e+00 7.908611278657001975e+00
-1.000000000000000000e+00 7.908611243719976258e+00
-1.000000000000000000e+00 7.884386271595495543e+00
-1.000000000000000000e+00 7.867643466192865809e+00
-1.000000000000000000e+00 7.856188327605494237e+00
-1.000000000000000000e+00 7.856188278444382611e+00
-1.000000000000000000e+00 7.805214506399025254e+00
-1.000000000000000000e+00 7.805214393597005085e+00
-1.000000000000000000e+00 7.658706609260817366e+00
-1.000000000000000000e+00 7.507761651541276393e+00
-1.000000000000000000e+00 6.789490279768471304e+00
-1.000000000000000000e+00 6.664786311749322678e+00
-1.000000000000000000e+00 6.642359777594373682e+00
-1.000000000000000000e+00 6.544111874877141410e+00
-1.000000000000000000e+00 6.544111639915340284e+00
-1.000000000000000000e+00 6.490198972858014947e+00
-1.000000000000000000e+00 6.418514858051459271e+00
-1.000000000000000000e+00 6.414888332779510094e+00
-1.000000000000000000e+00 6.393053292418245270e+00
-1.000000000000000000e+00 6.393053101215081746e+00
-1.000000000000000000e+00 6.391463785388427965e+00
-1.000000000000000000e+00 6.379649694801748261e+00
-1.000000000000000000e+00 6.379649545428194735e+00
-1.000000000000000000e+00 5.272937685666866159e+00
-1.000000000000000000e+00 5.212022721677911363e+00
-1.000000000000000000e+00 5.212022686961754303e+00
-1.000000000000000000e+00 5.197945105857193049e+00
-1.000000000000000000e+00 3.546713024749278631e+00
-5.000000000000000000e-01 1.135653083837049415e+01
-5.000000000000000000e-01 1.135653070960110966e+01
-5.000000000000000000e-01 1.134354231357071896e+01
-5.000000000000000000e-01 1.134354227347584576e+01
-5.000000000000000000e-01 1.133233206320304021e+01
-5.000000000000000000e-01 1.133233203119184829e+01
-5.000000000000000000e-01 1.132056650648200602e+01
-5.000000000000000000e-01 1.132056647121809156e+01
-5.000000000000000000e-01 1.131427697262520660e+01
-5.000000000000000000e-01 1.131427695331069749e+01
-5.000000000000000000e-01 1.125665394482269477e+01
-5.000000000000000000e-01 1.125665387725230637e+01
-5.000000000000000000e-01 1.123999716749379196e+01
-5.000000000000000000e-01 1.123999715821521583e+01
-5.000000000000000000e-01 1.121592577429214721e+01
-5.000000000000000000e-01 1.121592570819757029e+01
-5.000000000000000000e-01 1.118620340884646325e+01
-5.000000000000000000e-01 1.118620313143009781e+01
-5.000000000000000000e-01 1.117377420956730205e+01
-5.000000000000000000e-01 1.117377416821141445e+01
-5.000000000000000000e-01 1.103065822170063015e+01
-5.000000000000000000e-01 1.103065816945702160e+01
-5.000000000000000000e-01 1.099400895987299265e+01
-5.000000000000000000e-01 1.099400872529449913e+01
-5.000000000000000000e-01 1.039586356137926870e+01
-5.000000000000000000e-01 1.039586278554364718e+01
-5.000000000000000000e-01 1.037407487384219174e+01
-5.000000000000000000e-01 1.037407468550598644e+01
-5.000000000000000000e-01 1.036821709341268161e+01
-5.000000000000000000e-01 1.036821698525736579e+01
-5.000000000000000000e-01 1.017032320681157387e+01
-5.000000000000000000e-01 1.017032311006923351e+01
-5.000000000000000000e-01 1.014086732450080142e+01
-5.000000000000000000e-01 1.014086727611895178e+01
-5.000000000000000000e-01 1.011228511746903003e+01
-5.000000000000000000e-01 1.011228496126944876e+01
-5.000000000000000000e-01 1.006330054597387758e+01
-5.000000000000000000e-01 1.006330038008585070e+01
-5.000000000000000000e-01 1.005244798035193732e+01
-5.000000000000000000e-01 1.005244706542942268e+01
-5.000000000000000000e-01 1.002377656405365158e+01
-5.000000000000000000e-01 1.002377647767889357e+01
-5.000000000000000000e-01 9.973477751071918362e+00
-5.000000000000000000e-01 9.973477628280981833e+00
-5.000000000000000000e-01 9.969244761534023169e+00
-5.000000000000000000e-01 9.969244722067413633e+00
-5.000000000000000000e-01 9.951086532009796315e+00
-5.000000000000000000e-01 9.951086505376537161e+00
-5.000000000000000000e-01 9.947222571040292394e+00
-5.000000000000000000e-01 9.947222535193780857e+00
-5.000000000000000000e-01 9.940266282752007854e+00
-5.000000000000000000e-01 9.940266062462654872e+00
-5.000000000000000000e-01 9.803948122459498649e+00
-5.000000000000000000e-01 9.803947988880421960e+00
-5.000000000000000000e-01 9.338293503695590303e+00
-5.000000000000000000e-01 9.338293416779954725e+00
-5.000000000000000000e-01 9.117727690270626795e+00
-5.000000000000000000e-01 9.117727605381389822e+00
-5.000000000000000000e-01 8.932005694589104650e+00
-5.000000000000000000e-01 8.932005155264693741e+00
-5.000000000000000000e-01 8.917363215520186515e+00
-5.000000000000000000e-01 8.917363024865730736e+00
-5.000000000000000000e-01 8.892363982570120839e+00
-5.000000000000000000e-01 8.892363721909925189e+00
-5.000000000000000000e-01 8.872556990784277176e+00
-5.000000000000000000e-01 8.872556714872072092e+00
-5.000000000000000000e-01 8.772021841666557407e+00
-5.000000000000000000e-01 8.772021436686618046e+00
-5.000000000000000000e-01 8.649518356128746532e+00
-5.000000000000000000e-01 8.649517778565392945e+00
-5.000000000000000000e-01 8.638271859033078925e+00
-5.000000000000000000e-01 8.638271624328631049e+00
-5.000000000000000000e-01 8.632102449643689113e+00
-5.000000000000000000e-01 8.632102138681867487e+00
-5.000000000000000000e-01 8.084844190282080234e+00
-5.000000000000000000e-01 8.084844155706335300e+00
-5.000000000000000000e-01 7.343797131319220739e+00
-5.000000000000000000e-01 7.343797090990380028e+00
-5.000000000000000000e-01 7.259525991775861442e+00
-5.000000000000000000e-01 7.259525979792503136e+00
-5.000000000000000000e-01 7.031355170738184945e+00
-5.000000000000000000e-01 7.031355129737238308e+00
-5.000000000000000000e-01 7.017681193927115757e+00
-5.000000000000000000e-01 7.017681185968931423e+00
-5.000000000000000000e-01 7.003744517681030679e+00
-5.000000000000000000e-01 7.003744501969058511e+00
-5.000000000000000000e-01 6.830312357390416977e+00
-5.000000000000000000e-01 6.830312267466019271e+00
-5.000000000000000000e-01 6.009219672948872493e+00
-5.000000000000000000e-01 6.009219616821810384e+00
-5.000000000000000000e-01 5.625269421376098755e+00
-5.000000000000000000e-01 5.625269407589083670e+00
-5.000000000000000000e-01 5.598654613753455855e+00
-5.000000000000000000e-01 5.598654573527278799e+00
-5.000000000000000000e-01 5.499796412160432801e+00
-5.000000000000000000e-01 5.499796390870167251e+00
-5.000000000000000000e-01 4.365835313403386486e+00
-5.000000000000000000e-01 4.365835269477352121e+00
-5.000000000000000000e-01 2.799396844589969291e+00
-5.000000000000000000e-01 2.799396762687821560e+00
0.000000000000000000e+00 1.088927741154086348e+01
0.000000000000000000e+00 1.079824760815178664e+01
0.000000000000000000e+00 1.079824730975126279e+01
0.000000000000000000e+00 1.075447498150841241e+01
0.000000000000000000e+00 1.075408148963080102e+01
0.000000000000000000e+00 1.075408146920728569e+01
0.000000000000000000e+00 1.075045822929943107e+01
0.000000000000000000e+00 1.073076618932184800e+01
0.000000000000000000e+00 1.071802072346440760e+01
0.000000000000000000e+00 1.071624620087160551e+01
0.000000000000000000e+00 1.071624615593539787e+01
0.000000000000000000e+00 1.070161397576510787e+01
0.000000000000000000e+00 1.068412985943751892e+01
0.000000000000000000e+00 1.068412973682413991e+01
0.000000000000000000e+00 1.067000653383297504e+01
0.000000000000000000e+00 1.065327428948173427e+01
0.000000000000000000e+00 1.065327424557730573e+01
0.000000000000000000e+00 1.059897539297549152e+01
0.000000000000000000e+00 1.056625859025761294e+01
0.000000000000000000e+00 1.056625858112460392e+01
0.000000000000000000e+00 1.050090504598673569e+01
0.000000000000000000e+00 1.049960996522157330e+01
0.000000000000000000e+00 1.049747628874983363e+01
0.000000000000000000e+00 1.049747609513065072e+01
0.000000000000000000e+00 1.045495793390954553e+01
0.000000000000000000e+00 1.045495783714455129e+01
0.000000000000000000e+00 1.043922531329415548e+01
0.000000000000000000e+00 1.043714388595155107e+01
0.000000000000000000e+00 1.043714373348862523e+01
0.000000000000000000e+00 1.040671896053685153e+01
0.000000000000000000e+00 1.040671889895592805e+01
0.000000000000000000e+00 1.038333440735934055e+01
0.000000000000000000e+00 1.033761803956240222e+01
0.000000000000000000e+00 1.033617303603137216e+01
0.000000000000000000e+00 1.029248882326148440e+01
0.000000000000000000e+00 1.029248881889092360e+01
0.000000000000000000e+00 1.002719070230045340e+01
0.000000000000000000e+00 9.724820067447478067e+00
0.000000000000000000e+00 9.646027240972042449e+00
0.000000000000000000e+00 9.587218124929892227e+00
0.000000000000000000e+00 9.587218016288252542e+00
0.000000000000000000e+00 9.581061359022944757e+00
0.000000000000000000e+00 9.512426269697479952e+00
0.000000000000000000e+00 9.508580891325518536e+00
0.000000000000000000e+00 9.487415753603766433e+00
0.000000000000000000e+00 9.487415582869047626e+00
0.000000000000000000e+00 9.406253018162825441e+00
0.000000000000000000e+00 9.299839613622919998e+00
0.000000000000000000e+00 9.299839553482687649e+00
0.000000000000000000e+00 9.294499507062432997e+00
0.000000000000000000e+00 9.294499458128731462e+00
0.000000000000000000e+00 9.209763035022444200e+00
0.000000000000000000e+00 9.195271076161153800e+00
0.000000000000000000e+00 9.195271051802997420e+00
0.000000000000000000e+00 9.188045205564968398e+00
0.000000000000000000e+00 9.188045195039762802e+00
0.000000000000000000e+00 9.177553487200759363e+00
0.000000000000000000e+00 9.166357013491237993e+00
0.000000000000000000e+00 9.166215139879895446e+00
0.000000000000000000e+00 9.166215125937219099e+00
0.000000000000000000e+00 9.149436845405567453e+00
0.000000000000000000e+00 9.149436790390426566e+00
0.000000000000000000e+00 9.131629529745922014e+00
0.000000000000000000e+00 9.108727178035097793e+00
0.000000000000000000e+00 9.108727161367037084e+00
0.000000000000000000e+00 9.077913184063556074e+00
0.000000000000000000e+00 9.077913171861366592e+00
0.000000000000000000e+00 9.052238581962708253e+00
0.000000000000000000e+00 9.032931499565597377e+00
0.000000000000000000e+00 9.032788339719385107e+00
0.000000000000000000e+00 9.032788310457149805e+00
0.000000000000000000e+00 8.977875806219925536e+00
0.000000000000000000e+00 8.959191296671756177e+00
0.000000000000000000e+00 8.116669062300749360e+00
0.000000000000000000e+00 8.116668509241875995e+00
0.000000000000000000e+00 8.109773206818898572e+00
0.000000000000000000e+00 8.054050912272211704e+00
0.000000000000000000e+00 8.009654276089861469e+00
0.000000000000000000e+00 7.999071200117277236e+00
0.000000000000000000e+00 7.993263455500861703e+00
0.000000000000000000e+00 7.993263267763357938e+00
0.000000000000000000e+00 7.918161843561707158e+00
0.000000000000000000e+00 7.787059661254041920e+00
0.000000000000000000e+00 7.787058775050357262e+00
0.000000000000000000e+00 7.775433834260733867e+00
0.000000000000000000e+00 7.708940720517055034e+00
0.000000000000000000e+00 7.155234212445629183e+00
0.000000000000000000e+00 6.548980657587353704e+00
0.000000000000000000e+00 6.444054738649523273e+00
0.000000000000000000e+00 6.444054572274393600e+00
0.000000000000000000e+00 6.438073825746523760e+00
0.000000000000000000e+00 6.370434201205664060e+00
0.000000000000000000e+00 6.348114915668580771e+00
0.000000000000000000e+00 6.348114559648409205e+00
0.000000000000000000e+00 6.261902876935036666e+00
0.000000000000000000e+00 5.012321616712186234e+00
0.000000000000000000e+00 4.730329465732297400e+00
0.000000000000000000e+00 4.730329463010115809e+00
0.000000000000000000e+00 4.707485824035337885e+00
0.000000000000000000e+00 1.961636050630775951e+00
5.000000000000000000e-01 1.260929913828138105e+01
5.000000000000000000e-01 1.260929906198022188e+01
5.000000000000000000e-01 1.254294347411502386e+01
5.000000000000000000e-01 1.254294346217314704e+01
5.000000000000000000e-01 1.238578899806233657e+01
5.000000000000000000e-01 1.238578865390285344e+01
5.000000000000000000e-01 1.231459703126004790e+01
5.000000000000000000e-01 1.231459591336151682e+01
5.000000000000000000e-01 1.177438891030039692e+01
5.000000000000000000e-01 1.177438860852069524e+01
5.000000000000000000e-01 1.173475371621554508e+01
5.000000000000000000e-01 1.173475350629887792e+01
5.000000000000000000e-01 1.170671185474008880e+01
5.000000000000000000e-01 1.170671165291907734e+01
5.000000000000000000e-01 1.165450573222723207e+01
5.000000000000000000e-01 1.165450572542252594e+01
5.000000000000000000e-01 1.164821959723721889e+01
5.000000000000000000e-01 1.164821947104590372e+01
5.000000000000000000e-01 1.162271858259514445e+01
5.000000000000000000e-01 1.162271799125333871e+01
5.000000000000000000e-01 1.156940556249311136e+01
5.000000000000000000e-01 1.156940546433241401e+01
5.000000000000000000e-01 1.156789363536648629e+01
5.000000000000000000e-01 1.156789345057864082e+01
5.000000000000000000e-01 1.155028847084792432e+01
5.000000000000000000e-01 1.155028836076218468e+01
5.000000000000000000e-01 1.154018117958552558e+01
5.000000000000000000e-01 1.154018115895807028e+01
5.000000000000000000e-01 1.144821061971257592e+01
5.000000000000000000e-01 1.144821049760264486e+01
5.000000000000000000e-01 1.144573368649316869e+01
5.000000000000000000e-01 1.144573350107202536e+01
5.000000000000000000e-01 1.143804926108023778e+01
5.000000000000000000e-01 1.143804918912568169e+01
5.000000000000000000e-01 1.134649126659396678e+01
5.000000000000000000e-01 1.134649104891772708e+01
5.000000000000000000e-01 1.122186527953760127e+01
5.000000000000000000e-01 1.122186523684964499e+01
5.000000000000000000e-01 1.098181807147729039e+01
5.000000000000000000e-01 1.098181745982221713e+01
5.000000000000000000e-01 1.086312170187386350e+01
5.000000000000000000e-01 1.086312170063330207e+01
5.000000000000000000e-01 1.071656785854709426e+01
5.000000000000000000e-01 1.071656783052928219e+01
5.000000000000000000e-01 1.068895006171934803e+01
5.000000000000000000e-01 1.068894999580858673e+01
5.000000000000000000e-01 1.039363734639743697e+01
5.000000000000000000e-01 1.039363625116558865e+01
5.000000000000000000e-01 1.004020747534613456e+01
5.000000000000000000e-01 1.004020743510026392e+01
5.000000000000000000e-01 1.000598750428344097e+01
5.000000000000000000e-01 1.000598744824202413e+01
5.000000000000000000e-01 1.000088621961086055e+01
5.000000000000000000e-01 1.000088603783028773e+01
5.000000000000000000e-01 9.994167205323231329e+00
5.000000000000000000e-01 9.994167113581648110e+00
5.000000000000000000e-01 9.901704760213476675e+00
5.000000000000000000e-01 9.901704627401345604e+00
5.000000000000000000e-01 9.718483433177327768e+00
5.000000000000000000e-01 9.718483348435892566e+00
5.000000000000000000e-01 9.599659527616367427e+00
5.000000000000000000e-01 9.599659410592963127e+00
5.000000000000000000e-01 9.513602123431367019e+00
5.000000000000000000e-01 9.513601870952365758e+00
5.000000000000000000e-01 8.968295728306909353e+00
5.000000000000000000e-01 8.968294598528769868e+00
5.000000000000000000e-01 8.662602491931670201e+00
5.000000000000000000e-01 8.662602490713808834e+00
5.000000000000000000e-01 8.509990779291989327e+00
5.000000000000000000e-01 8.509990776847187632e+00
5.000000000000000000e-01 8.492812709643317248e+00
5.000000000000000000e-01 8.492812525897154075e+00
5.000000000000000000e-01 8.399486278015659835e+00
5.000000000000000000e-01 8.399486181780128291e+00
5.000000000000000000e-01 8.366071863098468953e+00
5.000000000000000000e-01 8.366071827546905482e+00
5.000000000000000000e-01 8.299151375914201267e+00
5.000000000000000000e-01 8.299151236685851529e+00
5.000000000000000000e-01 8.264355420755414627e+00
5.000000000000000000e-01 8.264355177878437431e+00
5.000000000000000000e-01 8.241135084068105243e+00
5.000000000000000000e-01 8.241135037596963642e+00
5.000000000000000000e-01 8.239790338607550169e+00
5.000000000000000000e-01 8.239790301439796849e+00
5.000000000000000000e-01 8.225976953243320011e+00
5.000000000000000000e-01 8.225976907087533263e+00
5.000000000000000000e-01 7.348779124351700887e+00
5.000000000000000000e-01 7.348779102296760790e+00
5.000000000000000000e-01 7.216904968751385319e+00
5.000000000000000000e-01 7.216904943192254507e+00
5.000000000000000000e-01 7.118919230741356685e+00
5.000000000000000000e-01 7.118919186884712147e+00
5.000000000000000000e-01 6.867005410090053275e+00
5.000000000000000000e-01 6.867005233169753531e+00
5.000000000000000000e-01 5.707484227374540531e+00
5.000000000000000000e-01 5.707484014968922104e+00
5.000000000000000000e-01 5.552240651571967334e+00
5.000000000000000000e-01 5.552240563543220375e+00
5.000000000000000000e-01 5.490513587794251471e+00
5.000000000000000000e-01 5.490513265540524657e+00
1.000000000000000000e+00 1.285478955765569609e+01
1.000000000000000000e+00 1.226248435801908165e+01
1.000000000000000000e+00 1.226248390624770934e+01
1.000000000000000000e+00 1.226205983663694532e+01
1.000000000000000000e+00 1.217759874085209049e+01
1.000000000000000000e+00 1.216061111879558787e+01
1.000000000000000000e+00 1.216061107109839412e+01
1.000000000000000000e+00 1.215731364401734105e+01
1.000000000000000000e+00 1.213966773111123310e+01
1.000000000000000000e+00 1.201263484596701048e+01
1.000000000000000000e+00 1.200099255942732057e+01
1.000000000000000000e+00 1.196560604298561614e+01
1.000000000000000000e+00 1.196560601753112607e+01
1.000000000000000000e+00 1.194951576657605763e+01
1.000000000000000000e+00 1.194951541308383547e+01
1.000000000000000000e+00 1.192715819197857741e+01
1.000000000000000000e+00 1.192557364407532994e+01
1.000000000000000000e+00 1.190219496589376824e+01
1.000000000000000000e+00 1.190219472502243825e+01
1.000000000000000000e+00 1.190013609700171493e+01
1.000000000000000000e+00 1.188854512827755983e+01
1.000000000000000000e+00 1.188123594757326984e+01
1.000000000000000000e+00 1.188123594073769418e+01
1.000000000000000000e+00 1.186093296300338018e+01
1.000000000000000000e+00 1.185524172712015556e+01
1.000000000000000000e+00 1.184197191689887063e+01
1.000000000000000000e+00 1.184197177048592842e+01
1.000000000000000000e+00 1.182952161647200739e+01
1.000000000000000000e+00 1.182836255479377563e+01
1.000000000000000000e+00 1.182836239320745264e+01
1.000000000000000000e+00 1.179609562599746297e+01
1.000000000000000000e+00 1.175845033137898277e+01
1.000000000000000000e+00 1.172019684591489685e+01
1.000000000000000000e+00 1.172019677821962702e+01
1.000000000000000000e+00 1.117698591141989262e+01
1.000000000000000000e+00 1.107355364023063871e+01
1.000000000000000000e+00 1.107355352150499428e+01
1.000000000000000000e+00 1.104759932084712837e+01
1.000000000000000000e+00 1.094220634081900556e+01
1.000000000000000000e+00 1.093553763870177065e+01
1.000000000000000000e+00 1.091400617128788575e+01
1.000000000000000000e+00 1.089673639451273779e+01
1.000000000000000000e+00 1.088581685492762041e+01
1.000000000000000000e+00 1.088581675062941123e+01
1.000000000000000000e+00 1.084713356561428377e+01
1.000000000000000000e+00 1.084713356346918012e+01
1.000000000000000000e+00 1.079838275142364701e+01
1.000000000000000000e+00 1.079838263664955988e+01
1.000000000000000000e+00 1.079089970093736461e+01
1.000000000000000000e+00 1.079089968414325362e+01
1.000000000000000000e+00 1.076858612304793716e+01
1.000000000000000000e+00 1.076233223557510854e+01
1.000000000000000000e+00 1.074373528696265900e+01
1.000000000000000000e+00 1.074373522176975548e+01
1.000000000000000000e+00 1.073105137202998272e+01
1.000000000000000000e+00 1.069823611396979324e+01
1.000000000000000000e+00 1.069823598574088130e+01
1.000000000000000000e+00 1.065026702608227893e+01
1.000000000000000000e+00 1.061431683209971766e+01
1.000000000000000000e+00 1.061431679110679660e+01
1.000000000000000000e+00 1.060376744318946862e+01
1.000000000000000000e+00 1.056644935385436312e+01
1.000000000000000000e+00 1.056644926962075459e+01
1.000000000000000000e+00 1.056014876576200834e+01
1.000000000000000000e+00 1.050414113769143754e+01
1.000000000000000000e+00 1.050414109841229227e+01
1.000000000000000000e+00 1.041917827681313113e+01
1.000000000000000000e+00 1.041917809304905163e+01
1.000000000000000000e+00 1.039643866713373477e+01
1.000000000000000000e+00 1.038591671185418797e+01
1.000000000000000000e+00 1.012174299553041656e+01
1.000000000000000000e+00 9.352327818410428151e+00
1.000000000000000000e+00 9.291284220870959842e+00
1.000000000000000000e+00 9.291284185811937490e+00
1.000000000000000000e+00 9.283051175969930568e+00
1.000000000000000000e+00 9.245206773973498215e+00
1.000000000000000000e+00 9.245206760549441682e+00
1.000000000000000000e+00 9.141772558124362291e+00
1.000000000000000000e+00 9.130626312136245204e+00
1.000000000000000000e+00 9.097516259661064808e+00
1.000000000000000000e+00 9.076682662563312576e+00
1.000000000000000000e+00 9.076682646462673532e+00
1.000000000000000000e+00 9.008691964964858911e+00
1.000000000000000000e+00 8.925097038145317185e+00
1.000000000000000000e+00 8.716170728722673289e+00
1.000000000000000000e+00 8.715496537879426242e+00
1.000000000000000000e+00 8.715496472044796050e+00
1.000000000000000000e+00 8.120150003724045717e+00
1.000000000000000000e+00 7.576383175310465568e+00
1.000000000000000000e+00 7.576383162270179383e+00
1.000000000000000000e+00 7.400033848483714038e+00
1.000000000000000000e+00 7.333731450508466310e+00
1.000000000000000000e+00 6.355061109075337278e+00
1.000000000000000000e+00 6.352616788301739703e+00
1.000000000000000000e+00 6.352616784478051670e+00
1.000000000000000000e+00 6.052253103280933466e+00
1.000000000000000000e+00 4.957954233316685055e+00
1.000000000000000000e+00 4.895538917156657455e+00
1.000000000000000000e+00 4.729088190206725884e+00
1.000000000000000000e+00 4.729088148655312906e+00
1.500000000000000000e+00 1.406510917083769030e+01
1.500000000000000000e+00 1.406510908562374063e+01
1.500000000000000000e+00 1.396479367506308300e+01
1.500000000000000000e+00 1.396479366320455284e+01
1.500000000000000000e+00 1.356801121797902532e+01
1.500000000000000000e+00 1.356801106750126351e+01
1.500000000000000000e+00 1.356783941927993453e+01
1.500000000000000000e+00 1.356783921717518204e+01
1.500000000000000000e+00 1.325476109882453635e+01
1.500000000000000000e+00 1.325476104977659553e+01
1.500000000000000000e+00 1.311827114796479421e+01
1.500000000000000000e+00 1.311827110030959886e+01
1.500000000000000000e+00 1.305012672629923109e+01
1.500000000000000000e+00 1.305012643018049978e+01
1.500000000000000000e+00 1.288526618220306119e+01
1.500000000000000000e+00 1.288526604022435507e+01
1.500000000000000000e+00 1.282099842456726790e+01
1.500000000000000000e+00 1.282099840855091166e+01
1.500000000000000000e+00 1.278013864284566203e+01
1.500000000000000000e+00 1.278013861043963928e+01
1.500000000000000000e+00 1.274872014137106468e+01
1.500000000000000000e+00 1.274872011321470389e+01
1.500000000000000000e+00 1.268284028144215903e+01
1.500000000000000000e+00 1.268284027049707241e+01
1.500000000000000000e+00 1.263501675753479425e+01
1.500000000000000000e+00 1.263501658043005094e+01
1.500000000000000000e+00 1.259561973216155017e+01
1.500000000000000000e+00 1.259561969774180490e+01
1.500000000000000000e+00 1.244462047682455896e+01
1.500000000000000000e+00 1.244462044807438872e+01
1.500000000000000000e+00 1.241939746304099934e+01
1.500000000000000000e+00 1.241939743770039861e+01
1.500000000000000000e+00 1.235146035208354220e+01
1.500000000000000000e+00 1.235146030658002125e+01
1.500000000000000000e+00 1.230919274764375437e+01
1.500000000000000000e+00 1.230919274262200602e+01
1.500000000000000000e+00 1.226135176954272765e+01
1.500000000000000000e+00 1.226135173288811231e+01
1.500000000000000000e+00 1.215046550336167108e+01
1.500000000000000000e+00 1.215046541724758633e+01
1.500000000000000000e+00 1.212331770110396789e+01
1.500000000000000000e+00 1.212331767191435006e+01
1.500000000000000000e+00 1.143466383727976066e+01
1.500000000000000000e+00 1.143466361204344395e+01
1.500000000000000000e+00 1.119230478299215115e+01
1.500000000000000000e+00 1.119230478242817028e+01
1.500000000000000000e+00 1.115185529849401824e+01
1.500000000000000000e+00 1.115185523542583468e+01
1.500000000000000000e+00 1.110453600167826060e+01
1.500000000000000000e+00 1.110453590531925272e+01
1.500000000000000000e+00 1.109881957294252430e+01
1.500000000000000000e+00 1.109881952096149682e+01
1.500000000000000000e+00 1.109597679099562484e+01
1.500000000000000000e+00 1.109597674656693833e+01
1.500000000000000000e+00 1.100380152067478789e+01
1.500000000000000000e+00 1.100380152027442549e+01
1.500000000000000000e+00 1.087839257390152525e+01
1.500000000000000000e+00 1.087839257340708343e+01
1.500000000000000000e+00 1.087727360684330158e+01
1.500000000000000000e+00 1.087727357797430905e+01
1.500000000000000000e+00 1.075465168081990797e+01
1.500000000000000000e+00 1.075465150581294438e+01
1.500000000000000000e+00 1.007468981978379219e+01
1.500000000000000000e+00 1.007468953621059882e+01
1.500000000000000000e+00 1.004082888802244078e+01
1.500000000000000000e+00 1.004082878411901980e+01
1.500000000000000000e+00 1.001670856390431652e+01
1.500000000000000000e+00 1.001670838768170846e+01
1.500000000000000000e+00 9.942036109931041921e+00
1.500000000000000000e+00 9.942036080470789017e+00
1.500000000000000000e+00 9.785351336078852214e+00
1.500000000000000000e+00 9.785350986011584595e+00
1.500000000000000000e+00 9.738952107466253949e+00
1.500000000000000000e+00 9.738952054718563289e+00
1.500000000000000000e+00 9.737991491421192691e+00
1.500000000000000000e+00 9.737991394167636372e+00
1.500000000000000000e+00 9.716116168619505444e+00
1.500000000000000000e+00 9.716115762218581864e+00
1.500000000000000000e+00 9.549482028158612579e+00
1.500000000000000000e+00 9.549481744851190612e+00
1.500000000000000000e+00 8.677048673351597685e+00
1.500000000000000000e+00 8.677048620792099598e+00
1.500000000000000000e+00 8.538558936670408883e+00
1.500000000000000000e+00 8.538558878491674164e+00
1.500000000000000000e+00 8.471554289865220966e+00
1.500000000000000000e+00 8.471554258561003081e+00
1.500000000000000000e+00 8.390984365054146465e+00
1.500000000000000000e+00 8.390984345726119287e+00
1.500000000000000000e+00 8.373331125395278463e+00
1.500000000000000000e+00 8.373331058612190958e+00
1.500000000000000000e+00 8.275622614759290840e+00
1.500000000000000000e+00 8.275622463281662178e+00
1.500000000000000000e+00 8.258919232955731715e+00
1.500000000000000000e+00 8.258919198766916381e+00
1.500000000000000000e+00 8.223972980508738928e+00
1.500000000000000000e+00 8.223972866631511280e+00
1.500000000000000000e+00 6.564573327768257194e+00
1.500000000000000000e+00 6.564573325849859309e+00
1.500000000000000000e+00 3.971815050802089964e+00
1.500000000000000000e+00 3.971815049520771801e+00
2.000000000000000000e+00 1.467969352864220234e+01
2.000000000000000000e+00 1.467969351336133244e+01
2.000000000000000000e+00 1.464127021800098660e+01
2.000000000000000000e+00 1.464127016323803687e+01
2.000000000000000000e+00 1.463324007212323430e+01
2.000000000000000000e+00 1.462965288387971086e+01
2.000000000000000000e+00 1.462965287285314098e+01
2.000000000000000000e+00 1.458600140923372557e+01
2.000000000000000000e+00 1.458600124562197387e+01
2.000000000000000000e+00 1.458074886614368104e+01
2.000000000000000000e+00 1.456947116001245313e+01
2.000000000000000000e+00 1.453462513991921590e+01
2.000000000000000000e+00 1.453462511758638520e+01
2.000000000000000000e+00 1.453433962967200443e+01
2.000000000000000000e+00 1.451930911688601000e+01
2.000000000000000000e+00 1.444771010267202982e+01
2.000000000000000000e+00 1.444770998150095309e+01
2.000000000000000000e+00 1.442956883134904977e+01
2.000000000000000000e+00 1.442257212064505900e+01
2.000000000000000000e+00 1.441025235116371306e+01
2.000000000000000000e+00 1.429806113743544493e+01
2.000000000000000000e+00 1.429806076508699597e+01
2.000000000000000000e+00 1.377970759481861585e+01
2.000000000000000000e+00 1.377970727796453687e+01
2.000000000000000000e+00 1.357076159798080894e+01
2.000000000000000000e+00 1.356489281447098172e+01
2.000000000000000000e+00 1.356045868284767231e+01
2.000000000000000000e+00 1.356045862073506036e+01
2.000000000000000000e+00 1.354508743072130628e+01
2.000000000000000000e+00 1.354508741394747950e+01
2.000000000000000000e+00 1.350839761180892218e+01
2.000000000000000000e+00 1.350839756624018761e+01
2.000000000000000000e+00 1.348128398405996364e+01
2.000000000000000000e+00 1.347852682957881676e+01
2.000000000000000000e+00 1.345485319670235036e+01
2.000000000000000000e+00 1.345485317115812940e+01
2.000000000000000000e+00 1.342553309716075027e+01
2.000000000000000000e+00 1.340322838870443967e+01
2.000000000000000000e+00 1.339891053946017685e+01
2.000000000000000000e+00 1.337729920608784973e+01
2.000000000000000000e+00 1.337729896211469161e+01
2.000000000000000000e+00 1.333937877719291976e+01
2.000000000000000000e+00 1.329250068067887547e+01
2.000000000000000000e+00 1.329250054709133977e+01
2.000000000000000000e+00 1.328644868640448351e+01
2.000000000000000000e+00 1.328522831473595645e+01
2.000000000000000000e+00 1.323377423178556356e+01
2.000000000000000000e+00 1.322103936066408458e+01
2.000000000000000000e+00 1.322103922624180150e+01
2.000000000000000000e+00 1.320473394986672311e+01
2.000000000000000000e+00 1.295013876875297854e+01
2.000000000000000000e+00 1.295013856987549694e+01
2.000000000000000000e+00 1.293232835195599506e+01
2.000000000000000000e+00 1.291552557111028676e+01
2.000000000000000000e+00 1.240078839950445477e+01
2.000000000000000000e+00 1.240078810231864637e+01
2.000000000000000000e+00 1.226620725544992929e+01
2.000000000000000000e+00 1.216741351909542423e+01
2.000000000000000000e+00 1.216741348256565836e+01
2.000000000000000000e+00 1.215157780679485278e+01
2.000000000000000000e+00 1.212953635805402541e+01
2.000000000000000000e+00 1.206717025308764057e+01
2.000000000000000000e+00 1.205873907847885462e+01
2.000000000000000000e+00 1.201780919564549777e+01
2.000000000000000000e+00 1.201780916952588107e+01
2.000000000000000000e+00 1.192105336751595246e+01
2.000000000000000000e+00 1.192105332817605756e+01
2.000000000000000000e+00 1.188325044210918158e+01
2.000000000000000000e+00 1.188325043484178778e+01
2.000000000000000000e+00 1.188143883772827003e+01
2.000000000000000000e+00 1.186878704868042789e+01
2.000000000000000000e+00 1.186878698551255873e+01
2.000000000000000000e+00 1.183519235174714801e+01
2.000000000000000000e+00 1.179992892469893029e+01
2.000000000000000000e+00 1.124514547358460881e+01
2.000000000000000000e+00 1.108850298307098292e+01
2.000000000000000000e+00 1.073598095912425343e+01
2.000000000000000000e+00 1.073598056107970855e+01
2.000000000000000000e+00 1.022648332438318874e+01
2.000000000000000000e+00 1.022121983975106829e+01
2.000000000000000000e+00 1.014234818752583678e+01
2.000000000000000000e+00 1.013262434920408239e+01
2.000000000000000000e+00 1.013262430371008271e+01
2.000000000000000000e+00 1.010346540733363696e+01
2.000000000000000000e+00 1.007918148417965831e+01
2.000000000000000000e+00 1.007323128742703133e+01
2.000000000000000000e+00 1.007323125451296164e+01
2.000000000000000000e+00 9.004513687150206280e+00
2.000000000000000000e+00 8.941246043217336847e+00
2.000000000000000000e+00 8.928383743455050592e+00
2.000000000000000000e+00 8.928383586105221426e+00
2.000000000000000000e+00 7.686235752790272713e+00
2.000000000000000000e+00 7.674589582608619232e+00
2.000000000000000000e+00 7.674589461922127320e+00
2.000000000000000000e+00 7.521033450617476745e+00
2.000000000000000000e+00 7.494307617268616717e+00
2.000000000000000000e+00 7.494307485838816341e+00
2.000000000000000000e+00 7.477366844958722503e+00
2.000000000000000000e+00 7.467398545703868074e+00
2.000000000000000000e+00 7.462395876006178597e+00
2.500000000000000000e+00 1.789328010091341881e+01
2.500000000000000000e+00 1.789328007470607673e+01
2.500000000000000000e+00 1.787391670561175872e+01
2.500000000000000000e+00 1.787391638430226593e+01
2.500000000000000000e+00 1.729061548888457267e+01
2.500000000000000000e+00 1.729061546736764043e+01
2.500000000000000000e+00 1.715985070615080588e+01
2.500000000000000000e+00 1.715985049847658317e+01
2.500000000000000000e+00 1.711813937172117406e+01
2.500000000000000000e+00 1.711813867757427943e+01
2.500000000000000000e+00 1.709631985933273768e+01
2.500000000000000000e+00 1.709631959947825308e+01
2.500000000000000000e+00 1.697862677708641854e+01
2.500000000000000000e+00 1.697862671933577872e+01
2.500000000000000000e+00 1.693795436225007478e+01
2.500000000000000000e+00 1.693795430176035310e+01
2.500000000000000000e+00 1.689278949443854927e+01
2.500000000000000000e+00 1.689278934025592704e+01
2.500000000000000000e+00 1.689166547006469798e+01
2.500000000000000000e+00 1.689166540749836898e+01
2.500000000000000000e+00 1.688983069293908912e+01
2.500000000000000000e+00 1.688983049597624486e+01
2.500000000000000000e+00 1.688332751364519524e+01
2.500000000000000000e+00 1.688332748500819847e+01
2.500000000000000000e+00 1.685937574283978790e+01
2.500000000000000000e+00 1.685937570556080445e+01
2.500000000000000000e+00 1.682823454093978199e+01
2.500000000000000000e+00 1.682823442349791421e+01
2.500000000000000000e+00 1.666756545941831646e+01
2.500000000000000000e+00 1.666756531709579647e+01
2.500000000000000000e+00 1.583518939981438578e+01
2.500000000000000000e+00 1.583518902666701678e+01
2.500000000000000000e+00 1.577138183181912545e+01
2.500000000000000000e+00 1.577138167483190756e+01
2.500000000000000000e+00 1.568143987859825472e+01
2.500000000000000000e+00 1.568143979681246236e+01
2.500000000000000000e+00 1.563013447485656116e+01
2.500000000000000000e+00 1.563013426903148684e+01
2.500000000000000000e+00 1.551323641430764155e+01
2.500000000000000000e+00 1.551323633305677774e+01
2.500000000000000000e+00 1.549700612076012440e+01
2.500000000000000000e+00 1.549700596326091961e+01
2.500000000000000000e+00 1.547219723909467959e+01
2.500000000000000000e+00 1.547219717391411287e+01
2.500000000000000000e+00 1.537305845818749894e+01
2.500000000000000000e+00 1.537305831694042801e+01
2.500000000000000000e+00 1.529469373948508348e+01
2.500000000000000000e+00 1.529469357769594140e+01
2.500000000000000000e+00 1.469838275620023005e+01
2.500000000000000000e+00 1.469838268801811765e+01
2.500000000000000000e+00 1.396308046058958396e+01
2.500000000000000000e+00 1.396308028584699912e+01
2.500000000000000000e+00 1.373659998864756560e+01
2.500000000000000000e+00 1.373659997100067365e+01
2.500000000000000000e+00 1.369487104815976863e+01
2.500000000000000000e+00 1.369487101529250062e+01
2.500000000000000000e+00 1.367188457638847332e+01
2.500000000000000000e+00 1.367188456850263023e+01
2.500000000000000000e+00 1.366764914723164104e+01
2.500000000000000000e+00 1.366764886588187089e+01
2.500000000000000000e+00 1.365302851076007151e+01
2.500000000000000000e+00 1.365302850547521452e+01
2.500000000000000000e+00 1.276112565345325400e+01
2.500000000000000000e+00 1.276112521055693172e+01
2.500000000000000000e+00 1.260269985445642682e+01
2.500000000000000000e+00 1.260269976921524737e+01
2.500000000000000000e+00 1.260091972678801930e+01
2.500000000000000000e+00 1.260091964202799453e+01
2.500000000000000000e+00 1.258665127563802599e+01
2.500000000000000000e+00 1.258665120448923425e+01
2.500000000000000000e+00 1.254173158826591994e+01
2.500000000000000000e+00 1.254173119267344916e+01
2.500000000000000000e+00 1.252520150858338965e+01
2.500000000000000000e+00 1.252520136474574919e+01
2.500000000000000000e+00 1.243420046642566312e+01
2.500000000000000000e+00 1.243420037180833049e+01
2.500000000000000000e+00 1.239941152297658000e+01
2.500000000000000000e+00 1.239941152103686051e+01
2.500000000000000000e+00 1.238107317469002844e+01
2.500000000000000000e+00 1.238107309533705092e+01
2.500000000000000000e+00 1.211662303727773882e+01
2.500000000000000000e+00 1.211662288710551039e+01
2.500000000000000000e+00 1.119442842325092080e+01
2.500000000000000000e+00 1.119442842320247777e+01
2.500000000000000000e+00 1.119417853647041028e+01
2.500000000000000000e+00 1.119417852891503529e+01
2.500000000000000000e+00 1.118310955465714684e+01
2.500000000000000000e+00 1.118310941819359527e+01
2.500000000000000000e+00 1.108146679027998971e+01
2.500000000000000000e+00 1.108146665403893039e+01
2.500000000000000000e+00 1.102874638999552026e+01
2.500000000000000000e+00 1.102874629487511982e+01
2.500000000000000000e+00 1.102677326298473659e+01
2.500000000000000000e+00 1.102677309701603292e+01
2.500000000000000000e+00 1.006898932589414741e+01
2.500000000000000000e+00 1.006898931217533999e+01
2.500000000000000000e+00 8.066236035467499121e+00
2.500000000000000000e+00 8.066235961637056917e+00
2.500000000000000000e+00 6.698233644952604315e+00
2.500000000000000000e+00 6.698233599993133502e+00
3.000000000000000000e+00 2.285802980727401135e+01
3.000000000000000000e+00 2.285802417509474083e+01
3.000000000000000000e+00 2.284848574615822514e+01
3.000000000000000000e+00 2.198278466177156432e+01
3.000000000000000000e+00 2.193018498576044806e+01
3.000000000000000000e+00 2.193018498576044806e+01
3.000000000000000000e+00 2.191703822060667761e+01
3.000000000000000000e+00 2.170933594258536203e+01
3.000000000000000000e+00 2.170933356166699468e+01
3.000000000000000000e+00 2.168687141999223300e+01
3.000000000000000000e+00 2.161627512274446872e+01
3.000000000000000000e+00 2.161627295339884114e+01
3.000000000000000000e+00 2.157602287450463763e+01
3.000000000000000000e+00 2.157331037427864473e+01
3.000000000000000000e+00 2.147623959699264518e+01
3.000000000000000000e+00 2.063821725215430192e+01
3.000000000000000000e+00 2.057995258446854336e+01
3.000000000000000000e+00 2.055013378948592617e+01
3.000000000000000000e+00 2.055013360274053724e+01
3.000000000000000000e+00 2.045843590839198001e+01
3.000000000000000000e+00 2.045843539724335969e+01
3.000000000000000000e+00 2.040514248002718034e+01
3.000000000000000000e+00 2.038633525913331823e+01
3.000000000000000000e+00 2.037391181926620476e+01
3.000000000000000000e+00 2.033826394989274888e+01
3.000000000000000000e+00 2.033826364771258000e+01
3.000000000000000000e+00 2.027029804123377943e+01
3.000000000000000000e+00 1.923322103594775712e+01
3.000000000000000000e+00 1.911869351021420371e+01
3.000000000000000000e+00 1.896394727615886566e+01
3.000000000000000000e+00 1.896394719970351872e+01
3.000000000000000000e+00 1.849116131860759538e+01
3.000000000000000000e+00 1.746280139681508459e+01
3.000000000000000000e+00 1.738782532027950367e+01
3.000000000000000000e+00 1.738782530447041808e+01
3.000000000000000000e+00 1.738332379874491096e+01
3.000000000000000000e+00 1.733565289834501399e+01
3.000000000000000000e+00 1.729452624025518048e+01
3.000000000000000000e+00 1.728616528256170426e+01
3.000000000000000000e+00 1.728616526114031515e+01
3.000000000000000000e+00 1.720349181116468884e+01
3.000000000000000000e+00 1.711962686984818305e+01
3.000000000000000000e+00 1.711091213019090418e+01
3.000000000000000000e+00 1.711091207625754862e+01
3.000000000000000000e+00 1.708513048584453031e+01
3.000000000000000000e+00 1.708513042160375406e+01
3.000000000000000000e+00 1.707598243402113170e+01
3.000000000000000000e+00 1.704681848740358063e+01
3.000000000000000000e+00 1.619027093509756909e+01
3.000000000000000000e+00 1.618144995961586474e+01
3.000000000000000000e+00 1.615950871488373153e+01
3.000000000000000000e+00 1.614455121382649594e+01
3.000000000000000000e+00 1.614455121154652062e+01
3.000000000000000000e+00 1.612126538828566069e+01
3.000000000000000000e+00 1.611487316891646060e+01
3.000000000000000000e+00 1.611487315342334270e+01
3.000000000000000000e+00 1.610295461912463111e+01
3.000000000000000000e+00 1.610295461475046963e+01
3.000000000000000000e+00 1.609888952407087359e+01
3.000000000000000000e+00 1.607884043767851878e+01
3.000000000000000000e+00 1.604249145816685385e+01
3.000000000000000000e+00 1.604249145610809535e+01
3.000000000000000000e+00 1.604249145404933330e+01
3.000000000000000000e+00 1.604249144581429576e+01
3.000000000000000000e+00 1.596988744192137943e+01
3.000000000000000000e+00 1.563705793639803865e+01
3.000000000000000000e+00 1.514955717725224282e+01
3.000000000000000000e+00 1.495595644716617834e+01
3.000000000000000000e+00 1.495595643188516100e+01
3.000000000000000000e+00 1.495432240258602086e+01
3.000000000000000000e+00 1.482776296173553199e+01
3.000000000000000000e+00 1.482776280714733019e+01
3.000000000000000000e+00 1.477923021784643254e+01
3.000000000000000000e+00 1.477388719992666211e+01
3.000000000000000000e+00 1.466172091776799213e+01
3.000000000000000000e+00 1.461920094929182135e+01
3.000000000000000000e+00 1.461920086894040693e+01
3.000000000000000000e+00 1.460680202534831729e+01
3.000000000000000000e+00 1.460352440480809300e+01
3.000000000000000000e+00 1.460352436330416559e+01
3.000000000000000000e+00 1.455247404798583055e+01
3.000000000000000000e+00 1.450605856587811182e+01
3.000000000000000000e+00 1.349429626541130567e+01
3.000000000000000000e+00 1.180613167934954788e+01
3.000000000000000000e+00 1.175598307609811322e+01
3.000000000000000000e+00 1.175598293543495565e+01
3.000000000000000000e+00 1.168295431958448738e+01
3.000000000000000000e+00 1.167364195162027407e+01
3.000000000000000000e+00 1.151147157886944861e+01
3.000000000000000000e+00 1.151147144836387959e+01
3.000000000000000000e+00 1.147193062635872707e+01
3.000000000000000000e+00 1.037691770314766515e+01
3.000000000000000000e+00 1.027820968389119471e+01
3.000000000000000000e+00 1.027512040735286192e+01
3.000000000000000000e+00 1.027512039220015438e+01
3.000000000000000000e+00 1.022825513999025304e+01
3.000000000000000000e+00 1.022825507288177604e+01
3.000000000000000000e+00 1.022388930640006777e+01
3.000000000000000000e+00 1.019360148693658630e+01
3.000000000000000000e+00 5.826142194852198308e+00
3.500000000000000000e+00 2.527007483893530093e+01
3.500000000000000000e+00 2.527007481977758729e+01
3.500000000000000000e+00 2.392121640935895144e+01
3.500000000000000000e+00 2.392121639684681256e+01
3.500000000000000000e+00 2.107394234954711010e+01
3.500000000000000000e+00 2.107394219321679785e+01
3.500000000000000000e+00 2.073663985076246874e+01
3.500000000000000000e+00 2.073663980749292435e+01
3.500000000000000000e+00 2.069762872860702885e+01
3.500000000000000000e+00 2.069762857864253647e+01
3.500000000000000000e+00 1.987143854950389255e+01
3.500000000000000000e+00 1.987143854062625081e+01
3.500000000000000000e+00 1.969274724997754689e+01
3.500000000000000000e+00 1.969274721141329820e+01
3.500000000000000000e+00 1.965481675985029497e+01
3.500000000000000000e+00 1.965481671974971434e+01
3.500000000000000000e+00 1.963129044303397919e+01
3.500000000000000000e+00 1.963129044088613995e+01
3.500000000000000000e+00 1.960841085982042387e+01
3.500000000000000000e+00 1.960841080421995741e+01
3.500000000000000000e+00 1.947640565774907628e+01
3.500000000000000000e+00 1.947640560467941739e+01
3.500000000000000000e+00 1.947596785655670359e+01
3.500000000000000000e+00 1.947596781137643873e+01
3.500000000000000000e+00 1.943716224435886630e+01
3.500000000000000000e+00 1.943716223015477240e+01
3.500000000000000000e+00 1.826602412228306349e+01
3.500000000000000000e+00 1.826602401478665882e+01
3.500000000000000000e+00 1.814631248002414310e+01
3.500000000000000000e+00 1.814631247894660149e+01
3.500000000000000000e+00 1.809829533989555372e+01
3.500000000000000000e+00 1.809829527936978621e+01
3.500000000000000000e+00 1.624919549055758239e+01
3.500000000000000000e+00 1.624919529444558464e+01
3.500000000000000000e+00 1.525923371858757527e+01
3.500000000000000000e+00 1.525923370334994900e+01
3.500000000000000000e+00 1.525698944794927137e+01
3.500000000000000000e+00 1.525698942117694656e+01
3.500000000000000000e+00 1.519192458620315200e+01
3.500000000000000000e+00 1.519192456527813029e+01
3.500000000000000000e+00 1.519110848377218481e+01
3.500000000000000000e+00 1.519110848223008858e+01
3.500000000000000000e+00 1.481062500983107810e+01
3.500000000000000000e+00 1.481062489366913226e+01
3.500000000000000000e+00 1.404975992864179979e+01
3.500000000000000000e+00 1.404975972523657113e+01
3.500000000000000000e+00 1.385000827999959228e+01
3.500000000000000000e+00 1.385000824945270281e+01
3.500000000000000000e+00 1.382440659564688090e+01
3.500000000000000000e+00 1.382440659243192016e+01
3.500000000000000000e+00 1.381450339766708879e+01
3.500000000000000000e+00 1.381450338182292903e+01
3.500000000000000000e+00 1.380568100053142011e+01
3.500000000000000000e+00 1.380568099425289752e+01
3.500000000000000000e+00 1.274455733719770656e+01
3.500000000000000000e+00 1.274455711579907735e+01
3.500000000000000000e+00 9.451438567253624967e+00
3.500000000000000000e+00 9.451438519515217962e+00
3.500000000000000000e+00 9.335535568032845788e+00
3.500000000000000000e+00 9.335535513669404040e+00
4.000000000000000000e+00 2.437815713486372360e+01
4.000000000000000000e+00 2.317033682263740602e+01
4.000000000000000000e+00 2.309150818364187430e+01
4.000000000000000000e+00 2.309150817856025739e+01
4.000000000000000000e+00 2.308664589346551210e+01
4.000000000000000000e+00 2.164804653590250183e+01
4.000000000000000000e+00 1.900863887608803893e+01
4.000000000000000000e+00 1.883602817819697606e+01
4.000000000000000000e+00 1.883602811728533055e+01
4.000000000000000000e+00 1.878827970000315872e+01
4.000000000000000000e+00 1.864341983065605035e+01
4.000000000000000000e+00 1.859191390442800440e+01
4.000000000000000000e+00 1.859191388027801040e+01
4.000000000000000000e+00 1.853670189086069087e+01
4.000000000000000000e+00 1.744434739793724276e+01
4.000000000000000000e+00 1.739146536869245807e+01
4.000000000000000000e+00 1.739146534440771319e+01
4.000000000000000000e+00 1.736964710731736261e+01
4.000000000000000000e+00 1.736160709738249963e+01
4.000000000000000000e+00 1.727865253697196124e+01
4.000000000000000000e+00 1.727865247594760945e+01
4.000000000000000000e+00 1.723171498793218248e+01
4.000000000000000000e+00 1.396160471034698958e+01
4.000000000000000000e+00 1.297436647406449239e+01
4.000000000000000000e+00 1.296712082229608143e+01
4.000000000000000000e+00 1.296712081722659882e+01
4.000000000000000000e+00 1.296228109396671968e+01
4.000000000000000000e+00 1.185204152380465281e+01
4.500000000000000000e+00 2.223772625283128335e+01
4.500000000000000000e+00 2.223772623698717510e+01
4.500000000000000000e+00 2.086030506937608209e+01
4.500000000000000000e+00 2.086030504845106748e+01
4.500000000000000000e+00 1.657626182327774700e+01
4.500000000000000000e+00 1.657626177809683199e+01
4.500000000000000000e+00 1.639741291490395270e+01
4.500000000000000000e+00 1.639741287480387655e+01
5.000000000000000000e+00 2.000973818235488011e+01
