-5.000000000000000000e+00 2.367253625679819962e+01
-4.500000000000000000e+00 2.672345191388285457e+01
-4.500000000000000000e+00 2.672345190368632473e+01
-4.500000000000000000e+00 2.492941469197774751e+01
-4.500000000000000000e+00 2.492941467951420975e+01
-4.500000000000000000e+00 2.020104543680477960e+01
-4.500000000000000000e+00 2.020104541575643964e+01
-4.500000000000000000e+00 2.004058677630120044e+01
-4.500000000000000000e+00 2.004058675298584546e+01
-4.000000000000000000e+00 3.011912651284516329e+01
-4.000000000000000000e+00 2.840021093920553241e+01
-4.000000000000000000e+00 2.820068581764477145e+01
-4.000000000000000000e+00 2.820068581570999910e+01
-4.000000000000000000e+00 2.807746231317525343e+01
-4.000000000000000000e+00 2.701339717783610439e+01
-4.000000000000000000e+00 2.371959258739716248e+01
-4.000000000000000000e+00 2.371959256165433771e+01
-4.000000000000000000e+00 2.368112817199890685e+01
-4.000000000000000000e+00 2.335761429862366967e+01
-4.000000000000000000e+00 2.296823486675149795e+01
-4.000000000000000000e+00 2.274782567252019305e+01
-4.000000000000000000e+00 2.274782566450351950e+01
-4.000000000000000000e+00 2.230636768794225233e+01
-4.000000000000000000e+00 2.184458105825562058e+01
-4.000000000000000000e+00 2.184458103058681999e+01
-4.000000000000000000e+00 2.166803982909478066e+01
-4.000000000000000000e+00 2.120788336946677433e+01
-4.000000000000000000e+00 2.091314079685960081e+01
-4.000000000000000000e+00 2.035839760058707171e+01
-4.000000000000000000e+00 2.035839759126297821e+01
-4.000000000000000000e+00 1.998275984097470115e+01
-4.000000000000000000e+00 1.827505986251730263e+01
-4.000000000000000000e+00 1.677719611679052392e+01
-4.000000000000000000e+00 1.677719611423745505e+01
-4.000000000000000000e+00 1.666378671107115395e+01
-4.000000000000000000e+00 1.635417492215812274e+01
-4.000000000000000000e+00 1.540702287432091211e+01
-3.500000000000000000e+00 3.234311022983688844e+01
-3.500000000000000000e+00 3.234311020796086211e+01
-3.500000000000000000e+00 3.104669948122078793e+01
-3.500000000000000000e+00 3.104669946018125515e+01
-3.500000000000000000e+00 2.789678463166401201e+01
-3.500000000000000000e+00 2.789678462878878307e+01
-3.500000000000000000e+00 2.672045195114382210e+01
-3.500000000000000000e+00 2.672045194027678150e+01
-3.500000000000000000e+00 2.555118311111657547e+01
-3.500000000000000000e+00 2.555118311098487638e+01
-3.500000000000000000e+00 2.544197208953915990e+01
-3.500000000000000000e+00 2.544197208703080548e+01
-3.500000000000000000e+00 2.526187533351165015e+01
-3.500000000000000000e+00 2.526187531762797533e+01
-3.500000000000000000e+00 2.450883951887274748e+01
-3.500000000000000000e+00 2.450883949555463559e+01
-3.500000000000000000e+00 2.450382982137127996e+01
-3.500000000000000000e+00 2.450382982104439478e+01
-3.500000000000000000e+00 2.435921694232890289e+01
-3.500000000000000000e+00 2.435921694089481804e+01
-3.500000000000000000e+00 2.434838085610038050e+01
-3.500000000000000000e+00 2.434838083505312056e+01
-3.500000000000000000e+00 2.353433007670820132e+01
-3.500000000000000000e+00 2.353433006417987627e+01
-3.500000000000000000e+00 2.315514558930180300e+01
-3.500000000000000000e+00 2.315514558085084929e+01
-3.500000000000000000e+00 2.274576299844406080e+01
-3.500000000000000000e+00 2.274576299406197322e+01
-3.500000000000000000e+00 2.267827668494662063e+01
-3.500000000000000000e+00 2.267827668052847301e+01
-3.500000000000000000e+00 2.111284321388706786e+01
-3.500000000000000000e+00 2.111284321351364923e+01
-3.500000000000000000e+00 2.013424725366315471e+01
-3.500000000000000000e+00 2.013424725339578814e+01
-3.500000000000000000e+00 1.987518487270405032e+01
-3.500000000000000000e+00 1.987518486995321254e+01
-3.500000000000000000e+00 1.962001159234417358e+01
-3.500000000000000000e+00 1.962001157988059674e+01
-3.500000000000000000e+00 1.959706060680437290e+01
-3.500000000000000000e+00 1.959706060438514896e+01
-3.500000000000000000e+00 1.880308827317908538e+01
-3.500000000000000000e+00 1.880308826193640925e+01
-3.500000000000000000e+00 1.874120785328128846e+01
-3.500000000000000000e+00 1.874120784856316391e+01
-3.500000000000000000e+00 1.795342055718688101e+01
-3.500000000000000000e+00 1.795342053251042458e+01
-3.500000000000000000e+00 1.788821464811458384e+01
-3.500000000000000000e+00 1.788821464245889459e+01
-3.500000000000000000e+00 1.782597436817199110e+01
-3.500000000000000000e+00 1.782597435797543639e+01
-3.500000000000000000e+00 1.767688150443694539e+01
-3.500000000000000000e+00 1.767688149969852773e+01
-3.500000000000000000e+00 1.600113733661017079e+01
-3.500000000000000000e+00 1.600113730492652664e+01
-3.500000000000000000e+00 1.462953424297538518e+01
-3.500000000000000000e+00 1.462953418176565812e+01
-3.500000000000000000e+00 1.394487910680515164e+01
-3.500000000000000000e+00 1.394487906950259415e+01
-3.500000000000000000e+00 1.289075443856222591e+01
-3.500000000000000000e+00 1.289075440545330764e+01
-3.000000000000000000e+00 2.891115583745711248e+01
-3.000000000000000000e+00 2.887353384566752723e+01
-3.000000000000000000e+00 2.887353384566752723e+01
-3.000000000000000000e+00 2.875472569459589778e+01
-3.000000000000000000e+00 2.815983017422500367e+01
-3.000000000000000000e+00 2.789434054548181052e+01
-3.000000000000000000e+00 2.789434054548181052e+01
-3.000000000000000000e+00 2.777338427768053108e+01
-3.000000000000000000e+00 2.777287237595448133e+01
-3.000000000000000000e+00 2.758451312914953490e+01
-3.000000000000000000e+00 2.756291673471153558e+01
-3.000000000000000000e+00 2.702750474650541435e+01
-3.000000000000000000e+00 2.698856430241226434e+01
-3.000000000000000000e+00 2.698844751409096432e+01
-3.000000000000000000e+00 2.677996184164397775e+01
-3.000000000000000000e+00 2.665692569983520954e+01
-3.000000000000000000e+00 2.663511811119072803e+01
-3.000000000000000000e+00 2.663511811119072803e+01
-3.000000000000000000e+00 2.658692179910707409e+01
-3.000000000000000000e+00 2.598324756150961079e+01
-3.000000000000000000e+00 2.570472130273167721e+01
-3.000000000000000000e+00 2.570468895440489376e+01
-3.000000000000000000e+00 2.526931189771547892e+01
-3.000000000000000000e+00 2.486367239067280011e+01
-3.000000000000000000e+00 2.411230052404784985e+01
-3.000000000000000000e+00 2.406362850804858056e+01
-3.000000000000000000e+00 2.402829340745553921e+01
-3.000000000000000000e+00 2.402828130641182369e+01
-3.000000000000000000e+00 2.311185989259555029e+01
-3.000000000000000000e+00 2.290954129891828117e+01
-3.000000000000000000e+00 2.290954129891828117e+01
-3.000000000000000000e+00 2.278041043325604775e+01
-3.000000000000000000e+00 2.250291920817308622e+01
-3.000000000000000000e+00 2.247007300107494387e+01
-3.000000000000000000e+00 2.241669777520149864e+01
-3.000000000000000000e+00 2.241669656769879992e+01
-3.000000000000000000e+00 2.226295272628208011e+01
-3.000000000000000000e+00 2.201710263077709229e+01
-3.000000000000000000e+00 2.197582035556687075e+01
-3.000000000000000000e+00 2.197581724759515609e+01
-3.000000000000000000e+00 2.183447706226075979e+01
-3.000000000000000000e+00 2.181992418418145974e+01
-3.000000000000000000e+00 2.173129585502427119e+01
-3.000000000000000000e+00 2.173129463813284445e+01
-3.000000000000000000e+00 2.168300216121184576e+01
-3.000000000000000000e+00 2.148682043737184699e+01
-3.000000000000000000e+00 2.133099781438897224e+01
-3.000000000000000000e+00 2.133099781438897224e+01
-3.000000000000000000e+00 2.123721041243317487e+01
-3.000000000000000000e+00 2.123721041243317487e+01
-3.000000000000000000e+00 2.122116385691766283e+01
-3.000000000000000000e+00 2.087688980895046953e+01
-3.000000000000000000e+00 2.087688980895046953e+01
-3.000000000000000000e+00 2.087688980895046953e+01
-3.000000000000000000e+00 2.087688955003487479e+01
-3.000000000000000000e+00 2.087142224488662379e+01
-3.000000000000000000e+00 2.063232910793267294e+01
-3.000000000000000000e+00 2.034901203583575935e+01
-3.000000000000000000e+00 2.031295142252166031e+01
-3.000000000000000000e+00 2.024786728087386578e+01
-3.000000000000000000e+00 2.024786686678035963e+01
-3.000000000000000000e+00 2.017662479703807676e+01
-3.000000000000000000e+00 2.017662466849845515e+01
-3.000000000000000000e+00 2.016442056749890099e+01
-3.000000000000000000e+00 1.997916243863057062e+01
-3.000000000000000000e+00 1.996004152826793998e+01
-3.000000000000000000e+00 1.904952099548383870e+01
-3.000000000000000000e+00 1.880978474036161074e+01
-3.000000000000000000e+00 1.878713801746499001e+01
-3.000000000000000000e+00 1.878712562097110705e+01
-3.000000000000000000e+00 1.878712562097110705e+01
-3.000000000000000000e+00 1.873996575078062676e+01
-3.000000000000000000e+00 1.873996550632846692e+01
-3.000000000000000000e+00 1.853287322511858193e+01
-3.000000000000000000e+00 1.839835931539124658e+01
-3.000000000000000000e+00 1.797545834767018391e+01
-3.000000000000000000e+00 1.794389400587846595e+01
-3.000000000000000000e+00 1.794389395074258076e+01
-3.000000000000000000e+00 1.779141129107247821e+01
-3.000000000000000000e+00 1.779141123189969775e+01
-3.000000000000000000e+00 1.754039194706922089e+01
-3.000000000000000000e+00 1.744170317495321854e+01
-3.000000000000000000e+00 1.689321576535666480e+01
-3.000000000000000000e+00 1.681929485991968676e+01
-3.000000000000000000e+00 1.681929481515174274e+01
-3.000000000000000000e+00 1.640036624512330832e+01
-3.000000000000000000e+00 1.619414919983173107e+01
-3.000000000000000000e+00 1.577195708856790191e+01
-3.000000000000000000e+00 1.543907978602257280e+01
-3.000000000000000000e+00 1.543907978264450342e+01
-3.000000000000000000e+00 1.503350658551854480e+01
-3.000000000000000000e+00 1.495181541661400360e+01
-3.000000000000000000e+00 1.444458518464424834e+01
-3.000000000000000000e+00 1.444458517506411077e+01
-3.000000000000000000e+00 1.440393529814199525e+01
-3.000000000000000000e+00 1.434482931640707015e+01
-3.000000000000000000e+00 1.434482930208176121e+01
-3.000000000000000000e+00 1.401526216339949471e+01
-3.000000000000000000e+00 1.032533654932500156e+01
-3.000000000000000000e+00 8.686810707012515564e+00
-2.500000000000000000e+00 2.242073656658744696e+01
-2.500000000000000000e+00 2.242073414181010449e+01
-2.500000000000000000e+00 2.228758821104846177e+01
-2.500000000000000000e+00 2.228758078234149664e+01
-2.500000000000000000e+00 2.210726946438124330e+01
-2.500000000000000000e+00 2.210726769209047760e+01
-2.500000000000000000e+00 2.183673810861309761e+01
-2.500000000000000000e+00 2.183673675640108058e+01
-2.500000000000000000e+00 2.171054141500369283e+01
-2.500000000000000000e+00 2.171054081905560196e+01
-2.500000000000000000e+00 2.164067844039772126e+01
-2.500000000000000000e+00 2.164067677319523142e+01
-2.500000000000000000e+00 2.152287984429288414e+01
-2.500000000000000000e+00 2.152287836235803908e+01
-2.500000000000000000e+00 2.144698248389555317e+01
-2.500000000000000000e+00 2.144697973665287094e+01
-2.500000000000000000e+00 2.134983064024741850e+01
-2.500000000000000000e+00 2.134983064024741850e+01
-2.500000000000000000e+00 2.126386263653752451e+01
-2.500000000000000000e+00 2.126386225528006335e+01
-2.500000000000000000e+00 2.099563330012475859e+01
-2.500000000000000000e+00 2.099563184232592050e+01
-2.500000000000000000e+00 2.074147069764771700e+01
-2.500000000000000000e+00 2.074147069764771700e+01
-2.500000000000000000e+00 2.059105804012636654e+01
-2.500000000000000000e+00 2.059105765103372576e+01
-2.500000000000000000e+00 2.011612882898121413e+01
-2.500000000000000000e+00 2.011612834500517621e+01
-2.500000000000000000e+00 2.003808733482222948e+01
-2.500000000000000000e+00 2.003808688718017805e+01
-2.500000000000000000e+00 1.985272799687994549e+01
-2.500000000000000000e+00 1.985272790390403941e+01
-2.500000000000000000e+00 1.954450629988252430e+01
-2.500000000000000000e+00 1.954450623156825273e+01
-2.500000000000000000e+00 1.920268710871817319e+01
-2.500000000000000000e+00 1.920268701164678404e+01
-2.500000000000000000e+00 1.913985594360848452e+01
-2.500000000000000000e+00 1.913985589802851450e+01
-2.500000000000000000e+00 1.908743319572038644e+01
-2.500000000000000000e+00 1.908743306596411315e+01
-2.500000000000000000e+00 1.868683552419038918e+01
-2.500000000000000000e+00 1.868683537931328686e+01
-2.500000000000000000e+00 1.858446462096896212e+01
-2.500000000000000000e+00 1.858446454250108459e+01
-2.500000000000000000e+00 1.853155259418154088e+01
-2.500000000000000000e+00 1.853155256937357009e+01
-2.500000000000000000e+00 1.851239030192231994e+01
-2.500000000000000000e+00 1.851239022891096297e+01
-2.500000000000000000e+00 1.846934782635139527e+01
-2.500000000000000000e+00 1.846934780303958235e+01
-2.500000000000000000e+00 1.843740372601282829e+01
-2.500000000000000000e+00 1.843740365827610717e+01
-2.500000000000000000e+00 1.842176659345988909e+01
-2.500000000000000000e+00 1.842176652677413884e+01
-2.500000000000000000e+00 1.830917605956594585e+01
-2.500000000000000000e+00 1.830917598011952663e+01
-2.500000000000000000e+00 1.811944792935872783e+01
-2.500000000000000000e+00 1.811944783078351762e+01
-2.500000000000000000e+00 1.779239073689207018e+01
-2.500000000000000000e+00 1.779239071319976517e+01
-2.500000000000000000e+00 1.773083526625707762e+01
-2.500000000000000000e+00 1.773083525511813008e+01
-2.500000000000000000e+00 1.731848282264682837e+01
-2.500000000000000000e+00 1.731848274889687644e+01
-2.500000000000000000e+00 1.727895205844053450e+01
-2.500000000000000000e+00 1.727895204426225106e+01
-2.500000000000000000e+00 1.723789363533889940e+01
-2.500000000000000000e+00 1.723789361492699612e+01
-2.500000000000000000e+00 1.718645838638929035e+01
-2.500000000000000000e+00 1.718645834114931858e+01
-2.500000000000000000e+00 1.688284126353886450e+01
-2.500000000000000000e+00 1.688284125399783875e+01
-2.500000000000000000e+00 1.655652320851805825e+01
-2.500000000000000000e+00 1.655652319474891598e+01
-2.500000000000000000e+00 1.622791321722089108e+01
-2.500000000000000000e+00 1.622791321474270987e+01
-2.500000000000000000e+00 1.617422611556258971e+01
-2.500000000000000000e+00 1.617422611086530182e+01
-2.500000000000000000e+00 1.594136709309088218e+01
-2.500000000000000000e+00 1.594136707076188486e+01
-2.500000000000000000e+00 1.503439007322516829e+01
-2.500000000000000000e+00 1.503439006195620031e+01
-2.500000000000000000e+00 1.467991972798070854e+01
-2.500000000000000000e+00 1.467991970373660315e+01
-2.500000000000000000e+00 1.437874927490446098e+01
-2.500000000000000000e+00 1.437874927412448400e+01
-2.500000000000000000e+00 1.434829270974481652e+01
-2.500000000000000000e+00 1.434829269839612387e+01
-2.500000000000000000e+00 1.429056919924290092e+01
-2.500000000000000000e+00 1.429056919281560845e+01
-2.500000000000000000e+00 1.396704280682339139e+01
-2.500000000000000000e+00 1.396704280604826742e+01
-2.500000000000000000e+00 1.343927282795469580e+01
-2.500000000000000000e+00 1.343927280798766155e+01
-2.500000000000000000e+00 1.330333192069206838e+01
-2.500000000000000000e+00 1.330333190592389236e+01
-2.500000000000000000e+00 1.266398748799400487e+01
-2.500000000000000000e+00 1.266398748076335501e+01
-2.500000000000000000e+00 1.084380218607848789e+01
-2.500000000000000000e+00 1.084380216900884797e+01
-2.000000000000000000e+00 1.947124107094055034e+01
-2.000000000000000000e+00 1.947124075349977446e+01
-2.000000000000000000e+00 1.938238369219858726e+01
-2.000000000000000000e+00 1.938238340174787311e+01
-2.000000000000000000e+00 1.937708338616068460e+01
-2.000000000000000000e+00 1.937708332837761560e+01
-2.000000000000000000e+00 1.931651748386479639e+01
-2.000000000000000000e+00 1.927206620132076154e+01
-2.000000000000000000e+00 1.926272956872600162e+01
-2.000000000000000000e+00 1.912222958901541148e+01
-2.000000000000000000e+00 1.909478650758355656e+01
-2.000000000000000000e+00 1.909478642044093633e+01
-2.000000000000000000e+00 1.904733371675526854e+01
-2.000000000000000000e+00 1.901362922694956126e+01
-2.000000000000000000e+00 1.901362894572551099e+01
-2.000000000000000000e+00 1.884600527273415693e+01
-2.000000000000000000e+00 1.884184371286438164e+01
-2.000000000000000000e+00 1.841637525011962850e+01
-2.000000000000000000e+00 1.819642465492009009e+01
-2.000000000000000000e+00 1.819642463717627123e+01
-2.000000000000000000e+00 1.808465151755247646e+01
-2.000000000000000000e+00 1.803768598665424605e+01
-2.000000000000000000e+00 1.803768592609677768e+01
-2.000000000000000000e+00 1.800370712677097629e+01
-2.000000000000000000e+00 1.796464994666353476e+01
-2.000000000000000000e+00 1.789258330696577559e+01
-2.000000000000000000e+00 1.782932966327032531e+01
-2.000000000000000000e+00 1.771614186645725297e+01
-2.000000000000000000e+00 1.771614186645725297e+01
-2.000000000000000000e+00 1.762904132239249222e+01
-2.000000000000000000e+00 1.761239241867813021e+01
-2.000000000000000000e+00 1.734398124242250816e+01
-2.000000000000000000e+00 1.734398120459518822e+01
-2.000000000000000000e+00 1.725767886483418323e+01
-2.000000000000000000e+00 1.723807351443035785e+01
-2.000000000000000000e+00 1.723617023352090527e+01
-2.000000000000000000e+00 1.723617021993640108e+01
-2.000000000000000000e+00 1.722864068115766401e+01
-2.000000000000000000e+00 1.722864067441636138e+01
-2.000000000000000000e+00 1.704063220628670194e+01
-2.000000000000000000e+00 1.703883236469372520e+01
-2.000000000000000000e+00 1.702963114529830335e+01
-2.000000000000000000e+00 1.702963110662483714e+01
-2.000000000000000000e+00 1.678584627082662095e+01
-2.000000000000000000e+00 1.663593363143839454e+01
-2.000000000000000000e+00 1.663593360535089616e+01
-2.000000000000000000e+00 1.663486903084157120e+01
-2.000000000000000000e+00 1.663486901595029011e+01
-2.000000000000000000e+00 1.661339304222784108e+01
-2.000000000000000000e+00 1.643748228172472992e+01
-2.000000000000000000e+00 1.622366998873262744e+01
-2.000000000000000000e+00 1.604847957119944724e+01
-2.000000000000000000e+00 1.604847955877269783e+01
-2.000000000000000000e+00 1.594886782046061313e+01
-2.000000000000000000e+00 1.592800180761262219e+01
-2.000000000000000000e+00 1.592800179292425611e+01
-2.000000000000000000e+00 1.586390393849968916e+01
-2.000000000000000000e+00 1.576143360997504494e+01
-2.000000000000000000e+00 1.568180478156252811e+01
-2.000000000000000000e+00 1.560528105031244905e+01
-2.000000000000000000e+00 1.560528103967548574e+01
-2.000000000000000000e+00 1.558905741354452701e+01
-2.000000000000000000e+00 1.554306461605713530e+01
-2.000000000000000000e+00 1.554306461105946724e+01
-2.000000000000000000e+00 1.543662537852816286e+01
-2.000000000000000000e+00 1.543662536841879707e+01
-2.000000000000000000e+00 1.539965419518537537e+01
-2.000000000000000000e+00 1.537498266947583936e+01
-2.000000000000000000e+00 1.516160867555960756e+01
-2.000000000000000000e+00 1.513306490586465713e+01
-2.000000000000000000e+00 1.500367881066138587e+01
-2.000000000000000000e+00 1.500000010243720361e+01
-2.000000000000000000e+00 1.500000009590439376e+01
-2.000000000000000000e+00 1.482104879678933251e+01
-2.000000000000000000e+00 1.470771469070681370e+01
-2.000000000000000000e+00 1.470771468637160950e+01
-2.000000000000000000e+00 1.455559813638937072e+01
-2.000000000000000000e+00 1.455559811544493520e+01
-2.000000000000000000e+00 1.454656818802188134e+01
-2.000000000000000000e+00 1.454656814558706301e+01
-2.000000000000000000e+00 1.405633235611442267e+01
-2.000000000000000000e+00 1.400116073360220348e+01
-2.000000000000000000e+00 1.395133145293185883e+01
-2.000000000000000000e+00 1.395133145038839118e+01
-2.000000000000000000e+00 1.384176156398383561e+01
-2.000000000000000000e+00 1.368530825610360147e+01
-2.000000000000000000e+00 1.226030022992641122e+01
-2.000000000000000000e+00 1.195521701797454206e+01
-2.000000000000000000e+00 1.195521700968107304e+01
-2.000000000000000000e+00 1.184015431641897109e+01
-2.000000000000000000e+00 1.160135019415959157e+01
-2.000000000000000000e+00 1.152616460067629234e+01
-2.000000000000000000e+00 1.118506944821624849e+01
-2.000000000000000000e+00 1.118506943521021846e+01
-2.000000000000000000e+00 1.074066977811795631e+01
-2.000000000000000000e+00 1.008857702406110235e+01
-2.000000000000000000e+00 9.243038896393683146e+00
-2.000000000000000000e+00 8.976266016481678989e+00
-2.000000000000000000e+00 8.024472311385059342e+00
-2.000000000000000000e+00 8.024472247176142048e+00
-1.500000000000000000e+00 1.766311869110643684e+01
-1.500000000000000000e+00 1.766311867028717941e+01
-1.500000000000000000e+00 1.758439444126099360e+01
-1.500000000000000000e+00 1.758439442201786562e+01
-1.500000000000000000e+00 1.751388519117757170e+01
-1.500000000000000000e+00 1.751388517324453176e+01
-1.500000000000000000e+00 1.741129092640712628e+01
-1.500000000000000000e+00 1.741129090213046027e+01
-1.500000000000000000e+00 1.730868778079930692e+01
-1.500000000000000000e+00 1.730868775158687001e+01
-1.500000000000000000e+00 1.727329945086552243e+01
-1.500000000000000000e+00 1.727329945086552243e+01
-1.500000000000000000e+00 1.726834507216032577e+01
-1.500000000000000000e+00 1.726834505813163290e+01
-1.500000000000000000e+00 1.721535149631709061e+01
-1.500000000000000000e+00 1.721535143644631560e+01
-1.500000000000000000e+00 1.705996436680930017e+01
-1.500000000000000000e+00 1.705996436111436765e+01
-1.500000000000000000e+00 1.693431816669410850e+01
-1.500000000000000000e+00 1.693431813655902474e+01
-1.500000000000000000e+00 1.691376003744002432e+01
-1.500000000000000000e+00 1.691376000299782234e+01
-1.500000000000000000e+00 1.677306276193848689e+01
-1.500000000000000000e+00 1.677306275338941788e+01
-1.500000000000000000e+00 1.676941970578032581e+01
-1.500000000000000000e+00 1.676941968448537068e+01
-1.500000000000000000e+00 1.674803313949594497e+01
-1.500000000000000000e+00 1.674803312282045553e+01
-1.500000000000000000e+00 1.666652167240102500e+01
-1.500000000000000000e+00 1.666652165703085586e+01
-1.500000000000000000e+00 1.628116895174752798e+01
-1.500000000000000000e+00 1.628116894129257730e+01
-1.500000000000000000e+00 1.592920558712632584e+01
-1.500000000000000000e+00 1.592920557425852479e+01
-1.500000000000000000e+00 1.589722977378057500e+01
-1.500000000000000000e+00 1.589722976131772292e+01
-1.500000000000000000e+00 1.581959009309840170e+01
-1.500000000000000000e+00 1.581959008486136753e+01
-1.500000000000000000e+00 1.567861223275980187e+01
-1.500000000000000000e+00 1.567861221129799709e+01
-1.500000000000000000e+00 1.559579848134833746e+01
-1.500000000000000000e+00 1.559579847344590675e+01
-1.500000000000000000e+00 1.547943092078645400e+01
-1.500000000000000000e+00 1.547943091257973336e+01
-1.500000000000000000e+00 1.546089313545327748e+01
-1.500000000000000000e+00 1.546089310898360125e+01
-1.500000000000000000e+00 1.539327095410902935e+01
-1.500000000000000000e+00 1.539327094657979345e+01
-1.500000000000000000e+00 1.522962795695249660e+01
-1.500000000000000000e+00 1.522962792498919526e+01
-1.500000000000000000e+00 1.518929053467188517e+01
-1.500000000000000000e+00 1.518929052063776375e+01
-1.500000000000000000e+00 1.518925996969674230e+01
-1.500000000000000000e+00 1.518925996443410753e+01
-1.500000000000000000e+00 1.500302055314987371e+01
-1.500000000000000000e+00 1.500302053422022297e+01
-1.500000000000000000e+00 1.497658305985633831e+01
-1.500000000000000000e+00 1.497658305489286512e+01
-1.500000000000000000e+00 1.494345023683042939e+01
-1.500000000000000000e+00 1.494345023065679889e+01
-1.500000000000000000e+00 1.441233788881127431e+01
-1.500000000000000000e+00 1.441233788598810506e+01
-1.500000000000000000e+00 1.427329586600341926e+01
-1.500000000000000000e+00 1.427329586424863450e+01
-1.500000000000000000e+00 1.411255640617732254e+01
-1.500000000000000000e+00 1.411255637838476318e+01
-1.500000000000000000e+00 1.394454927057082116e+01
-1.500000000000000000e+00 1.394454916623557317e+01
-1.500000000000000000e+00 1.384861828207390211e+01
-1.500000000000000000e+00 1.384861828138534534e+01
-1.500000000000000000e+00 1.344881494977320990e+01
-1.500000000000000000e+00 1.344881491576540355e+01
-1.500000000000000000e+00 1.329500838689444819e+01
-1.500000000000000000e+00 1.329500836090151950e+01
-1.500000000000000000e+00 1.326636146356283774e+01
-1.500000000000000000e+00 1.326636143663713163e+01
-1.500000000000000000e+00 1.279937685875054676e+01
-1.500000000000000000e+00 1.279937683986164032e+01
-1.500000000000000000e+00 1.272474822381703774e+01
-1.500000000000000000e+00 1.272474821702860481e+01
-1.500000000000000000e+00 1.241916268290408532e+01
-1.500000000000000000e+00 1.241916267883735259e+01
-1.500000000000000000e+00 1.239905364021787193e+01
-1.500000000000000000e+00 1.239905362427478153e+01
-1.500000000000000000e+00 1.238534716833624927e+01
-1.500000000000000000e+00 1.238534712971177676e+01
-1.500000000000000000e+00 1.207107207898391543e+01
-1.500000000000000000e+00 1.207107205182338383e+01
-1.500000000000000000e+00 1.161999686007553656e+01
-1.500000000000000000e+00 1.161999685958125994e+01
-1.500000000000000000e+00 1.157822978122930024e+01
-1.500000000000000000e+00 1.157822977222219762e+01
-1.500000000000000000e+00 1.097358754312427642e+01
-1.500000000000000000e+00 1.097358753760835093e+01
-1.500000000000000000e+00 8.102318265337091319e+00
-1.500000000000000000e+00 8.102318240240549585e+00
-1.500000000000000000e+00 8.003324548102312974e+00
-1.500000000000000000e+00 8.003324547010516099e+00
-1.500000000000000000e+00 6.243349453592099252e+00
-1.500000000000000000e+00 6.243349445198194125e+00
-1.000000000000000000e+00 1.700480866465878904e+01
-1.000000000000000000e+00 1.681874671028107571e+01
-1.000000000000000000e+00 1.664653580406073630e+01
-1.000000000000000000e+00 1.662246637017137374e+01
-1.000000000000000000e+00 1.648594379832012891e+01
-1.000000000000000000e+00 1.630687045565483473e+01
-1.000000000000000000e+00 1.628103901558872835e+01
-1.000000000000000000e+00 1.617628404641192219e+01
-1.000000000000000000e+00 1.617628404405843767e+01
-1.000000000000000000e+00 1.617307847718987546e+01
-1.000000000000000000e+00 1.617307847015202071e+01
-1.000000000000000000e+00 1.615849097078230656e+01
-1.000000000000000000e+00 1.614951539322157004e+01
-1.000000000000000000e+00 1.604898192346364993e+01
-1.000000000000000000e+00 1.604898191931931706e+01
-1.000000000000000000e+00 1.604008981762133956e+01
-1.000000000000000000e+00 1.602739090969945934e+01
-1.000000000000000000e+00 1.597399902496265334e+01
-1.000000000000000000e+00 1.597399901150535406e+01
-1.000000000000000000e+00 1.594375978687697071e+01
-1.000000000000000000e+00 1.588628585496399737e+01
-1.000000000000000000e+00 1.588628583559267859e+01
-1.000000000000000000e+00 1.579722313414864132e+01
-1.000000000000000000e+00 1.575243571065257520e+01
-1.000000000000000000e+00 1.566587837294293273e+01
-1.000000000000000000e+00 1.565689858464450701e+01
-1.000000000000000000e+00 1.563611932630267276e+01
-1.000000000000000000e+00 1.563384160547128943e+01
-1.000000000000000000e+00 1.563384159726243361e+01
-1.000000000000000000e+00 1.558375168253758680e+01
-1.000000000000000000e+00 1.558375166822328062e+01
-1.000000000000000000e+00 1.556153749869732650e+01
-1.000000000000000000e+00 1.556153748978834273e+01
-1.000000000000000000e+00 1.546157665262670200e+01
-1.000000000000000000e+00 1.546157663765535162e+01
-1.000000000000000000e+00 1.540251542725393996e+01
-1.000000000000000000e+00 1.540251541097002175e+01
-1.000000000000000000e+00 1.528832484798929237e+01
-1.000000000000000000e+00 1.525664223866418467e+01
-1.000000000000000000e+00 1.525664221896106199e+01
-1.000000000000000000e+00 1.510303826080540901e+01
-1.000000000000000000e+00 1.492663996822910910e+01
-1.000000000000000000e+00 1.487559682647606429e+01
-1.000000000000000000e+00 1.487559681557977243e+01
-1.000000000000000000e+00 1.485289293881207762e+01
-1.000000000000000000e+00 1.482699194145945043e+01
-1.000000000000000000e+00 1.482699193962780093e+01
-1.000000000000000000e+00 1.480929964200483973e+01
-1.000000000000000000e+00 1.480899167892789769e+01
-1.000000000000000000e+00 1.460002477953345412e+01
-1.000000000000000000e+00 1.460002477320796999e+01
-1.000000000000000000e+00 1.453812715771622521e+01
-1.000000000000000000e+00 1.453812715588674109e+01
-1.000000000000000000e+00 1.452254982443174214e+01
-1.000000000000000000e+00 1.452254981722691696e+01
-1.000000000000000000e+00 1.428585057780372658e+01
-1.000000000000000000e+00 1.428585057424981741e+01
-1.000000000000000000e+00 1.420698039908125843e+01
-1.000000000000000000e+00 1.413326978369904730e+01
-1.000000000000000000e+00 1.412214501893318541e+01
-1.000000000000000000e+00 1.412214501018318913e+01
-1.000000000000000000e+00 1.401631978412543944e+01
-1.000000000000000000e+00 1.398247989104790356e+01
-1.000000000000000000e+00 1.391698565167998147e+01
-1.000000000000000000e+00 1.387859332781811439e+01
-1.000000000000000000e+00 1.380214180430661486e+01
-1.000000000000000000e+00 1.362823863756005416e+01
-1.000000000000000000e+00 1.360006872948457612e+01
-1.000000000000000000e+00 1.360006870997258765e+01
-1.000000000000000000e+00 1.350913924253586629e+01
-1.000000000000000000e+00 1.350041335630083061e+01
-1.000000000000000000e+00 1.350041334998166320e+01
-1.000000000000000000e+00 1.314428552111730575e+01
-1.000000000000000000e+00 1.308357579267468473e+01
-1.000000000000000000e+00 1.273050142194711931e+01
-1.000000000000000000e+00 1.266881698490823105e+01
-1.000000000000000000e+00 1.263979600722184138e+01
-1.000000000000000000e+00 1.263979599735458592e+01
-1.000000000000000000e+00 1.231638596713774980e+01
-1.000000000000000000e+00 1.215909150847465092e+01
-1.000000000000000000e+00 1.197507406187981971e+01
-1.000000000000000000e+00 1.197507404943686637e+01
-1.000000000000000000e+00 1.186601764230418610e+01
-1.000000000000000000e+00 1.124865166163405128e+01
-1.000000000000000000e+00 1.104416377768988689e+01
-1.000000000000000000e+00 1.092018105285311513e+01
-1.000000000000000000e+00 1.092018104687528535e+01
-1.000000000000000000e+00 1.063541911686047214e+01
-1.000000000000000000e+00 1.035442747141798137e+01
-1.000000000000000000e+00 1.011735408175745121e+01
-1.000000000000000000e+00 1.011735407619709726e+01
-1.000000000000000000e+00 9.433633964573701292e+00
-1.000000000000000000e+00 9.150254696644184449e+00
-1.000000000000000000e+00 8.769331960547742000e+00
-1.000000000000000000e+00 8.769331909319332041e+00
-1.000000000000000000e+00 8.377690253484665561e+00
-1.000000000000000000e+00 8.377690223065847874e+00
-1.000000000000000000e+00 8.179251636146467774e+00
-1.000000000000000000e+00 8.175023328832756064e+00
-1.000000000000000000e+00 7.336751493017995784e+00
-5.000000000000000000e-01 1.638582346999324102e+01
-5.000000000000000000e-01 1.638582346128693246e+01
-5.000000000000000000e-01 1.628211052877903953e+01
-5.000000000000000000e-01 1.628211051308183599e+01
-5.000000000000000000e-01 1.609734851330332006e+01
-5.000000000000000000e-01 1.609734844805774046e+01
-5.000000000000000000e-01 1.607378801237816290e+01
-5.000000000000000000e-01 1.607378799113605439e+01
-5.000000000000000000e-01 1.598578166372803189e+01
-5.000000000000000000e-01 1.598578164622071895e+01
-5.000000000000000000e-01 1.589857023252728752e+01
-5.000000000000000000e-01 1.589857020400256005e+01
-5.000000000000000000e-01 1.571422501166247798e+01
-5.000000000000000000e-01 1.571422499683588292e+01
-5.000000000000000000e-01 1.570751027582443093e+01
-5.000000000000000000e-01 1.570751026993348276e+01
-5.000000000000000000e-01 1.564802625132043445e+01
-5.000000000000000000e-01 1.564802623883124610e+01
-5.000000000000000000e-01 1.554231907890857656e+01
-5.000000000000000000e-01 1.554231907141766023e+01
-5.000000000000000000e-01 1.553410726021195387e+01
-5.000000000000000000e-01 1.553410725402057579e+01
-5.000000000000000000e-01 1.547830686672283917e+01
-5.000000000000000000e-01 1.547830684798569223e+01
-5.000000000000000000e-01 1.509149068774780034e+01
-5.000000000000000000e-01 1.509149068297533702e+01
-5.000000000000000000e-01 1.486598785857637672e+01
-5.000000000000000000e-01 1.486598783953150971e+01
-5.000000000000000000e-01 1.486191590416859398e+01
-5.000000000000000000e-01 1.486191589405260771e+01
-5.000000000000000000e-01 1.483872895544422654e+01
-5.000000000000000000e-01 1.483872895359095168e+01
-5.000000000000000000e-01 1.462249398380184218e+01
-5.000000000000000000e-01 1.462249397783025451e+01
-5.000000000000000000e-01 1.456095685604947043e+01
-5.000000000000000000e-01 1.456095685183807653e+01
-5.000000000000000000e-01 1.452430911431321903e+01
-5.000000000000000000e-01 1.452430910032928857e+01
-5.000000000000000000e-01 1.431948089289009829e+01
-5.000000000000000000e-01 1.431948088443653866e+01
-5.000000000000000000e-01 1.428239074848581147e+01
-5.000000000000000000e-01 1.428239073467343800e+01
-5.000000000000000000e-01 1.428046853345535716e+01
-5.000000000000000000e-01 1.428046851401377459e+01
-5.000000000000000000e-01 1.420986205985029827e+01
-5.000000000000000000e-01 1.420986202493540063e+01
-5.000000000000000000e-01 1.415110262552480158e+01
-5.000000000000000000e-01 1.415110261527536650e+01
-5.000000000000000000e-01 1.394356841125446422e+01
-5.000000000000000000e-01 1.394356840822590371e+01
-5.000000000000000000e-01 1.387258281269141769e+01
-5.000000000000000000e-01 1.387258276731986051e+01
-5.000000000000000000e-01 1.378918773555209221e+01
-5.000000000000000000e-01 1.378918772646849966e+01
-5.000000000000000000e-01 1.342952006044500379e+01
-5.000000000000000000e-01 1.342952005229420109e+01
-5.000000000000000000e-01 1.340757211384773306e+01
-5.000000000000000000e-01 1.340757211163277063e+01
-5.000000000000000000e-01 1.331457419641430029e+01
-5.000000000000000000e-01 1.331457415322348936e+01
-5.000000000000000000e-01 1.317608623947523050e+01
-5.000000000000000000e-01 1.317608622705734511e+01
-5.000000000000000000e-01 1.305547537610480013e+01
-5.000000000000000000e-01 1.305547534370698415e+01
-5.000000000000000000e-01 1.298524051297690463e+01
-5.000000000000000000e-01 1.298524050697553633e+01
-5.000000000000000000e-01 1.283296304592868253e+01
-5.000000000000000000e-01 1.283296304218811201e+01
-5.000000000000000000e-01 1.265600382346345754e+01
-5.000000000000000000e-01 1.265600382109562005e+01
-5.000000000000000000e-01 1.265504516505964894e+01
-5.000000000000000000e-01 1.265504516220705256e+01
-5.000000000000000000e-01 1.251933270186766300e+01
-5.000000000000000000e-01 1.251933268334014748e+01
-5.000000000000000000e-01 1.223813901343516619e+01
-5.000000000000000000e-01 1.223813898335360939e+01
-5.000000000000000000e-01 1.222493246115200094e+01
-5.000000000000000000e-01 1.222493245934182404e+01
-5.000000000000000000e-01 1.199780202965928488e+01
-5.000000000000000000e-01 1.199780201988716577e+01
-5.000000000000000000e-01 1.165006647780536575e+01
-5.000000000000000000e-01 1.165006647416339902e+01
-5.000000000000000000e-01 1.156053110864928613e+01
-5.000000000000000000e-01 1.156053110557539121e+01
-5.000000000000000000e-01 1.135688575798469202e+01
-5.000000000000000000e-01 1.135688575192481764e+01
-5.000000000000000000e-01 1.094559468389283730e+01
-5.000000000000000000e-01 1.094559468200422536e+01
-5.000000000000000000e-01 1.025869087710344374e+01
-5.000000000000000000e-01 1.025869086467456093e+01
-5.000000000000000000e-01 9.298739167492620084e+00
-5.000000000000000000e-01 9.298739163427200083e+00
-5.000000000000000000e-01 8.477942577743730723e+00
-5.000000000000000000e-01 8.477942508805213606e+00
-5.000000000000000000e-01 7.721257065076702730e+00
-5.000000000000000000e-01 7.721257062143759953e+00
-5.000000000000000000e-01 6.231301284869175561e+00
-5.000000000000000000e-01 6.231301203295823044e+00
-5.000000000000000000e-01 6.228450708388193036e+00
-5.000000000000000000e-01 6.228450553130097767e+00
0.000000000000000000e+00 1.569373323825335653e+01
0.000000000000000000e+00 1.568767603165569646e+01
0.000000000000000000e+00 1.566526328355416453e+01
0.000000000000000000e+00 1.550566454536761363e+01
0.000000000000000000e+00 1.545825552102161815e+01
0.000000000000000000e+00 1.543441404248704352e+01
0.000000000000000000e+00 1.543441403127922484e+01
0.000000000000000000e+00 1.530935628593680065e+01
0.000000000000000000e+00 1.528676955157520467e+01
0.000000000000000000e+00 1.528676953803803329e+01
0.000000000000000000e+00 1.526628378498933181e+01
0.000000000000000000e+00 1.520990065359601751e+01
0.000000000000000000e+00 1.485140084137385053e+01
0.000000000000000000e+00 1.480639713574826466e+01
0.000000000000000000e+00 1.480639713215963837e+01
0.000000000000000000e+00 1.478886023127536120e+01
0.000000000000000000e+00 1.475267304018357173e+01
0.000000000000000000e+00 1.475267303791629381e+01
0.000000000000000000e+00 1.474564932517543348e+01
0.000000000000000000e+00 1.474564932517543348e+01
0.000000000000000000e+00 1.471621841932104324e+01
0.000000000000000000e+00 1.471621840893700472e+01
0.000000000000000000e+00 1.470845951330321988e+01
0.000000000000000000e+00 1.467189733131267104e+01
0.000000000000000000e+00 1.461200206928044487e+01
0.000000000000000000e+00 1.453244003880182333e+01
0.000000000000000000e+00 1.453244003061583278e+01
0.000000000000000000e+00 1.435146161701165290e+01
0.000000000000000000e+00 1.435146161283725874e+01
0.000000000000000000e+00 1.427470326399620326e+01
0.000000000000000000e+00 1.417399626880548169e+01
0.000000000000000000e+00 1.411424808305908662e+01
0.000000000000000000e+00 1.411424807288116234e+01
0.000000000000000000e+00 1.407747352941961694e+01
0.000000000000000000e+00 1.388829662787982677e+01
0.000000000000000000e+00 1.385430231658463818e+01
0.000000000000000000e+00 1.382524674917496199e+01
0.000000000000000000e+00 1.379315926495612032e+01
0.000000000000000000e+00 1.379315925865915560e+01
0.000000000000000000e+00 1.378997888862473431e+01
0.000000000000000000e+00 1.378997887953395107e+01
0.000000000000000000e+00 1.372500540277580505e+01
0.000000000000000000e+00 1.372500539385124085e+01
0.000000000000000000e+00 1.366546268153096833e+01
0.000000000000000000e+00 1.366546266681577393e+01
0.000000000000000000e+00 1.358490132804245754e+01
0.000000000000000000e+00 1.358129233868598895e+01
0.000000000000000000e+00 1.358129233482104503e+01
0.000000000000000000e+00 1.352541817155823445e+01
0.000000000000000000e+00 1.352049660462182423e+01
0.000000000000000000e+00 1.345668172915942584e+01
0.000000000000000000e+00 1.345375895997823257e+01
0.000000000000000000e+00 1.329221487386110923e+01
0.000000000000000000e+00 1.329221487307165539e+01
0.000000000000000000e+00 1.322504227547737621e+01
0.000000000000000000e+00 1.317837800321304975e+01
0.000000000000000000e+00 1.307706206548209948e+01
0.000000000000000000e+00 1.280866308618287341e+01
0.000000000000000000e+00 1.280866305795025539e+01
0.000000000000000000e+00 1.271406908077838516e+01
0.000000000000000000e+00 1.267245416007080827e+01
0.000000000000000000e+00 1.267245415766369732e+01
0.000000000000000000e+00 1.262207372365473823e+01
0.000000000000000000e+00 1.261123998685960856e+01
0.000000000000000000e+00 1.254905144859900901e+01
0.000000000000000000e+00 1.254905143370536535e+01
0.000000000000000000e+00 1.217192384654530457e+01
0.000000000000000000e+00 1.207427834228301933e+01
0.000000000000000000e+00 1.207427829954296961e+01
0.000000000000000000e+00 1.180913608442558704e+01
0.000000000000000000e+00 1.160909973090632441e+01
0.000000000000000000e+00 1.160909972171461924e+01
0.000000000000000000e+00 1.155595623796116911e+01
0.000000000000000000e+00 1.148377992150708593e+01
0.000000000000000000e+00 1.100796265750083158e+01
0.000000000000000000e+00 1.100796257675972534e+01
0.000000000000000000e+00 1.099385577116477108e+01
0.000000000000000000e+00 1.077419149537296050e+01
0.000000000000000000e+00 1.076362877001933782e+01
0.000000000000000000e+00 1.067938686224701961e+01
0.000000000000000000e+00 1.066509489204671546e+01
0.000000000000000000e+00 1.066509483497042865e+01
0.000000000000000000e+00 1.034975857538458932e+01
0.000000000000000000e+00 9.910763299797885395e+00
0.000000000000000000e+00 9.798686026434895169e+00
0.000000000000000000e+00 9.798686010120819745e+00
0.000000000000000000e+00 9.773737189347089682e+00
0.000000000000000000e+00 9.761710089390128076e+00
0.000000000000000000e+00 9.725278587330146607e+00
0.000000000000000000e+00 9.725278583911432406e+00
0.000000000000000000e+00 9.455659837905750820e+00
0.000000000000000000e+00 8.367176859703720382e+00
0.000000000000000000e+00 8.367176851955065331e+00
0.000000000000000000e+00 7.160167439945280599e+00
0.000000000000000000e+00 6.991706142211871366e+00
0.000000000000000000e+00 6.944328060349002740e+00
0.000000000000000000e+00 6.944328040168624483e+00
0.000000000000000000e+00 6.809451496249972813e+00
0.000000000000000000e+00 5.510953662965083488e+00
0.000000000000000000e+00 7.872185171865221653e-02
5.000000000000000000e-01 1.571831882005615100e+01
5.000000000000000000e-01 1.571831879772502560e+01
5.000000000000000000e-01 1.565345553743647322e+01
5.000000000000000000e-01 1.565345552766977910e+01
5.000000000000000000e-01 1.564633100517584374e+01
5.000000000000000000e-01 1.564633099132247374e+01
5.000000000000000000e-01 1.557985057251997318e+01
5.000000000000000000e-01 1.557985056474257135e+01
5.000000000000000000e-01 1.555602670750564620e+01
5.000000000000000000e-01 1.555602670623992978e+01
5.000000000000000000e-01 1.549291779511050038e+01
5.000000000000000000e-01 1.549291779035726968e+01
5.000000000000000000e-01 1.548852008674293046e+01
5.000000000000000000e-01 1.548852007846127599e+01
5.000000000000000000e-01 1.530653826727558631e+01
5.000000000000000000e-01 1.530653825839937099e+01
5.000000000000000000e-01 1.523412749968803404e+01
5.000000000000000000e-01 1.523412748776241088e+01
5.000000000000000000e-01 1.517364938814086273e+01
5.000000000000000000e-01 1.517364937691510107e+01
5.000000000000000000e-01 1.516835375450119017e+01
5.000000000000000000e-01 1.516835373989888325e+01
5.000000000000000000e-01 1.514057523254755822e+01
5.000000000000000000e-01 1.514057522335786032e+01
5.000000000000000000e-01 1.484513979959509555e+01
5.000000000000000000e-01 1.484513979399951644e+01
5.000000000000000000e-01 1.474497859995854476e+01
5.000000000000000000e-01 1.474497857802202816e+01
5.000000000000000000e-01 1.456567678111640340e+01
5.000000000000000000e-01 1.456567676607171258e+01
5.000000000000000000e-01 1.432662643352860421e+01
5.000000000000000000e-01 1.432662642464424074e+01
5.000000000000000000e-01 1.413596201363351312e+01
5.000000000000000000e-01 1.413596199894926464e+01
5.000000000000000000e-01 1.390061080342881894e+01
5.000000000000000000e-01 1.390061079327456284e+01
5.000000000000000000e-01 1.386559220737087728e+01
5.000000000000000000e-01 1.386559217468813898e+01
5.000000000000000000e-01 1.384751564116101008e+01
5.000000000000000000e-01 1.384751560401990211e+01
5.000000000000000000e-01 1.381818806166833724e+01
5.000000000000000000e-01 1.381818806166833724e+01
5.000000000000000000e-01 1.369332115820306939e+01
5.000000000000000000e-01 1.369332114719877858e+01
5.000000000000000000e-01 1.356856715259889867e+01
5.000000000000000000e-01 1.356856714756862026e+01
5.000000000000000000e-01 1.355861486037338537e+01
5.000000000000000000e-01 1.355861485316029835e+01
5.000000000000000000e-01 1.352530203687146937e+01
5.000000000000000000e-01 1.352530203006082665e+01
5.000000000000000000e-01 1.324633668541836862e+01
5.000000000000000000e-01 1.324633667322783026e+01
5.000000000000000000e-01 1.317968380832497033e+01
5.000000000000000000e-01 1.317968379386360489e+01
5.000000000000000000e-01 1.299352619002571885e+01
5.000000000000000000e-01 1.299352615967162095e+01
5.000000000000000000e-01 1.294748145078082935e+01
5.000000000000000000e-01 1.294748144164630332e+01
5.000000000000000000e-01 1.259729247902696514e+01
5.000000000000000000e-01 1.259729247055538259e+01
5.000000000000000000e-01 1.259476858273007416e+01
5.000000000000000000e-01 1.259476856975995673e+01
5.000000000000000000e-01 1.238686273482518985e+01
5.000000000000000000e-01 1.238686273078129396e+01
5.000000000000000000e-01 1.227972168367404393e+01
5.000000000000000000e-01 1.227972166464843085e+01
5.000000000000000000e-01 1.226063900563951670e+01
5.000000000000000000e-01 1.226063900066817070e+01
5.000000000000000000e-01 1.205934717448113958e+01
5.000000000000000000e-01 1.205934715116526412e+01
5.000000000000000000e-01 1.198274176669240276e+01
5.000000000000000000e-01 1.198274176573334948e+01
5.000000000000000000e-01 1.197062432625523165e+01
5.000000000000000000e-01 1.197062430611204498e+01
5.000000000000000000e-01 1.193357414333677369e+01
5.000000000000000000e-01 1.193357413041896109e+01
5.000000000000000000e-01 1.181228900275991478e+01
5.000000000000000000e-01 1.181228900072305521e+01
5.000000000000000000e-01 1.113875222643203777e+01
5.000000000000000000e-01 1.113875221380084390e+01
5.000000000000000000e-01 1.107246308096579135e+01
5.000000000000000000e-01 1.107246305312133217e+01
5.000000000000000000e-01 1.026797227159270065e+01
5.000000000000000000e-01 1.026797225933564839e+01
5.000000000000000000e-01 1.017673051994133893e+01
5.000000000000000000e-01 1.017673050258416190e+01
5.000000000000000000e-01 1.013924911853121813e+01
5.000000000000000000e-01 1.013924911663673889e+01
5.000000000000000000e-01 9.547605060790896658e+00
5.000000000000000000e-01 9.547605035175747545e+00
5.000000000000000000e-01 9.216319018986601108e+00
5.000000000000000000e-01 9.216319001928486188e+00
5.000000000000000000e-01 8.196279338810567694e+00
5.000000000000000000e-01 8.196279197023013552e+00
5.000000000000000000e-01 6.212235826087081136e+00
5.000000000000000000e-01 6.212235810190804841e+00
5.000000000000000000e-01 6.142571810672747823e+00
5.000000000000000000e-01 6.142571795575567428e+00
5.000000000000000000e-01 5.106229193675408062e+00
5.000000000000000000e-01 5.106229091934481268e+00
1.000000000000000000e+00 1.611466804561296939e+01
1.000000000000000000e+00 1.604023176936240347e+01
1.000000000000000000e+00 1.603200541943369828e+01
1.000000000000000000e+00 1.597567188914207570e+01
1.000000000000000000e+00 1.596676901446497965e+01
1.000000000000000000e+00 1.596676900110462682e+01
1.000000000000000000e+00 1.576074582447430039e+01
1.000000000000000000e+00 1.572363608868979235e+01
1.000000000000000000e+00 1.566491950794526211e+01
1.000000000000000000e+00 1.565387902588299518e+01
1.000000000000000000e+00 1.565387898540383560e+01
1.000000000000000000e+00 1.561651295610320744e+01
1.000000000000000000e+00 1.561651294534609846e+01
1.000000000000000000e+00 1.558426245888389161e+01
1.000000000000000000e+00 1.555333837607769354e+01
1.000000000000000000e+00 1.555333837102841521e+01
1.000000000000000000e+00 1.538065765889758119e+01
1.000000000000000000e+00 1.538065765146271779e+01
1.000000000000000000e+00 1.530811189875902656e+01
1.000000000000000000e+00 1.526122965629463302e+01
1.000000000000000000e+00 1.523489484690447071e+01
1.000000000000000000e+00 1.505332370421913879e+01
1.000000000000000000e+00 1.505332370115664276e+01
1.000000000000000000e+00 1.503506801681323957e+01
1.000000000000000000e+00 1.503112496688765454e+01
1.000000000000000000e+00 1.492637661769735047e+01
1.000000000000000000e+00 1.492637661230257606e+01
1.000000000000000000e+00 1.490158113245517413e+01
1.000000000000000000e+00 1.480566465415345512e+01
1.000000000000000000e+00 1.480375443598118324e+01
1.000000000000000000e+00 1.480375443299855398e+01
1.000000000000000000e+00 1.478824449870715085e+01
1.000000000000000000e+00 1.478824448696025406e+01
1.000000000000000000e+00 1.473313663381073546e+01
1.000000000000000000e+00 1.472216429209785993e+01
1.000000000000000000e+00 1.471211582376736615e+01
1.000000000000000000e+00 1.471211581995733120e+01
1.000000000000000000e+00 1.458312456859849426e+01
1.000000000000000000e+00 1.458312456524954293e+01
1.000000000000000000e+00 1.451192539577664853e+01
1.000000000000000000e+00 1.450703801221296274e+01
1.000000000000000000e+00 1.446220956001948466e+01
1.000000000000000000e+00 1.446220955450834644e+01
1.000000000000000000e+00 1.437119934752612771e+01
1.000000000000000000e+00 1.412240681175607904e+01
1.000000000000000000e+00 1.411797903755824279e+01
1.000000000000000000e+00 1.405900645820142003e+01
1.000000000000000000e+00 1.403500839191617011e+01
1.000000000000000000e+00 1.403500837504688192e+01
1.000000000000000000e+00 1.397155192151773484e+01
1.000000000000000000e+00 1.397155190880016207e+01
1.000000000000000000e+00 1.378933395607657175e+01
1.000000000000000000e+00 1.361611877378485325e+01
1.000000000000000000e+00 1.359241873091823471e+01
1.000000000000000000e+00 1.359241872967472098e+01
1.000000000000000000e+00 1.354432137526818458e+01
1.000000000000000000e+00 1.331106984442217822e+01
1.000000000000000000e+00 1.331106984053385389e+01
1.000000000000000000e+00 1.329664628822232508e+01
1.000000000000000000e+00 1.329664628597560316e+01
1.000000000000000000e+00 1.324508309870114608e+01
1.000000000000000000e+00 1.319418324999706904e+01
1.000000000000000000e+00 1.319418324558336941e+01
1.000000000000000000e+00 1.317161462554776996e+01
1.000000000000000000e+00 1.307063052767509959e+01
1.000000000000000000e+00 1.305081122991370179e+01
1.000000000000000000e+00 1.299378632051396210e+01
1.000000000000000000e+00 1.297349761876361462e+01
1.000000000000000000e+00 1.297349761484129971e+01
1.000000000000000000e+00 1.277580258903771337e+01
1.000000000000000000e+00 1.275575653745180560e+01
1.000000000000000000e+00 1.177115515075203867e+01
1.000000000000000000e+00 1.175275925164726409e+01
1.000000000000000000e+00 1.157548448969982857e+01
1.000000000000000000e+00 1.157548448764332960e+01
1.000000000000000000e+00 1.157172743411971716e+01
1.000000000000000000e+00 1.157172739535760719e+01
1.000000000000000000e+00 1.153791027845930195e+01
1.000000000000000000e+00 1.137768075189212169e+01
1.000000000000000000e+00 1.112379357319422368e+01
1.000000000000000000e+00 1.107712396013258704e+01
1.000000000000000000e+00 1.103170785292658529e+01
1.000000000000000000e+00 1.103170782108915127e+01
1.000000000000000000e+00 1.097876211357952414e+01
1.000000000000000000e+00 1.097876210390911567e+01
1.000000000000000000e+00 1.065444533433278806e+01
1.000000000000000000e+00 1.061760418377578041e+01
1.000000000000000000e+00 1.034963958731864686e+01
1.000000000000000000e+00 1.034963949746517287e+01
1.000000000000000000e+00 9.962835049798512088e+00
1.000000000000000000e+00 9.112909168286837058e+00
1.000000000000000000e+00 9.029265302434289708e+00
1.000000000000000000e+00 8.926537678319657942e+00
1.000000000000000000e+00 8.926537671806295648e+00
1.000000000000000000e+00 8.921092294355913666e+00
1.000000000000000000e+00 8.845439496804310409e+00
1.000000000000000000e+00 8.845439436187882976e+00
1.000000000000000000e+00 7.722770671068790449e+00
1.000000000000000000e+00 6.565331795794062231e+00
1.000000000000000000e+00 5.199883226844375095e+00
1.500000000000000000e+00 1.657507628776583886e+01
1.500000000000000000e+00 1.657507627373885128e+01
1.500000000000000000e+00 1.638876893926395795e+01
1.500000000000000000e+00 1.638876891888930487e+01
1.500000000000000000e+00 1.634910269173417774e+01
1.500000000000000000e+00 1.634910268054429849e+01
1.500000000000000000e+00 1.631173752909216645e+01
1.500000000000000000e+00 1.631173751292294583e+01
1.500000000000000000e+00 1.627188438972953222e+01
1.500000000000000000e+00 1.627188435865453542e+01
1.500000000000000000e+00 1.623008155041608802e+01
1.500000000000000000e+00 1.623008154048183727e+01
1.500000000000000000e+00 1.619033914976805377e+01
1.500000000000000000e+00 1.619033913783407641e+01
1.500000000000000000e+00 1.605881547249000718e+01
1.500000000000000000e+00 1.605881546411943361e+01
1.500000000000000000e+00 1.599937690147823233e+01
1.500000000000000000e+00 1.599937689359069637e+01
1.500000000000000000e+00 1.587316171709882973e+01
1.500000000000000000e+00 1.587316169971814972e+01
1.500000000000000000e+00 1.568826936412491513e+01
1.500000000000000000e+00 1.568826936123557125e+01
1.500000000000000000e+00 1.551789438121860520e+01
1.500000000000000000e+00 1.551789436781663056e+01
1.500000000000000000e+00 1.551676063527886562e+01
1.500000000000000000e+00 1.551676062554301971e+01
1.500000000000000000e+00 1.536616373018811110e+01
1.500000000000000000e+00 1.536616370715763047e+01
1.500000000000000000e+00 1.521473884639368102e+01
1.500000000000000000e+00 1.521473884009549593e+01
1.500000000000000000e+00 1.507860091144700121e+01
1.500000000000000000e+00 1.507860087689715911e+01
1.500000000000000000e+00 1.506045215231591428e+01
1.500000000000000000e+00 1.506045214691820533e+01
1.500000000000000000e+00 1.497816310911317217e+01
1.500000000000000000e+00 1.497816309917052990e+01
1.500000000000000000e+00 1.489365121170799000e+01
1.500000000000000000e+00 1.489365119800264203e+01
1.500000000000000000e+00 1.483521850638050310e+01
1.500000000000000000e+00 1.483521849283745375e+01
1.500000000000000000e+00 1.479622430220658913e+01
1.500000000000000000e+00 1.479622425306639322e+01
1.500000000000000000e+00 1.477400252747089304e+01
1.500000000000000000e+00 1.477400252457569607e+01
1.500000000000000000e+00 1.445627917588721800e+01
1.500000000000000000e+00 1.445627915818727871e+01
1.500000000000000000e+00 1.442366270165530118e+01
1.500000000000000000e+00 1.442366270165530118e+01
1.500000000000000000e+00 1.440055791023216791e+01
1.500000000000000000e+00 1.440055790863782015e+01
1.500000000000000000e+00 1.436812513317064521e+01
1.500000000000000000e+00 1.436812512545330556e+01
1.500000000000000000e+00 1.424938571433739654e+01
1.500000000000000000e+00 1.424938571228140560e+01
1.500000000000000000e+00 1.419134162915158370e+01
1.500000000000000000e+00 1.419134162559482526e+01
1.500000000000000000e+00 1.382233807764558442e+01
1.500000000000000000e+00 1.382233804209862171e+01
1.500000000000000000e+00 1.356088621077940459e+01
1.500000000000000000e+00 1.356088619081224600e+01
1.500000000000000000e+00 1.352932506519506539e+01
1.500000000000000000e+00 1.352932500165079333e+01
1.500000000000000000e+00 1.342513528859092098e+01
1.500000000000000000e+00 1.342513527987465771e+01
1.500000000000000000e+00 1.285241181361539020e+01
1.500000000000000000e+00 1.285241177844154592e+01
1.500000000000000000e+00 1.282934610429689748e+01
1.500000000000000000e+00 1.282934606917966569e+01
1.500000000000000000e+00 1.280422103042664794e+01
1.500000000000000000e+00 1.280422102671128926e+01
1.500000000000000000e+00 1.257133737709156307e+01
1.500000000000000000e+00 1.257133734311361195e+01
1.500000000000000000e+00 1.227933860417700629e+01
1.500000000000000000e+00 1.227933858362956876e+01
1.500000000000000000e+00 1.212366399592318089e+01
1.500000000000000000e+00 1.212366398553560209e+01
1.500000000000000000e+00 1.201913574936088835e+01
1.500000000000000000e+00 1.201913574147776487e+01
1.500000000000000000e+00 1.171903127481632723e+01
1.500000000000000000e+00 1.171903125478789853e+01
1.500000000000000000e+00 1.164931341194279746e+01
1.500000000000000000e+00 1.164931340150865857e+01
1.500000000000000000e+00 1.149891105429870919e+01
1.500000000000000000e+00 1.149891102896567574e+01
1.500000000000000000e+00 1.097450942638518434e+01
1.500000000000000000e+00 1.097450941726125784e+01
1.500000000000000000e+00 1.096475136947475271e+01
1.500000000000000000e+00 1.096475136395601524e+01
1.500000000000000000e+00 1.077527616327590643e+01
1.500000000000000000e+00 1.077527615563023389e+01
1.500000000000000000e+00 1.075630167198371367e+01
1.500000000000000000e+00 1.075630166061614901e+01
1.500000000000000000e+00 1.002516947239405631e+01
1.500000000000000000e+00 1.002516946460495184e+01
1.500000000000000000e+00 7.323104448137389255e+00
1.500000000000000000e+00 7.323104447331770572e+00
1.500000000000000000e+00 7.109571554228489632e+00
1.500000000000000000e+00 7.109571531523697807e+00
1.500000000000000000e+00 5.488974221622496152e+00
1.500000000000000000e+00 5.488974214719418043e+00
2.000000000000000000e+00 1.786099885208424354e+01
2.000000000000000000e+00 1.780883075017988304e+01
2.000000000000000000e+00 1.765951275754078509e+01
2.000000000000000000e+00 1.765951264344704086e+01
2.000000000000000000e+00 1.757503416262083107e+01
2.000000000000000000e+00 1.752408791169649049e+01
2.000000000000000000e+00 1.742097184695435530e+01
2.000000000000000000e+00 1.742097180609964013e+01
2.000000000000000000e+00 1.734647310987064728e+01
2.000000000000000000e+00 1.730742623439115135e+01
2.000000000000000000e+00 1.730742620521554187e+01
2.000000000000000000e+00 1.726306379344716646e+01
2.000000000000000000e+00 1.714193757413241670e+01
2.000000000000000000e+00 1.705993731624389298e+01
2.000000000000000000e+00 1.705993728777000129e+01
2.000000000000000000e+00 1.704589748301145846e+01
2.000000000000000000e+00 1.694959570677542970e+01
2.000000000000000000e+00 1.694739661454958224e+01
2.000000000000000000e+00 1.688247976698461628e+01
2.000000000000000000e+00 1.687306246337460536e+01
2.000000000000000000e+00 1.686996521955579453e+01
2.000000000000000000e+00 1.686996520542735212e+01
2.000000000000000000e+00 1.628759230299804983e+01
2.000000000000000000e+00 1.601859975633339062e+01
2.000000000000000000e+00 1.601859974829276467e+01
2.000000000000000000e+00 1.601277011612448575e+01
2.000000000000000000e+00 1.601277009214282998e+01
2.000000000000000000e+00 1.598448611886553294e+01
2.000000000000000000e+00 1.561293548708676049e+01
2.000000000000000000e+00 1.561293548172741197e+01
2.000000000000000000e+00 1.561202864989776984e+01
2.000000000000000000e+00 1.560323014846731304e+01
2.000000000000000000e+00 1.546603632865259215e+01
2.000000000000000000e+00 1.546603632286864283e+01
2.000000000000000000e+00 1.535241032107149550e+01
2.000000000000000000e+00 1.534925835122576920e+01
2.000000000000000000e+00 1.519224756911098595e+01
2.000000000000000000e+00 1.519224756383260377e+01
2.000000000000000000e+00 1.512006729360443025e+01
2.000000000000000000e+00 1.507098985570274330e+01
2.000000000000000000e+00 1.498949347710475699e+01
2.000000000000000000e+00 1.491541633400614231e+01
2.000000000000000000e+00 1.488009180415639854e+01
2.000000000000000000e+00 1.488009179514255642e+01
2.000000000000000000e+00 1.471917620677490035e+01
2.000000000000000000e+00 1.469338001439313501e+01
2.000000000000000000e+00 1.460617900279360271e+01
2.000000000000000000e+00 1.460617896754388489e+01
2.000000000000000000e+00 1.444416989449435818e+01
2.000000000000000000e+00 1.444381456930372920e+01
2.000000000000000000e+00 1.444381456139579889e+01
2.000000000000000000e+00 1.443941788894095879e+01
2.000000000000000000e+00 1.437414145378443031e+01
2.000000000000000000e+00 1.433156231460650076e+01
2.000000000000000000e+00 1.433156230679421839e+01
2.000000000000000000e+00 1.428836615455568548e+01
2.000000000000000000e+00 1.428836614529224747e+01
2.000000000000000000e+00 1.422120149730461236e+01
2.000000000000000000e+00 1.418747002450298034e+01
2.000000000000000000e+00 1.418747001484021553e+01
2.000000000000000000e+00 1.414254835203881733e+01
2.000000000000000000e+00 1.413228577351739901e+01
2.000000000000000000e+00 1.409499657007687112e+01
2.000000000000000000e+00 1.409499656684679891e+01
2.000000000000000000e+00 1.386476475870408009e+01
2.000000000000000000e+00 1.386476474867411213e+01
2.000000000000000000e+00 1.383747398498628201e+01
2.000000000000000000e+00 1.356463690335036354e+01
2.000000000000000000e+00 1.350247769099014228e+01
2.000000000000000000e+00 1.330377527550603034e+01
2.000000000000000000e+00 1.330377526299410107e+01
2.000000000000000000e+00 1.329780556841185479e+01
2.000000000000000000e+00 1.319254124456593580e+01
2.000000000000000000e+00 1.317408423001619155e+01
2.000000000000000000e+00 1.317408422604106377e+01
2.000000000000000000e+00 1.295025742332477847e+01
2.000000000000000000e+00 1.272667912594819306e+01
2.000000000000000000e+00 1.272444513752261308e+01
2.000000000000000000e+00 1.219847625037839656e+01
2.000000000000000000e+00 1.219847624482521731e+01
2.000000000000000000e+00 1.206998844167024387e+01
2.000000000000000000e+00 1.205267233743043143e+01
2.000000000000000000e+00 1.190035238056078803e+01
2.000000000000000000e+00 1.190035233515752644e+01
2.000000000000000000e+00 1.177442955610534625e+01
2.000000000000000000e+00 1.075704178737093031e+01
2.000000000000000000e+00 1.075704174027165827e+01
2.000000000000000000e+00 1.048390326501698233e+01
2.000000000000000000e+00 1.030302734034756718e+01
2.000000000000000000e+00 1.026144827534194270e+01
2.000000000000000000e+00 1.026144820976086081e+01
2.000000000000000000e+00 1.009701101563858217e+01
2.000000000000000000e+00 1.009701100725583345e+01
2.000000000000000000e+00 9.558201756446404573e+00
2.000000000000000000e+00 8.817861421707425151e+00
2.000000000000000000e+00 8.300588452704946718e+00
2.000000000000000000e+00 7.668808234428401427e+00
2.000000000000000000e+00 7.630610205285513814e+00
2.000000000000000000e+00 7.630610166643549519e+00
2.000000000000000000e+00 6.841723776506428045e+00
2.500000000000000000e+00 2.044149523866516915e+01
2.500000000000000000e+00 2.044149440106138371e+01
2.500000000000000000e+00 2.024125033472023460e+01
2.500000000000000000e+00 2.024124951199536682e+01
2.500000000000000000e+00 1.936283916883200362e+01
2.500000000000000000e+00 1.936283894096870739e+01
2.500000000000000000e+00 1.899309504030151174e+01
2.500000000000000000e+00 1.899309484350991184e+01
2.500000000000000000e+00 1.878346583756611210e+01
2.500000000000000000e+00 1.878346574182090833e+01
2.500000000000000000e+00 1.858292023233684276e+01
2.500000000000000000e+00 1.858292012787446268e+01
2.500000000000000000e+00 1.841958126798670392e+01
2.500000000000000000e+00 1.841958124580664347e+01
2.500000000000000000e+00 1.839517001360903237e+01
2.500000000000000000e+00 1.839516994867351585e+01
2.500000000000000000e+00 1.831081035593866346e+01
2.500000000000000000e+00 1.831081033604457176e+01
2.500000000000000000e+00 1.829755234325891777e+01
2.500000000000000000e+00 1.829755226473061569e+01
2.500000000000000000e+00 1.822232409211536108e+01
2.500000000000000000e+00 1.822232407390598397e+01
2.500000000000000000e+00 1.819068171175519666e+01
2.500000000000000000e+00 1.819068167647078127e+01
2.500000000000000000e+00 1.807884885795692753e+01
2.500000000000000000e+00 1.807884884218137600e+01
2.500000000000000000e+00 1.779952969072508040e+01
2.500000000000000000e+00 1.779952960720790855e+01
2.500000000000000000e+00 1.740966828835962232e+01
2.500000000000000000e+00 1.740966821564770584e+01
2.500000000000000000e+00 1.717610964119938544e+01
2.500000000000000000e+00 1.717610962840675271e+01
2.500000000000000000e+00 1.702003336594832916e+01
2.500000000000000000e+00 1.702003334953230151e+01
2.500000000000000000e+00 1.700791897964755250e+01
2.500000000000000000e+00 1.700791896342919429e+01
2.500000000000000000e+00 1.679312691615492170e+01
2.500000000000000000e+00 1.679312690743259040e+01
2.500000000000000000e+00 1.670993066076059463e+01
2.500000000000000000e+00 1.670993065273456324e+01
2.500000000000000000e+00 1.663268654690527626e+01
2.500000000000000000e+00 1.663268652833175665e+01
2.500000000000000000e+00 1.656975965465579037e+01
2.500000000000000000e+00 1.656975964767948639e+01
2.500000000000000000e+00 1.647390878909525114e+01
2.500000000000000000e+00 1.647390877641791818e+01
2.500000000000000000e+00 1.640779992569489920e+01
2.500000000000000000e+00 1.640779991679513472e+01
2.500000000000000000e+00 1.637939120245752633e+01
2.500000000000000000e+00 1.637939119380703445e+01
2.500000000000000000e+00 1.635761944163528980e+01
2.500000000000000000e+00 1.635761943317110223e+01
2.500000000000000000e+00 1.602548297351741624e+01
2.500000000000000000e+00 1.602548296744529566e+01
2.500000000000000000e+00 1.579602830417974602e+01
2.500000000000000000e+00 1.579602830417974602e+01
2.500000000000000000e+00 1.575936536799523680e+01
2.500000000000000000e+00 1.575936533542170004e+01
2.500000000000000000e+00 1.546817187465804189e+01
2.500000000000000000e+00 1.546817186886172735e+01
2.500000000000000000e+00 1.517141585615843447e+01
2.500000000000000000e+00 1.517141585615843447e+01
2.500000000000000000e+00 1.508589202939433349e+01
2.500000000000000000e+00 1.508589202702142273e+01
2.500000000000000000e+00 1.507403869277977826e+01
2.500000000000000000e+00 1.507403869121647944e+01
2.500000000000000000e+00 1.502657285786869856e+01
2.500000000000000000e+00 1.502657284370582147e+01
2.500000000000000000e+00 1.498452624105509301e+01
2.500000000000000000e+00 1.498452623676675977e+01
2.500000000000000000e+00 1.482310705392791661e+01
2.500000000000000000e+00 1.482310704541336399e+01
2.500000000000000000e+00 1.441531904577691137e+01
2.500000000000000000e+00 1.441531901058417908e+01
2.500000000000000000e+00 1.394427519845146080e+01
2.500000000000000000e+00 1.394427519794634485e+01
2.500000000000000000e+00 1.375916490265347569e+01
2.500000000000000000e+00 1.375916488040626895e+01
2.500000000000000000e+00 1.361310783447473938e+01
2.500000000000000000e+00 1.361310780890319627e+01
2.500000000000000000e+00 1.335454331646321258e+01
2.500000000000000000e+00 1.335454329853839894e+01
2.500000000000000000e+00 1.322929877551603539e+01
2.500000000000000000e+00 1.322929876476696442e+01
2.500000000000000000e+00 1.261024636680064148e+01
2.500000000000000000e+00 1.261024634331646510e+01
2.500000000000000000e+00 1.216107584113141549e+01
2.500000000000000000e+00 1.216107582134740817e+01
2.500000000000000000e+00 1.159854056007447909e+01
2.500000000000000000e+00 1.159854053528049889e+01
2.500000000000000000e+00 1.149998283078962658e+01
2.500000000000000000e+00 1.149998282846621933e+01
2.500000000000000000e+00 1.091337084499963872e+01
2.500000000000000000e+00 1.091337084419499881e+01
2.500000000000000000e+00 1.079925015126478982e+01
2.500000000000000000e+00 1.079925015077534134e+01
2.500000000000000000e+00 1.077656389153156447e+01
2.500000000000000000e+00 1.077656387909133784e+01
2.500000000000000000e+00 8.530839663371075687e+00
2.500000000000000000e+00 8.530839662784138966e+00
3.000000000000000000e+00 2.678709759334401141e+01
3.000000000000000000e+00 2.660267760006846771e+01
3.000000000000000000e+00 2.660267760006846771e+01
3.000000000000000000e+00 2.641697391248093041e+01
3.000000000000000000e+00 2.641697391248093041e+01
3.000000000000000000e+00 2.625182391812391103e+01
3.000000000000000000e+00 2.543875291160405183e+01
3.000000000000000000e+00 2.534638177919967106e+01
3.000000000000000000e+00 2.533921861841810141e+01
3.000000000000000000e+00 2.533917372907033538e+01
3.000000000000000000e+00 2.530538889389042012e+01
3.000000000000000000e+00 2.468076042864381492e+01
3.000000000000000000e+00 2.441392314460484414e+01
3.000000000000000000e+00 2.441389645219483029e+01
3.000000000000000000e+00 2.399069113137235831e+01
3.000000000000000000e+00 2.375341883915765351e+01
3.000000000000000000e+00 2.355134596796417057e+01
3.000000000000000000e+00 2.314341658032928706e+01
3.000000000000000000e+00 2.314341408287357282e+01
3.000000000000000000e+00 2.308161605323027743e+01
3.000000000000000000e+00 2.288693303042762395e+01
3.000000000000000000e+00 2.286402538129183881e+01
3.000000000000000000e+00 2.281076525373855901e+01
3.000000000000000000e+00 2.281076167228832219e+01
3.000000000000000000e+00 2.169201619454364049e+01
3.000000000000000000e+00 2.147108279389254548e+01
3.000000000000000000e+00 2.147108185580624351e+01
3.000000000000000000e+00 2.134914906402311985e+01
3.000000000000000000e+00 2.086385535492092913e+01
3.000000000000000000e+00 2.058955804596873662e+01
3.000000000000000000e+00 2.039971638755770655e+01
3.000000000000000000e+00 2.010744107098694045e+01
3.000000000000000000e+00 2.010744107098694045e+01
3.000000000000000000e+00 2.009455525551909716e+01
3.000000000000000000e+00 2.009455525551909716e+01
3.000000000000000000e+00 1.984735062184509502e+01
3.000000000000000000e+00 1.952245481782069092e+01
3.000000000000000000e+00 1.952245468417203611e+01
3.000000000000000000e+00 1.952245468417203611e+01
3.000000000000000000e+00 1.952245461734771581e+01
3.000000000000000000e+00 1.951702434206429615e+01
3.000000000000000000e+00 1.938912039260544873e+01
3.000000000000000000e+00 1.906577814259511072e+01
3.000000000000000000e+00 1.904462503880348123e+01
3.000000000000000000e+00 1.904462499736385794e+01
3.000000000000000000e+00 1.882932674920233040e+01
3.000000000000000000e+00 1.882932661555112119e+01
3.000000000000000000e+00 1.882416006560992017e+01
3.000000000000000000e+00 1.876981772686248817e+01
3.000000000000000000e+00 1.869302031980748069e+01
3.000000000000000000e+00 1.867606352049899598e+01
3.000000000000000000e+00 1.840346188647512449e+01
3.000000000000000000e+00 1.840325757797210926e+01
3.000000000000000000e+00 1.838672289645839797e+01
3.000000000000000000e+00 1.838672285353219138e+01
3.000000000000000000e+00 1.835137127085538111e+01
3.000000000000000000e+00 1.835137125013777748e+01
3.000000000000000000e+00 1.823621007150450168e+01
3.000000000000000000e+00 1.778454533425396633e+01
3.000000000000000000e+00 1.764330110528682027e+01
3.000000000000000000e+00 1.761926042399182535e+01
3.000000000000000000e+00 1.761926039410298728e+01
3.000000000000000000e+00 1.740654648911626623e+01
3.000000000000000000e+00 1.740654648106234603e+01
3.000000000000000000e+00 1.730475769891673110e+01
3.000000000000000000e+00 1.730475767709333823e+01
3.000000000000000000e+00 1.722324343591718687e+01
3.000000000000000000e+00 1.711553869663208616e+01
3.000000000000000000e+00 1.710722625823678911e+01
3.000000000000000000e+00 1.599120964637378428e+01
3.000000000000000000e+00 1.597713192557089812e+01
3.000000000000000000e+00 1.596078912830608409e+01
3.000000000000000000e+00 1.596078911312814341e+01
3.000000000000000000e+00 1.584880697479156630e+01
3.000000000000000000e+00 1.568474865336788682e+01
3.000000000000000000e+00 1.568474862745519616e+01
3.000000000000000000e+00 1.566710055146236336e+01
3.000000000000000000e+00 1.529885659870283021e+01
3.000000000000000000e+00 1.489898777723245082e+01
3.000000000000000000e+00 1.475547857164360366e+01
3.000000000000000000e+00 1.429754600023221300e+01
3.000000000000000000e+00 1.429754599843435336e+01
3.000000000000000000e+00 1.397548620859977397e+01
3.000000000000000000e+00 1.382398711061868468e+01
3.000000000000000000e+00 1.365433789026265821e+01
3.000000000000000000e+00 1.365433788969568241e+01
3.000000000000000000e+00 1.362377957852968713e+01
3.000000000000000000e+00 1.354799214542247832e+01
3.000000000000000000e+00 1.312579113993684921e+01
3.000000000000000000e+00 1.301394098263293309e+01
3.000000000000000000e+00 1.301394096858727423e+01
3.000000000000000000e+00 1.298444133478720808e+01
3.000000000000000000e+00 1.298444132743656887e+01
3.000000000000000000e+00 1.273282385024149477e+01
3.000000000000000000e+00 1.201293754496626143e+01
3.000000000000000000e+00 1.201293754207411801e+01
3.000000000000000000e+00 1.199992132585646409e+01
3.000000000000000000e+00 1.191112742275931069e+01
3.000000000000000000e+00 8.970510307125124427e+00
3.000000000000000000e+00 7.331132486251817681e+00
3.500000000000000000e+00 2.960127402388816265e+01
3.500000000000000000e+00 2.960127398185027658e+01
3.500000000000000000e+00 2.833767763065174350e+01
3.500000000000000000e+00 2.833767759395122710e+01
3.500000000000000000e+00 2.454106804229019900e+01
3.500000000000000000e+00 2.454106801966479168e+01
3.500000000000000000e+00 2.442580588441640543e+01
3.500000000000000000e+00 2.442580584126838161e+01
3.500000000000000000e+00 2.257634375084892042e+01
3.500000000000000000e+00 2.257634374902862007e+01
3.500000000000000000e+00 2.257337039205342677e+01
3.500000000000000000e+00 2.257337038184934741e+01
3.500000000000000000e+00 2.230418629489959415e+01
3.500000000000000000e+00 2.230418628180167318e+01
3.500000000000000000e+00 2.168760824744147442e+01
3.500000000000000000e+00 2.168760824655205610e+01
3.500000000000000000e+00 2.126626276388005365e+01
3.500000000000000000e+00 2.126626273725126737e+01
3.500000000000000000e+00 2.125596619658177744e+01
3.500000000000000000e+00 2.125596618657170822e+01
3.500000000000000000e+00 2.078070294051839895e+01
3.500000000000000000e+00 2.078070293757458131e+01
3.500000000000000000e+00 2.077933317014152692e+01
3.500000000000000000e+00 2.077933315768034106e+01
3.500000000000000000e+00 2.009044640633265288e+01
3.500000000000000000e+00 2.009044640006327498e+01
3.500000000000000000e+00 1.993051661985026257e+01
3.500000000000000000e+00 1.993051661361938187e+01
3.500000000000000000e+00 1.929782038941981881e+01
3.500000000000000000e+00 1.929782038906162356e+01
3.500000000000000000e+00 1.740089639430280855e+01
3.500000000000000000e+00 1.740089639334447469e+01
3.500000000000000000e+00 1.710603208783773610e+01
3.500000000000000000e+00 1.710603208626841720e+01
3.500000000000000000e+00 1.668018174764917561e+01
3.500000000000000000e+00 1.668018174043458757e+01
3.500000000000000000e+00 1.605096391496859098e+01
3.500000000000000000e+00 1.605096389392029010e+01
3.500000000000000000e+00 1.603985996643469036e+01
3.500000000000000000e+00 1.603985996061516062e+01
3.500000000000000000e+00 1.596345631374665430e+01
3.500000000000000000e+00 1.596345630814976246e+01
3.500000000000000000e+00 1.589050525446501538e+01
3.500000000000000000e+00 1.589050523114965863e+01
3.500000000000000000e+00 1.561879066233857927e+01
3.500000000000000000e+00 1.561879065654940035e+01
3.500000000000000000e+00 1.488146055011541868e+01
3.500000000000000000e+00 1.488146054364064241e+01
3.500000000000000000e+00 1.474687871420868746e+01
3.500000000000000000e+00 1.474687871289835428e+01
3.500000000000000000e+00 1.458128505957034626e+01
3.500000000000000000e+00 1.458128505297212740e+01
3.500000000000000000e+00 1.322871602781830447e+01
3.500000000000000000e+00 1.322871599750736493e+01
3.500000000000000000e+00 1.221518488462638174e+01
3.500000000000000000e+00 1.221518485915168029e+01
3.500000000000000000e+00 1.182593785447099499e+01
3.500000000000000000e+00 1.182593784011016425e+01
3.500000000000000000e+00 9.511511532486741416e+00
3.500000000000000000e+00 9.511511515022650798e+00
4.000000000000000000e+00 2.543847815911790988e+01
4.000000000000000000e+00 2.405060429580649028e+01
4.000000000000000000e+00 2.405060429387456367e+01
4.000000000000000000e+00 2.392966188945850092e+01
4.000000000000000000e+00 2.392738079010186425e+01
4.000000000000000000e+00 2.388449234906053320e+01
4.000000000000000000e+00 2.004817907396715881e+01
4.000000000000000000e+00 1.956951106556096676e+01
4.000000000000000000e+00 1.956951103981814200e+01
4.000000000000000000e+00 1.920753277680170257e+01
4.000000000000000000e+00 1.881815334490734060e+01
4.000000000000000000e+00 1.859774415068396181e+01
4.000000000000000000e+00 1.859774414266734155e+01
4.000000000000000000e+00 1.769449953641942486e+01
4.000000000000000000e+00 1.769449950875063848e+01
4.000000000000000000e+00 1.751795830726342729e+01
4.000000000000000000e+00 1.695629827413653601e+01
4.000000000000000000e+00 1.676305927506032134e+01
4.000000000000000000e+00 1.656620777650542209e+01
4.000000000000000000e+00 1.621766270923784248e+01
4.000000000000000000e+00 1.620831607875088665e+01
4.000000000000000000e+00 1.620831606942678960e+01
4.000000000000000000e+00 1.470053982392304448e+01
4.000000000000000000e+00 1.262711459495434063e+01
4.000000000000000000e+00 1.262711459240126999e+01
4.000000000000000000e+00 1.254859579383701629e+01
4.000000000000000000e+00 1.251370518923451414e+01
4.000000000000000000e+00 1.095620029288899921e+01
4.500000000000000000e+00 2.035875799703634215e+01
4.500000000000000000e+00 2.035875797372095874e+01
4.500000000000000000e+00 2.019829933426583679e+01
4.500000000000000000e+00 2.019829931321740801e+01
4.500000000000000000e+00 1.546993007050797964e+01
4.500000000000000000e+00 1.546993005804441168e+01
4.500000000000000000e+00 1.367589284633580426e+01
4.500000000000000000e+00 1.367589283613925311e+01
5.000000000000000000e+00 1.672680849322398089e+01
