-5.000000000000000000e+00 2.463411570263906469e+01
-4.500000000000000000e+00 2.720578273210819376e+01
-4.500000000000000000e+00 2.720578272357316507e+01
-4.500000000000000000e+00 2.533264911435459155e+01
-4.500000000000000000e+00 2.533264910277241455e+01
-4.500000000000000000e+00 2.123914642786013118e+01
-4.500000000000000000e+00 2.123914640536790444e+01
-4.500000000000000000e+00 2.079163784025216088e+01
-4.500000000000000000e+00 2.079163781471277517e+01
-4.000000000000000000e+00 2.977683681733633492e+01
-4.000000000000000000e+00 2.811345134181851080e+01
-4.000000000000000000e+00 2.792777134145730855e+01
-4.000000000000000000e+00 2.792777133840030501e+01
-4.000000000000000000e+00 2.786489880078334025e+01
-4.000000000000000000e+00 2.640496257771743416e+01
-4.000000000000000000e+00 2.417278679078524206e+01
-4.000000000000000000e+00 2.370301101637479846e+01
-4.000000000000000000e+00 2.369529287719630517e+01
-4.000000000000000000e+00 2.363914032479520344e+01
-4.000000000000000000e+00 2.363914031100838642e+01
-4.000000000000000000e+00 2.354004085747001440e+01
-4.000000000000000000e+00 2.354004082424425448e+01
-4.000000000000000000e+00 2.312866985040579948e+01
-4.000000000000000000e+00 2.209250796377655490e+01
-4.000000000000000000e+00 2.208210157547238239e+01
-4.000000000000000000e+00 2.208210154236880740e+01
-4.000000000000000000e+00 2.177841837985288009e+01
-4.000000000000000000e+00 2.160415573755675211e+01
-4.000000000000000000e+00 2.139989825476692786e+01
-4.000000000000000000e+00 2.129478727764318435e+01
-4.000000000000000000e+00 2.129478726395199217e+01
-4.000000000000000000e+00 1.896260824929023059e+01
-4.000000000000000000e+00 1.741911269878194091e+01
-4.000000000000000000e+00 1.741911269575023624e+01
-4.000000000000000000e+00 1.735402446629861473e+01
-4.000000000000000000e+00 1.686782095707330598e+01
-4.000000000000000000e+00 1.548853332073807465e+01
-3.500000000000000000e+00 3.058760938955499142e+01
-3.500000000000000000e+00 3.058760937682511738e+01
-3.500000000000000000e+00 2.905863781393097511e+01
-3.500000000000000000e+00 2.905863780153530840e+01
-3.500000000000000000e+00 2.628289621677204124e+01
-3.500000000000000000e+00 2.628289617287920521e+01
-3.500000000000000000e+00 2.625792711024730153e+01
-3.500000000000000000e+00 2.625792705784139258e+01
-3.500000000000000000e+00 2.574519907007224617e+01
-3.500000000000000000e+00 2.574519906599650909e+01
-3.500000000000000000e+00 2.484173436443802530e+01
-3.500000000000000000e+00 2.484173426169367005e+01
-3.500000000000000000e+00 2.474955894261928790e+01
-3.500000000000000000e+00 2.474955893900907000e+01
-3.500000000000000000e+00 2.462295600218972780e+01
-3.500000000000000000e+00 2.462295596531252073e+01
-3.500000000000000000e+00 2.450934686050571898e+01
-3.500000000000000000e+00 2.450934683496907596e+01
-3.500000000000000000e+00 2.417456950390373649e+01
-3.500000000000000000e+00 2.417456946542371554e+01
-3.500000000000000000e+00 2.406183826985387597e+01
-3.500000000000000000e+00 2.406183824736013577e+01
-3.500000000000000000e+00 2.399940506275031993e+01
-3.500000000000000000e+00 2.399940505157179871e+01
-3.500000000000000000e+00 2.385409421622951953e+01
-3.500000000000000000e+00 2.385409417849221114e+01
-3.500000000000000000e+00 2.294218762488477736e+01
-3.500000000000000000e+00 2.294218758958474069e+01
-3.500000000000000000e+00 2.263234516570599908e+01
-3.500000000000000000e+00 2.263234515241380507e+01
-3.500000000000000000e+00 2.231338571057942843e+01
-3.500000000000000000e+00 2.231338568313282167e+01
-3.500000000000000000e+00 2.112888869726676333e+01
-3.500000000000000000e+00 2.112888859855040380e+01
-3.500000000000000000e+00 2.032803579423238460e+01
-3.500000000000000000e+00 2.032803561113665936e+01
-3.500000000000000000e+00 1.998947399777118150e+01
-3.500000000000000000e+00 1.998947397604156251e+01
-3.500000000000000000e+00 1.996833557245010837e+01
-3.500000000000000000e+00 1.996833556086793138e+01
-3.500000000000000000e+00 1.960414038228600475e+01
-3.500000000000000000e+00 1.960414027842386275e+01
-3.500000000000000000e+00 1.948397097906940800e+01
-3.500000000000000000e+00 1.948397094056479517e+01
-3.500000000000000000e+00 1.856420991280947419e+01
-3.500000000000000000e+00 1.856420977673063177e+01
-3.500000000000000000e+00 1.816005297804287011e+01
-3.500000000000000000e+00 1.816005293420144895e+01
-3.500000000000000000e+00 1.809520195164937917e+01
-3.500000000000000000e+00 1.809520194311437535e+01
-3.500000000000000000e+00 1.789913774843362759e+01
-3.500000000000000000e+00 1.789913774536684343e+01
-3.500000000000000000e+00 1.769566102249522999e+01
-3.500000000000000000e+00 1.769566101941105174e+01
-3.500000000000000000e+00 1.607938999939058888e+01
-3.500000000000000000e+00 1.607938991382874150e+01
-3.500000000000000000e+00 1.439458611587889081e+01
-3.500000000000000000e+00 1.439458609611617135e+01
-3.500000000000000000e+00 1.259989006809696654e+01
-3.500000000000000000e+00 1.259988996938309214e+01
-3.000000000000000000e+00 2.831172266716867014e+01
-3.000000000000000000e+00 2.831084585869513504e+01
-3.000000000000000000e+00 2.825544183127007969e+01
-3.000000000000000000e+00 2.825544183127007969e+01
-3.000000000000000000e+00 2.734848139034109948e+01
-3.000000000000000000e+00 2.719113147178178380e+01
-3.000000000000000000e+00 2.719098846141329062e+01
-3.000000000000000000e+00 2.684731052678482754e+01
-3.000000000000000000e+00 2.680045868027002598e+01
-3.000000000000000000e+00 2.680036191700128612e+01
-3.000000000000000000e+00 2.671180359974377438e+01
-3.000000000000000000e+00 2.671029924124582777e+01
-3.000000000000000000e+00 2.652671105983668198e+01
-3.000000000000000000e+00 2.639725404394817687e+01
-3.000000000000000000e+00 2.639725404394817687e+01
-3.000000000000000000e+00 2.620449104713758715e+01
-3.000000000000000000e+00 2.566545455573604784e+01
-3.000000000000000000e+00 2.566542345298811867e+01
-3.000000000000000000e+00 2.551744112031762768e+01
-3.000000000000000000e+00 2.537588474486288348e+01
-3.000000000000000000e+00 2.521990300395447449e+01
-3.000000000000000000e+00 2.521988308343733465e+01
-3.000000000000000000e+00 2.518319392009986757e+01
-3.000000000000000000e+00 2.516594587690923746e+01
-3.000000000000000000e+00 2.504750455340635895e+01
-3.000000000000000000e+00 2.486052449270605536e+01
-3.000000000000000000e+00 2.484911665737786990e+01
-3.000000000000000000e+00 2.484911665737786990e+01
-3.000000000000000000e+00 2.326622556134646302e+01
-3.000000000000000000e+00 2.324929420364321331e+01
-3.000000000000000000e+00 2.324929420364321331e+01
-3.000000000000000000e+00 2.308004661587622053e+01
-3.000000000000000000e+00 2.302981107219033774e+01
-3.000000000000000000e+00 2.265638896759336518e+01
-3.000000000000000000e+00 2.264582273708534998e+01
-3.000000000000000000e+00 2.264581970022085144e+01
-3.000000000000000000e+00 2.263690085496184068e+01
-3.000000000000000000e+00 2.231412782596204636e+01
-3.000000000000000000e+00 2.230107810656890166e+01
-3.000000000000000000e+00 2.230107487959137202e+01
-3.000000000000000000e+00 2.216965224948709334e+01
-3.000000000000000000e+00 2.198120619365211326e+01
-3.000000000000000000e+00 2.198120463127295565e+01
-3.000000000000000000e+00 2.189892038227892357e+01
-3.000000000000000000e+00 2.184482858528773619e+01
-3.000000000000000000e+00 2.184482790368929273e+01
-3.000000000000000000e+00 2.176361541905067654e+01
-3.000000000000000000e+00 2.140263406692819004e+01
-3.000000000000000000e+00 2.121173132713219189e+01
-3.000000000000000000e+00 2.108576727774374859e+01
-3.000000000000000000e+00 2.082860751960790324e+01
-3.000000000000000000e+00 2.082860653276206619e+01
-3.000000000000000000e+00 2.066686900891343015e+01
-3.000000000000000000e+00 2.066686900891343015e+01
-3.000000000000000000e+00 2.066686837930793175e+01
-3.000000000000000000e+00 2.066686774970283125e+01
-3.000000000000000000e+00 2.065608056705148954e+01
-3.000000000000000000e+00 2.063281418797937761e+01
-3.000000000000000000e+00 2.053988856270714436e+01
-3.000000000000000000e+00 2.053988819302336211e+01
-3.000000000000000000e+00 2.052709211123362465e+01
-3.000000000000000000e+00 2.039382160167500047e+01
-3.000000000000000000e+00 2.039382144195313273e+01
-3.000000000000000000e+00 2.024890719631598657e+01
-3.000000000000000000e+00 2.022130316558977370e+01
-3.000000000000000000e+00 2.003496041234305025e+01
-3.000000000000000000e+00 1.984511120434174458e+01
-3.000000000000000000e+00 1.931047026604898420e+01
-3.000000000000000000e+00 1.916919503623970655e+01
-3.000000000000000000e+00 1.916919498930264965e+01
-3.000000000000000000e+00 1.900459111532168066e+01
-3.000000000000000000e+00 1.900459107550828008e+01
-3.000000000000000000e+00 1.887728386658540813e+01
-3.000000000000000000e+00 1.886242604029621361e+01
-3.000000000000000000e+00 1.884378839895751057e+01
-3.000000000000000000e+00 1.884378833115847485e+01
-3.000000000000000000e+00 1.869715838102353800e+01
-3.000000000000000000e+00 1.854610667659177992e+01
-3.000000000000000000e+00 1.852065718822915130e+01
-3.000000000000000000e+00 1.849660362023873361e+01
-3.000000000000000000e+00 1.849660342859127837e+01
-3.000000000000000000e+00 1.788978757868263614e+01
-3.000000000000000000e+00 1.695082179032558756e+01
-3.000000000000000000e+00 1.692992665972489874e+01
-3.000000000000000000e+00 1.692992660971983909e+01
-3.000000000000000000e+00 1.650936096032029354e+01
-3.000000000000000000e+00 1.587826767898775771e+01
-3.000000000000000000e+00 1.573658988729116714e+01
-3.000000000000000000e+00 1.544952076640572436e+01
-3.000000000000000000e+00 1.544952074592457514e+01
-3.000000000000000000e+00 1.512995433651871480e+01
-3.000000000000000000e+00 1.509656191712853790e+01
-3.000000000000000000e+00 1.476817150404735379e+01
-3.000000000000000000e+00 1.452055082063679237e+01
-3.000000000000000000e+00 1.452055079726787135e+01
-3.000000000000000000e+00 1.416174904579226812e+01
-3.000000000000000000e+00 1.416174901408702702e+01
-3.000000000000000000e+00 1.372552966349729608e+01
-3.000000000000000000e+00 1.033408478985582057e+01
-3.000000000000000000e+00 9.131599565487793058e+00
-2.500000000000000000e+00 2.242321169068159747e+01
-2.500000000000000000e+00 2.242321047528766087e+01
-2.500000000000000000e+00 2.231412782596204636e+01
-2.500000000000000000e+00 2.231412564638447193e+01
-2.500000000000000000e+00 2.206386050734914406e+01
-2.500000000000000000e+00 2.206385881034571383e+01
-2.500000000000000000e+00 2.203463738122431081e+01
-2.500000000000000000e+00 2.203463326090607310e+01
-2.500000000000000000e+00 2.187225179438910772e+01
-2.500000000000000000e+00 2.187225109384040422e+01
-2.500000000000000000e+00 2.174423629673815483e+01
-2.500000000000000000e+00 2.174423568036753451e+01
-2.500000000000000000e+00 2.167001328999237586e+01
-2.500000000000000000e+00 2.167001100088104693e+01
-2.500000000000000000e+00 2.149657718222889358e+01
-2.500000000000000000e+00 2.149657621991919498e+01
-2.500000000000000000e+00 2.144962056993960076e+01
-2.500000000000000000e+00 2.144961827452265268e+01
-2.500000000000000000e+00 2.143464908379482026e+01
-2.500000000000000000e+00 2.143464727474868425e+01
-2.500000000000000000e+00 2.132021577753112140e+01
-2.500000000000000000e+00 2.132021416409441983e+01
-2.500000000000000000e+00 2.121144619747406068e+01
-2.500000000000000000e+00 2.121144619747406068e+01
-2.500000000000000000e+00 2.108483796833166579e+01
-2.500000000000000000e+00 2.108483509946150392e+01
-2.500000000000000000e+00 2.107882792251101023e+01
-2.500000000000000000e+00 2.107882570453708837e+01
-2.500000000000000000e+00 2.079685933013609045e+01
-2.500000000000000000e+00 2.079685861313044981e+01
-2.500000000000000000e+00 2.042569749306521487e+01
-2.500000000000000000e+00 2.042569699837982711e+01
-2.500000000000000000e+00 2.029337278902510278e+01
-2.500000000000000000e+00 2.029337250011017346e+01
-2.500000000000000000e+00 2.000716266546226763e+01
-2.500000000000000000e+00 2.000716244845687797e+01
-2.500000000000000000e+00 1.981389615598208209e+01
-2.500000000000000000e+00 1.981389588767805776e+01
-2.500000000000000000e+00 1.977248778496342752e+01
-2.500000000000000000e+00 1.977248769915646065e+01
-2.500000000000000000e+00 1.963615150293031064e+01
-2.500000000000000000e+00 1.963615142805951308e+01
-2.500000000000000000e+00 1.952261427338919475e+01
-2.500000000000000000e+00 1.952261373870943117e+01
-2.500000000000000000e+00 1.938762587061366460e+01
-2.500000000000000000e+00 1.938762557863635649e+01
-2.500000000000000000e+00 1.927798256559220391e+01
-2.500000000000000000e+00 1.927798230393564438e+01
-2.500000000000000000e+00 1.901372842362331994e+01
-2.500000000000000000e+00 1.901372838344446237e+01
-2.500000000000000000e+00 1.873831220787929297e+01
-2.500000000000000000e+00 1.873831205534911248e+01
-2.500000000000000000e+00 1.864133723024938405e+01
-2.500000000000000000e+00 1.864133703644298379e+01
-2.500000000000000000e+00 1.850956862530108893e+01
-2.500000000000000000e+00 1.850956862530108893e+01
-2.500000000000000000e+00 1.836721367684452133e+01
-2.500000000000000000e+00 1.836721365579608900e+01
-2.500000000000000000e+00 1.823532247671077045e+01
-2.500000000000000000e+00 1.823532247671077045e+01
-2.500000000000000000e+00 1.812297404610506391e+01
-2.500000000000000000e+00 1.812297401313059453e+01
-2.500000000000000000e+00 1.766007221194049137e+01
-2.500000000000000000e+00 1.766007221194049137e+01
-2.500000000000000000e+00 1.748739355176126864e+01
-2.500000000000000000e+00 1.748739350810076587e+01
-2.500000000000000000e+00 1.715306974286684394e+01
-2.500000000000000000e+00 1.715306969286180916e+01
-2.500000000000000000e+00 1.700264863285730499e+01
-2.500000000000000000e+00 1.700264857908029015e+01
-2.500000000000000000e+00 1.678861996466045881e+01
-2.500000000000000000e+00 1.678861991690336097e+01
-2.500000000000000000e+00 1.676081236333758540e+01
-2.500000000000000000e+00 1.676081234222514027e+01
-2.500000000000000000e+00 1.670431602221937695e+01
-2.500000000000000000e+00 1.670431601423828383e+01
-2.500000000000000000e+00 1.638062445266053757e+01
-2.500000000000000000e+00 1.638062440935471642e+01
-2.500000000000000000e+00 1.605164060570927731e+01
-2.500000000000000000e+00 1.605164056207794587e+01
-2.500000000000000000e+00 1.571007314721800086e+01
-2.500000000000000000e+00 1.571007313392935245e+01
-2.500000000000000000e+00 1.563375752159411824e+01
-2.500000000000000000e+00 1.563375748328934733e+01
-2.500000000000000000e+00 1.523168839436812583e+01
-2.500000000000000000e+00 1.523168838796228108e+01
-2.500000000000000000e+00 1.501631972077447585e+01
-2.500000000000000000e+00 1.501631965658493684e+01
-2.500000000000000000e+00 1.472177931614351643e+01
-2.500000000000000000e+00 1.472177930405284485e+01
-2.500000000000000000e+00 1.466420196872940096e+01
-2.500000000000000000e+00 1.466420188104771327e+01
-2.500000000000000000e+00 1.397413762792138314e+01
-2.500000000000000000e+00 1.397413762037517060e+01
-2.500000000000000000e+00 1.337566454641985558e+01
-2.500000000000000000e+00 1.337566450937590723e+01
-2.500000000000000000e+00 1.272423516235620511e+01
-2.500000000000000000e+00 1.272423513752775648e+01
-2.500000000000000000e+00 1.081941977846780745e+01
-2.500000000000000000e+00 1.081941974806970030e+01
-2.000000000000000000e+00 1.935868548502294217e+01
-2.000000000000000000e+00 1.932048145932303385e+01
-2.000000000000000000e+00 1.932048135011648426e+01
-2.000000000000000000e+00 1.927955536361274369e+01
-2.000000000000000000e+00 1.923331011207672958e+01
-2.000000000000000000e+00 1.919668604519292288e+01
-2.000000000000000000e+00 1.919668599694761824e+01
-2.000000000000000000e+00 1.917846991802394996e+01
-2.000000000000000000e+00 1.917846963377748537e+01
-2.000000000000000000e+00 1.916552342161758560e+01
-2.000000000000000000e+00 1.916552328132248206e+01
-2.000000000000000000e+00 1.916487612244670657e+01
-2.000000000000000000e+00 1.905709179657745622e+01
-2.000000000000000000e+00 1.896653895105283638e+01
-2.000000000000000000e+00 1.896653875941846934e+01
-2.000000000000000000e+00 1.893105212190899422e+01
-2.000000000000000000e+00 1.892354409234050650e+01
-2.000000000000000000e+00 1.892354398219868727e+01
-2.000000000000000000e+00 1.890767217994340044e+01
-2.000000000000000000e+00 1.887444556113585747e+01
-2.000000000000000000e+00 1.831811161802669474e+01
-2.000000000000000000e+00 1.829250309900913862e+01
-2.000000000000000000e+00 1.821575483394480699e+01
-2.000000000000000000e+00 1.821575481585466250e+01
-2.000000000000000000e+00 1.807915616556846317e+01
-2.000000000000000000e+00 1.807915616556846317e+01
-2.000000000000000000e+00 1.807727443602436068e+01
-2.000000000000000000e+00 1.806522242438747838e+01
-2.000000000000000000e+00 1.798798585603024947e+01
-2.000000000000000000e+00 1.782554236541141890e+01
-2.000000000000000000e+00 1.782554231642960119e+01
-2.000000000000000000e+00 1.781711918429349595e+01
-2.000000000000000000e+00 1.780594973477343856e+01
-2.000000000000000000e+00 1.780594973477343856e+01
-2.000000000000000000e+00 1.768262414062230548e+01
-2.000000000000000000e+00 1.768262411939297607e+01
-2.000000000000000000e+00 1.767287638963467700e+01
-2.000000000000000000e+00 1.767287637912297882e+01
-2.000000000000000000e+00 1.764592760584707420e+01
-2.000000000000000000e+00 1.758673869082285890e+01
-2.000000000000000000e+00 1.757327657240686136e+01
-2.000000000000000000e+00 1.752955183546023221e+01
-2.000000000000000000e+00 1.725379828196210141e+01
-2.000000000000000000e+00 1.720522615623584173e+01
-2.000000000000000000e+00 1.720522612330938372e+01
-2.000000000000000000e+00 1.720383565791463099e+01
-2.000000000000000000e+00 1.720383565133849046e+01
-2.000000000000000000e+00 1.703733168063211423e+01
-2.000000000000000000e+00 1.695726118300968821e+01
-2.000000000000000000e+00 1.687781242804384618e+01
-2.000000000000000000e+00 1.682135306986909029e+01
-2.000000000000000000e+00 1.662653840638981961e+01
-2.000000000000000000e+00 1.662653836947046671e+01
-2.000000000000000000e+00 1.653272381794336710e+01
-2.000000000000000000e+00 1.645068399413973381e+01
-2.000000000000000000e+00 1.619207057319984955e+01
-2.000000000000000000e+00 1.619207056602705208e+01
-2.000000000000000000e+00 1.603949670609367217e+01
-2.000000000000000000e+00 1.599044043872243748e+01
-2.000000000000000000e+00 1.593814992300967859e+01
-2.000000000000000000e+00 1.593814991930013214e+01
-2.000000000000000000e+00 1.593045826510251395e+01
-2.000000000000000000e+00 1.593045825405914506e+01
-2.000000000000000000e+00 1.585779706711749704e+01
-2.000000000000000000e+00 1.582015884827672103e+01
-2.000000000000000000e+00 1.582015879552970716e+01
-2.000000000000000000e+00 1.580438711637340887e+01
-2.000000000000000000e+00 1.570347708409169663e+01
-2.000000000000000000e+00 1.552268810212442318e+01
-2.000000000000000000e+00 1.539370764831875604e+01
-2.000000000000000000e+00 1.539370763863408165e+01
-2.000000000000000000e+00 1.534271779404493330e+01
-2.000000000000000000e+00 1.529159735591072788e+01
-2.000000000000000000e+00 1.529159726457842439e+01
-2.000000000000000000e+00 1.517691724299086964e+01
-2.000000000000000000e+00 1.465580577039099275e+01
-2.000000000000000000e+00 1.465580571842764002e+01
-2.000000000000000000e+00 1.451102024488276321e+01
-2.000000000000000000e+00 1.441024727321506305e+01
-2.000000000000000000e+00 1.433906448991537452e+01
-2.000000000000000000e+00 1.433906444793611001e+01
-2.000000000000000000e+00 1.387009635495751425e+01
-2.000000000000000000e+00 1.343035407658437386e+01
-2.000000000000000000e+00 1.342757797581244539e+01
-2.000000000000000000e+00 1.342757797385402263e+01
-2.000000000000000000e+00 1.340747832395375561e+01
-2.000000000000000000e+00 1.259559845639488884e+01
-2.000000000000000000e+00 1.259559844367624315e+01
-2.000000000000000000e+00 1.239546465096072048e+01
-2.000000000000000000e+00 1.213467507818445590e+01
-2.000000000000000000e+00 1.198488948693951883e+01
-2.000000000000000000e+00 1.198488947117011350e+01
-2.000000000000000000e+00 1.188136590696941752e+01
-2.000000000000000000e+00 1.168950312483920406e+01
-2.000000000000000000e+00 1.127944933600385546e+01
-2.000000000000000000e+00 1.076145429570877177e+01
-2.000000000000000000e+00 9.364367492080095445e+00
-2.000000000000000000e+00 9.252618325613550354e+00
-2.000000000000000000e+00 8.215872700167700771e+00
-2.000000000000000000e+00 8.215872600924722491e+00
-1.500000000000000000e+00 1.810956239477587104e+01
-1.500000000000000000e+00 1.810956232970551127e+01
-1.500000000000000000e+00 1.790320781475570300e+01
-1.500000000000000000e+00 1.790320777505247563e+01
-1.500000000000000000e+00 1.784187035408811539e+01
-1.500000000000000000e+00 1.784187031674699853e+01
-1.500000000000000000e+00 1.780859279433767739e+01
-1.500000000000000000e+00 1.780859273413943811e+01
-1.500000000000000000e+00 1.749259905314864127e+01
-1.500000000000000000e+00 1.749259895659422526e+01
-1.500000000000000000e+00 1.735928403495345407e+01
-1.500000000000000000e+00 1.735928399654282117e+01
-1.500000000000000000e+00 1.732890633539403069e+01
-1.500000000000000000e+00 1.732890633539403069e+01
-1.500000000000000000e+00 1.720823528423122895e+01
-1.500000000000000000e+00 1.720823524460040588e+01
-1.500000000000000000e+00 1.719908171987375667e+01
-1.500000000000000000e+00 1.719908169369394813e+01
-1.500000000000000000e+00 1.710473088802218200e+01
-1.500000000000000000e+00 1.710473088206651582e+01
-1.500000000000000000e+00 1.701374728193017560e+01
-1.500000000000000000e+00 1.701374726017929717e+01
-1.500000000000000000e+00 1.692438922775271948e+01
-1.500000000000000000e+00 1.692438920288825699e+01
-1.500000000000000000e+00 1.689856682877314498e+01
-1.500000000000000000e+00 1.689856679969640041e+01
-1.500000000000000000e+00 1.661238663013791594e+01
-1.500000000000000000e+00 1.661238659009730156e+01
-1.500000000000000000e+00 1.653992833946863783e+01
-1.500000000000000000e+00 1.653992828191288211e+01
-1.500000000000000000e+00 1.640281054996354726e+01
-1.500000000000000000e+00 1.640281051749349217e+01
-1.500000000000000000e+00 1.630916918570829566e+01
-1.500000000000000000e+00 1.630916916420463636e+01
-1.500000000000000000e+00 1.620233868774144526e+01
-1.500000000000000000e+00 1.620233867324779453e+01
-1.500000000000000000e+00 1.610543028043248626e+01
-1.500000000000000000e+00 1.610543022123497181e+01
-1.500000000000000000e+00 1.595514429142613366e+01
-1.500000000000000000e+00 1.595514427633362864e+01
-1.500000000000000000e+00 1.590748752260149068e+01
-1.500000000000000000e+00 1.590748751180890430e+01
-1.500000000000000000e+00 1.585923200703441971e+01
-1.500000000000000000e+00 1.585923196075574282e+01
-1.500000000000000000e+00 1.575992784547629455e+01
-1.500000000000000000e+00 1.575992779581249970e+01
-1.500000000000000000e+00 1.566149537212554321e+01
-1.500000000000000000e+00 1.566149535946699878e+01
-1.500000000000000000e+00 1.553693295671011043e+01
-1.500000000000000000e+00 1.553693295050121392e+01
-1.500000000000000000e+00 1.532200157350268555e+01
-1.500000000000000000e+00 1.532200155747684001e+01
-1.500000000000000000e+00 1.518523956032216660e+01
-1.500000000000000000e+00 1.518523951751642365e+01
-1.500000000000000000e+00 1.515777300286968909e+01
-1.500000000000000000e+00 1.515777299012090751e+01
-1.500000000000000000e+00 1.513394075464470667e+01
-1.500000000000000000e+00 1.513394074302606818e+01
-1.500000000000000000e+00 1.488110839464844304e+01
-1.500000000000000000e+00 1.488110833857687254e+01
-1.500000000000000000e+00 1.486280033761798514e+01
-1.500000000000000000e+00 1.486280032686023844e+01
-1.500000000000000000e+00 1.442050513584028515e+01
-1.500000000000000000e+00 1.442050508419986699e+01
-1.500000000000000000e+00 1.440428100825815072e+01
-1.500000000000000000e+00 1.440428097505203553e+01
-1.500000000000000000e+00 1.424330787822450084e+01
-1.500000000000000000e+00 1.424330787549979149e+01
-1.500000000000000000e+00 1.394752897696278460e+01
-1.500000000000000000e+00 1.394752890094830455e+01
-1.500000000000000000e+00 1.350985998511377595e+01
-1.500000000000000000e+00 1.350985998053387682e+01
-1.500000000000000000e+00 1.323813527867607576e+01
-1.500000000000000000e+00 1.323813527057388129e+01
-1.500000000000000000e+00 1.321727754899354679e+01
-1.500000000000000000e+00 1.321727754093651797e+01
-1.500000000000000000e+00 1.303315519592394978e+01
-1.500000000000000000e+00 1.303315512504406293e+01
-1.500000000000000000e+00 1.290302964391321616e+01
-1.500000000000000000e+00 1.290302957980943077e+01
-1.500000000000000000e+00 1.283148434510091818e+01
-1.500000000000000000e+00 1.283148432061563859e+01
-1.500000000000000000e+00 1.254123828808091545e+01
-1.500000000000000000e+00 1.254123813291474754e+01
-1.500000000000000000e+00 1.241109385600558390e+01
-1.500000000000000000e+00 1.241109383817943446e+01
-1.500000000000000000e+00 1.236229503197182211e+01
-1.500000000000000000e+00 1.236229501187961155e+01
-1.500000000000000000e+00 1.131187894058621168e+01
-1.500000000000000000e+00 1.131187893210527662e+01
-1.500000000000000000e+00 1.125844513756848997e+01
-1.500000000000000000e+00 1.125844509607902211e+01
-1.500000000000000000e+00 1.109313881610345121e+01
-1.500000000000000000e+00 1.109313879431687511e+01
-1.500000000000000000e+00 8.746925589647638333e+00
-1.500000000000000000e+00 8.746925556656501399e+00
-1.500000000000000000e+00 8.105560210134783006e+00
-1.500000000000000000e+00 8.105560206720873850e+00
-1.500000000000000000e+00 6.384137844910256376e+00
-1.500000000000000000e+00 6.384137828776303536e+00
-1.000000000000000000e+00 1.672680197300315541e+01
-1.000000000000000000e+00 1.672152723583140954e+01
-1.000000000000000000e+00 1.662061164483808895e+01
-1.000000000000000000e+00 1.662061161914725815e+01
-1.000000000000000000e+00 1.652696285004716259e+01
-1.000000000000000000e+00 1.651677444409161666e+01
-1.000000000000000000e+00 1.646500432723892615e+01
-1.000000000000000000e+00 1.646500431153273780e+01
-1.000000000000000000e+00 1.637799981544703698e+01
-1.000000000000000000e+00 1.634326716633620435e+01
-1.000000000000000000e+00 1.634326715799262786e+01
-1.000000000000000000e+00 1.630856392394767695e+01
-1.000000000000000000e+00 1.630856391051602117e+01
-1.000000000000000000e+00 1.630199966620487828e+01
-1.000000000000000000e+00 1.624769529657574196e+01
-1.000000000000000000e+00 1.617851463146009294e+01
-1.000000000000000000e+00 1.613590584164180797e+01
-1.000000000000000000e+00 1.613590583712111481e+01
-1.000000000000000000e+00 1.597661662816237182e+01
-1.000000000000000000e+00 1.588011392334526839e+01
-1.000000000000000000e+00 1.588011391284410756e+01
-1.000000000000000000e+00 1.587627750540655036e+01
-1.000000000000000000e+00 1.582456138158873138e+01
-1.000000000000000000e+00 1.582456135509885797e+01
-1.000000000000000000e+00 1.580987279613071372e+01
-1.000000000000000000e+00 1.578666229038019608e+01
-1.000000000000000000e+00 1.578666228559806228e+01
-1.000000000000000000e+00 1.575797132560349034e+01
-1.000000000000000000e+00 1.570114652997502525e+01
-1.000000000000000000e+00 1.564143032396451360e+01
-1.000000000000000000e+00 1.560893325144083299e+01
-1.000000000000000000e+00 1.560893324343392230e+01
-1.000000000000000000e+00 1.558111812134539953e+01
-1.000000000000000000e+00 1.558111809019632865e+01
-1.000000000000000000e+00 1.554235746559241882e+01
-1.000000000000000000e+00 1.549971154375570848e+01
-1.000000000000000000e+00 1.549971153418444203e+01
-1.000000000000000000e+00 1.528648895958277443e+01
-1.000000000000000000e+00 1.526812497476479180e+01
-1.000000000000000000e+00 1.526812493775068624e+01
-1.000000000000000000e+00 1.518802040620592386e+01
-1.000000000000000000e+00 1.518606832540655383e+01
-1.000000000000000000e+00 1.508162532585923898e+01
-1.000000000000000000e+00 1.500587577854950538e+01
-1.000000000000000000e+00 1.500587577489877766e+01
-1.000000000000000000e+00 1.488472798531739372e+01
-1.000000000000000000e+00 1.484427693950403082e+01
-1.000000000000000000e+00 1.469499937774777543e+01
-1.000000000000000000e+00 1.469499935634562959e+01
-1.000000000000000000e+00 1.462058825855654831e+01
-1.000000000000000000e+00 1.439882736449726686e+01
-1.000000000000000000e+00 1.431243018286580870e+01
-1.000000000000000000e+00 1.431243016534755164e+01
-1.000000000000000000e+00 1.423128596232646004e+01
-1.000000000000000000e+00 1.423128593136674169e+01
-1.000000000000000000e+00 1.416927182161402854e+01
-1.000000000000000000e+00 1.414700329719897098e+01
-1.000000000000000000e+00 1.414700329039396642e+01
-1.000000000000000000e+00 1.414232736761763931e+01
-1.000000000000000000e+00 1.414232735684200115e+01
-1.000000000000000000e+00 1.410244625251920603e+01
-1.000000000000000000e+00 1.402910228661058945e+01
-1.000000000000000000e+00 1.394150004582470537e+01
-1.000000000000000000e+00 1.394150003952824157e+01
-1.000000000000000000e+00 1.382454688743930049e+01
-1.000000000000000000e+00 1.373784387249759220e+01
-1.000000000000000000e+00 1.368883788132130697e+01
-1.000000000000000000e+00 1.365703962591754994e+01
-1.000000000000000000e+00 1.365703962250648651e+01
-1.000000000000000000e+00 1.358177126670696389e+01
-1.000000000000000000e+00 1.347669066364397139e+01
-1.000000000000000000e+00 1.347196522562059151e+01
-1.000000000000000000e+00 1.347196521081696119e+01
-1.000000000000000000e+00 1.333839215348506002e+01
-1.000000000000000000e+00 1.285759201496440340e+01
-1.000000000000000000e+00 1.285759197202539461e+01
-1.000000000000000000e+00 1.280907020621835990e+01
-1.000000000000000000e+00 1.262619627061390837e+01
-1.000000000000000000e+00 1.225397422779008672e+01
-1.000000000000000000e+00 1.210906548660243232e+01
-1.000000000000000000e+00 1.195435733778965925e+01
-1.000000000000000000e+00 1.194586441460062431e+01
-1.000000000000000000e+00 1.194586439919512699e+01
-1.000000000000000000e+00 1.103427127094311189e+01
-1.000000000000000000e+00 1.096063899785583118e+01
-1.000000000000000000e+00 1.089147215421399117e+01
-1.000000000000000000e+00 1.089147214852461332e+01
-1.000000000000000000e+00 1.087325897120290286e+01
-1.000000000000000000e+00 1.056573749783599325e+01
-1.000000000000000000e+00 1.056573745434332245e+01
-1.000000000000000000e+00 9.761154765985720516e+00
-1.000000000000000000e+00 9.698973325264120149e+00
-1.000000000000000000e+00 9.336758253044676437e+00
-1.000000000000000000e+00 8.776082698184168862e+00
-1.000000000000000000e+00 8.776082633746190353e+00
-1.000000000000000000e+00 8.670901030319416947e+00
-1.000000000000000000e+00 8.638724794164000187e+00
-1.000000000000000000e+00 8.638724742551397995e+00
-1.000000000000000000e+00 8.137503644830015759e+00
-1.000000000000000000e+00 7.709307252022900236e+00
-5.000000000000000000e-01 1.649700581356589169e+01
-5.000000000000000000e-01 1.649700578437540344e+01
-5.000000000000000000e-01 1.630100377987397309e+01
-5.000000000000000000e-01 1.630100377987397309e+01
-5.000000000000000000e-01 1.622410313989153252e+01
-5.000000000000000000e-01 1.622410313001649840e+01
-5.000000000000000000e-01 1.614750138463822182e+01
-5.000000000000000000e-01 1.614750136863125718e+01
-5.000000000000000000e-01 1.604629464666762217e+01
-5.000000000000000000e-01 1.604629463426799418e+01
-5.000000000000000000e-01 1.596299163251843645e+01
-5.000000000000000000e-01 1.596299162301130714e+01
-5.000000000000000000e-01 1.591063594483980559e+01
-5.000000000000000000e-01 1.591063590694663787e+01
-5.000000000000000000e-01 1.570515777087286757e+01
-5.000000000000000000e-01 1.570515772385601494e+01
-5.000000000000000000e-01 1.569341547954618754e+01
-5.000000000000000000e-01 1.569341544614731454e+01
-5.000000000000000000e-01 1.555127441569645974e+01
-5.000000000000000000e-01 1.555127440309929376e+01
-5.000000000000000000e-01 1.552773820847544606e+01
-5.000000000000000000e-01 1.552773813957226778e+01
-5.000000000000000000e-01 1.535308834849004533e+01
-5.000000000000000000e-01 1.535308828752880927e+01
-5.000000000000000000e-01 1.531579528678097013e+01
-5.000000000000000000e-01 1.531579528180387939e+01
-5.000000000000000000e-01 1.517868298747397837e+01
-5.000000000000000000e-01 1.517868298400246729e+01
-5.000000000000000000e-01 1.500452505284995119e+01
-5.000000000000000000e-01 1.500452502514188247e+01
-5.000000000000000000e-01 1.499204003977273736e+01
-5.000000000000000000e-01 1.499204002104980660e+01
-5.000000000000000000e-01 1.486014098770839276e+01
-5.000000000000000000e-01 1.486014093027574567e+01
-5.000000000000000000e-01 1.473562100713182588e+01
-5.000000000000000000e-01 1.473562096645360242e+01
-5.000000000000000000e-01 1.472459947632891364e+01
-5.000000000000000000e-01 1.472459946530635300e+01
-5.000000000000000000e-01 1.463003682604726841e+01
-5.000000000000000000e-01 1.463003680799686101e+01
-5.000000000000000000e-01 1.451122854628841452e+01
-5.000000000000000000e-01 1.451122852358156479e+01
-5.000000000000000000e-01 1.439795326145998899e+01
-5.000000000000000000e-01 1.439795325350898558e+01
-5.000000000000000000e-01 1.414521225496603485e+01
-5.000000000000000000e-01 1.414521223273496631e+01
-5.000000000000000000e-01 1.408989754926331983e+01
-5.000000000000000000e-01 1.408989752355417302e+01
-5.000000000000000000e-01 1.382944581003810391e+01
-5.000000000000000000e-01 1.382944580688585745e+01
-5.000000000000000000e-01 1.380192738608875125e+01
-5.000000000000000000e-01 1.380192738455540891e+01
-5.000000000000000000e-01 1.372355303105643287e+01
-5.000000000000000000e-01 1.372355302173974856e+01
-5.000000000000000000e-01 1.363435347775341100e+01
-5.000000000000000000e-01 1.363435346812026694e+01
-5.000000000000000000e-01 1.360958578418547482e+01
-5.000000000000000000e-01 1.360958573828238372e+01
-5.000000000000000000e-01 1.343328562290180095e+01
-5.000000000000000000e-01 1.343328561744743155e+01
-5.000000000000000000e-01 1.342458209559875115e+01
-5.000000000000000000e-01 1.342458208643671469e+01
-5.000000000000000000e-01 1.328370671669251912e+01
-5.000000000000000000e-01 1.328370667155300922e+01
-5.000000000000000000e-01 1.315180570887969402e+01
-5.000000000000000000e-01 1.315180569904648422e+01
-5.000000000000000000e-01 1.294689745316473584e+01
-5.000000000000000000e-01 1.294689745158109950e+01
-5.000000000000000000e-01 1.280295147039398884e+01
-5.000000000000000000e-01 1.280295139884310451e+01
-5.000000000000000000e-01 1.268420298115652756e+01
-5.000000000000000000e-01 1.268420297342004943e+01
-5.000000000000000000e-01 1.259951397953691554e+01
-5.000000000000000000e-01 1.259951392188102126e+01
-5.000000000000000000e-01 1.229961197542795759e+01
-5.000000000000000000e-01 1.229961192017904636e+01
-5.000000000000000000e-01 1.176550666148862234e+01
-5.000000000000000000e-01 1.176550663473326885e+01
-5.000000000000000000e-01 1.169629826006662121e+01
-5.000000000000000000e-01 1.169629820890708416e+01
-5.000000000000000000e-01 1.134969776842097744e+01
-5.000000000000000000e-01 1.134969776293259613e+01
-5.000000000000000000e-01 1.125242808980770093e+01
-5.000000000000000000e-01 1.125242804211580250e+01
-5.000000000000000000e-01 1.102088635169943132e+01
-5.000000000000000000e-01 1.102088634785761379e+01
-5.000000000000000000e-01 1.079428959622239859e+01
-5.000000000000000000e-01 1.079428957609194484e+01
-5.000000000000000000e-01 1.073767036296769994e+01
-5.000000000000000000e-01 1.073767032891155893e+01
-5.000000000000000000e-01 9.817009854371736566e+00
-5.000000000000000000e-01 9.817009821185008533e+00
-5.000000000000000000e-01 8.646788746667517955e+00
-5.000000000000000000e-01 8.646788743372049169e+00
-5.000000000000000000e-01 8.479288612976743522e+00
-5.000000000000000000e-01 8.479288612948952419e+00
-5.000000000000000000e-01 7.354005427734890077e+00
-5.000000000000000000e-01 7.354005346310849234e+00
-5.000000000000000000e-01 5.675795223551840074e+00
-5.000000000000000000e-01 5.675795082803758440e+00
0.000000000000000000e+00 1.536791127401689927e+01
0.000000000000000000e+00 1.533215428342075626e+01
0.000000000000000000e+00 1.523491425120551135e+01
0.000000000000000000e+00 1.516583219952029360e+01
0.000000000000000000e+00 1.516490265537835036e+01
0.000000000000000000e+00 1.514649658102376684e+01
0.000000000000000000e+00 1.514649657850260134e+01
0.000000000000000000e+00 1.493019896383429845e+01
0.000000000000000000e+00 1.491170719252804489e+01
0.000000000000000000e+00 1.478105107157109543e+01
0.000000000000000000e+00 1.478105104591315389e+01
0.000000000000000000e+00 1.474167803829039691e+01
0.000000000000000000e+00 1.474167802595672683e+01
0.000000000000000000e+00 1.473695456746220245e+01
0.000000000000000000e+00 1.470311140026643670e+01
0.000000000000000000e+00 1.448506341664052677e+01
0.000000000000000000e+00 1.447333467686136288e+01
0.000000000000000000e+00 1.447333466657312862e+01
0.000000000000000000e+00 1.443878498195845772e+01
0.000000000000000000e+00 1.442328593188402586e+01
0.000000000000000000e+00 1.442328591720503539e+01
0.000000000000000000e+00 1.435334545482599289e+01
0.000000000000000000e+00 1.435334543695631027e+01
0.000000000000000000e+00 1.435200333524699801e+01
0.000000000000000000e+00 1.434049048200647469e+01
0.000000000000000000e+00 1.432618858048738630e+01
0.000000000000000000e+00 1.429343720790489947e+01
0.000000000000000000e+00 1.429343720647250926e+01
0.000000000000000000e+00 1.410912112663442741e+01
0.000000000000000000e+00 1.410912108881130322e+01
0.000000000000000000e+00 1.409503845206171135e+01
0.000000000000000000e+00 1.409237319470863170e+01
0.000000000000000000e+00 1.409237317947920864e+01
0.000000000000000000e+00 1.399505927561218144e+01
0.000000000000000000e+00 1.398686212813743346e+01
0.000000000000000000e+00 1.389211519136211948e+01
0.000000000000000000e+00 1.389211516043788919e+01
0.000000000000000000e+00 1.374903644288892757e+01
0.000000000000000000e+00 1.374231644442703981e+01
0.000000000000000000e+00 1.374231643328290886e+01
0.000000000000000000e+00 1.371985868044861689e+01
0.000000000000000000e+00 1.360368599420984026e+01
0.000000000000000000e+00 1.344940263744461895e+01
0.000000000000000000e+00 1.344940261219322153e+01
0.000000000000000000e+00 1.344125473373679647e+01
0.000000000000000000e+00 1.334487739700710485e+01
0.000000000000000000e+00 1.334487739423329522e+01
0.000000000000000000e+00 1.330200808454593542e+01
0.000000000000000000e+00 1.321748312779386403e+01
0.000000000000000000e+00 1.314065357746406448e+01
0.000000000000000000e+00 1.310050587482560047e+01
0.000000000000000000e+00 1.310050582062324231e+01
0.000000000000000000e+00 1.308270169459050969e+01
0.000000000000000000e+00 1.308270166321919703e+01
0.000000000000000000e+00 1.305013497050919824e+01
0.000000000000000000e+00 1.304283692669030792e+01
0.000000000000000000e+00 1.304283689777542499e+01
0.000000000000000000e+00 1.303810960164125632e+01
0.000000000000000000e+00 1.284403137113314131e+01
0.000000000000000000e+00 1.284403136146751478e+01
0.000000000000000000e+00 1.280251942562377820e+01
0.000000000000000000e+00 1.278368202824925781e+01
0.000000000000000000e+00 1.278368201495598022e+01
0.000000000000000000e+00 1.271004924037291239e+01
0.000000000000000000e+00 1.248446904551551739e+01
0.000000000000000000e+00 1.235261545566223695e+01
0.000000000000000000e+00 1.228522562825390985e+01
0.000000000000000000e+00 1.212566134158318576e+01
0.000000000000000000e+00 1.212453017692063462e+01
0.000000000000000000e+00 1.212453015596375039e+01
0.000000000000000000e+00 1.196396965491223696e+01
0.000000000000000000e+00 1.185011784886010844e+01
0.000000000000000000e+00 1.185011784643363342e+01
0.000000000000000000e+00 1.164329469803427664e+01
0.000000000000000000e+00 1.155196139685876311e+01
0.000000000000000000e+00 1.155196130833794932e+01
0.000000000000000000e+00 1.137193260650804660e+01
0.000000000000000000e+00 1.118803631177904734e+01
0.000000000000000000e+00 1.110950794377394857e+01
0.000000000000000000e+00 1.108614128123980613e+01
0.000000000000000000e+00 1.088321299230735661e+01
0.000000000000000000e+00 1.088321297077208882e+01
0.000000000000000000e+00 1.058476970055749078e+01
0.000000000000000000e+00 1.033572787331012677e+01
0.000000000000000000e+00 1.033572771706038118e+01
0.000000000000000000e+00 9.745891835157735272e+00
0.000000000000000000e+00 9.557842885826485002e+00
0.000000000000000000e+00 9.368889299896100198e+00
0.000000000000000000e+00 9.368889288148345429e+00
0.000000000000000000e+00 9.342778914038822435e+00
0.000000000000000000e+00 9.276198356617422647e+00
0.000000000000000000e+00 8.550779721825453095e+00
0.000000000000000000e+00 8.550779678203987544e+00
0.000000000000000000e+00 7.220372133399220793e+00
0.000000000000000000e+00 7.058457654424140415e+00
0.000000000000000000e+00 7.002259109829674699e+00
0.000000000000000000e+00 7.002259081654215400e+00
0.000000000000000000e+00 6.846955612513941247e+00
0.000000000000000000e+00 5.906385182868350903e+00
0.000000000000000000e+00 7.319459190279689609e-02
5.000000000000000000e-01 1.541842726100242267e+01
5.000000000000000000e-01 1.541842724997235692e+01
5.000000000000000000e-01 1.535925076687421331e+01
5.000000000000000000e-01 1.535925075855718624e+01
5.000000000000000000e-01 1.533768827483208241e+01
5.000000000000000000e-01 1.533768825346560583e+01
5.000000000000000000e-01 1.529218736855015948e+01
5.000000000000000000e-01 1.529218733646776762e+01
5.000000000000000000e-01 1.524553249743843431e+01
5.000000000000000000e-01 1.524553249558267964e+01
5.000000000000000000e-01 1.519270070599517197e+01
5.000000000000000000e-01 1.519270069631375364e+01
5.000000000000000000e-01 1.513843460372116567e+01
5.000000000000000000e-01 1.513843456620734074e+01
5.000000000000000000e-01 1.502515453995521533e+01
5.000000000000000000e-01 1.502515451092524756e+01
5.000000000000000000e-01 1.498746871210609832e+01
5.000000000000000000e-01 1.498746870135367182e+01
5.000000000000000000e-01 1.469368725571520073e+01
5.000000000000000000e-01 1.469368725090603256e+01
5.000000000000000000e-01 1.466614062973527943e+01
5.000000000000000000e-01 1.466614062037827715e+01
5.000000000000000000e-01 1.459956579753895767e+01
5.000000000000000000e-01 1.459956579073002381e+01
5.000000000000000000e-01 1.454719688262987631e+01
5.000000000000000000e-01 1.454719683739914338e+01
5.000000000000000000e-01 1.445575613934720494e+01
5.000000000000000000e-01 1.445575613850479257e+01
5.000000000000000000e-01 1.428349357512770723e+01
5.000000000000000000e-01 1.428349355066346682e+01
5.000000000000000000e-01 1.413919961059891328e+01
5.000000000000000000e-01 1.413919958266974675e+01
5.000000000000000000e-01 1.401452208663951104e+01
5.000000000000000000e-01 1.401452206957042179e+01
5.000000000000000000e-01 1.393298397233645325e+01
5.000000000000000000e-01 1.393298391190352525e+01
5.000000000000000000e-01 1.389735396228769382e+01
5.000000000000000000e-01 1.389735392638139544e+01
5.000000000000000000e-01 1.388343699388539676e+01
5.000000000000000000e-01 1.388343699150888355e+01
5.000000000000000000e-01 1.378265204158071455e+01
5.000000000000000000e-01 1.378265202503594722e+01
5.000000000000000000e-01 1.370669223525805158e+01
5.000000000000000000e-01 1.370669222749118887e+01
5.000000000000000000e-01 1.367559840452010356e+01
5.000000000000000000e-01 1.367559836378586446e+01
5.000000000000000000e-01 1.360592187668482644e+01
5.000000000000000000e-01 1.360592182140643658e+01
5.000000000000000000e-01 1.346934272758256590e+01
5.000000000000000000e-01 1.346934268925676292e+01
5.000000000000000000e-01 1.335148814019271413e+01
5.000000000000000000e-01 1.335148810515049789e+01
5.000000000000000000e-01 1.322995987462298118e+01
5.000000000000000000e-01 1.322995980872592803e+01
5.000000000000000000e-01 1.306770141373956839e+01
5.000000000000000000e-01 1.306770140228187138e+01
5.000000000000000000e-01 1.292369201604141438e+01
5.000000000000000000e-01 1.292369197362692468e+01
5.000000000000000000e-01 1.260257408315609240e+01
5.000000000000000000e-01 1.260257408203377061e+01
5.000000000000000000e-01 1.258023132717630155e+01
5.000000000000000000e-01 1.258023129831786591e+01
5.000000000000000000e-01 1.245124904735966709e+01
5.000000000000000000e-01 1.245124902778167808e+01
5.000000000000000000e-01 1.227617566635404955e+01
5.000000000000000000e-01 1.227617562329306189e+01
5.000000000000000000e-01 1.209093655922557176e+01
5.000000000000000000e-01 1.209093655063687933e+01
5.000000000000000000e-01 1.203175554424933758e+01
5.000000000000000000e-01 1.203175554294366734e+01
5.000000000000000000e-01 1.191682100215558648e+01
5.000000000000000000e-01 1.191682098536208656e+01
5.000000000000000000e-01 1.169683429187373847e+01
5.000000000000000000e-01 1.169683422656898841e+01
5.000000000000000000e-01 1.158621230969662541e+01
5.000000000000000000e-01 1.158621230735512420e+01
5.000000000000000000e-01 1.136797432620091364e+01
5.000000000000000000e-01 1.136797429312423624e+01
5.000000000000000000e-01 1.123401579010534235e+01
5.000000000000000000e-01 1.123401576120920886e+01
5.000000000000000000e-01 1.050020093336736871e+01
5.000000000000000000e-01 1.050020089269818513e+01
5.000000000000000000e-01 1.007516368297477705e+01
5.000000000000000000e-01 1.007516367733304996e+01
5.000000000000000000e-01 9.770644539375082260e+00
5.000000000000000000e-01 9.770644508551288965e+00
5.000000000000000000e-01 9.701194737614521557e+00
5.000000000000000000e-01 9.701194734531087605e+00
5.000000000000000000e-01 9.172018228121805450e+00
5.000000000000000000e-01 9.172018207141096724e+00
5.000000000000000000e-01 8.350455935205948421e+00
5.000000000000000000e-01 8.350455908920180192e+00
5.000000000000000000e-01 8.113191795875769330e+00
5.000000000000000000e-01 8.113191721536418655e+00
5.000000000000000000e-01 8.023825007609518778e+00
5.000000000000000000e-01 8.023824928306783733e+00
5.000000000000000000e-01 6.228588106356031773e+00
5.000000000000000000e-01 6.228588035974238046e+00
5.000000000000000000e-01 5.607604160798449477e+00
5.000000000000000000e-01 5.607604081796528028e+00
1.000000000000000000e+00 1.588222746714403044e+01
1.000000000000000000e+00 1.581271553211415792e+01
1.000000000000000000e+00 1.575648588084115964e+01
1.000000000000000000e+00 1.575648587774783849e+01
1.000000000000000000e+00 1.573387320905984943e+01
1.000000000000000000e+00 1.562084470153696891e+01
1.000000000000000000e+00 1.562084470153696891e+01
1.000000000000000000e+00 1.549235841608888542e+01
1.000000000000000000e+00 1.545841026311111754e+01
1.000000000000000000e+00 1.539298019363354619e+01
1.000000000000000000e+00 1.539298004524320440e+01
1.000000000000000000e+00 1.538413554692331964e+01
1.000000000000000000e+00 1.538413552027772546e+01
1.000000000000000000e+00 1.525703882105269216e+01
1.000000000000000000e+00 1.525703878163081662e+01
1.000000000000000000e+00 1.521787799338112634e+01
1.000000000000000000e+00 1.521435893199445388e+01
1.000000000000000000e+00 1.513387353146481829e+01
1.000000000000000000e+00 1.503305256031946691e+01
1.000000000000000000e+00 1.502500734652634939e+01
1.000000000000000000e+00 1.502500734578210029e+01
1.000000000000000000e+00 1.491402796522807783e+01
1.000000000000000000e+00 1.489904521728913700e+01
1.000000000000000000e+00 1.478820067492708468e+01
1.000000000000000000e+00 1.478634666841618994e+01
1.000000000000000000e+00 1.478634665493287059e+01
1.000000000000000000e+00 1.478521305478829362e+01
1.000000000000000000e+00 1.476960418173510803e+01
1.000000000000000000e+00 1.476960417769962142e+01
1.000000000000000000e+00 1.475370154893035668e+01
1.000000000000000000e+00 1.475370154495853647e+01
1.000000000000000000e+00 1.465665521046306985e+01
1.000000000000000000e+00 1.462601866145266349e+01
1.000000000000000000e+00 1.457961164927293396e+01
1.000000000000000000e+00 1.453312461803137623e+01
1.000000000000000000e+00 1.451907279959964470e+01
1.000000000000000000e+00 1.451907277132911389e+01
1.000000000000000000e+00 1.426412333508080366e+01
1.000000000000000000e+00 1.426412332882125966e+01
1.000000000000000000e+00 1.401766098036387476e+01
1.000000000000000000e+00 1.401766097900492447e+01
1.000000000000000000e+00 1.401483778757408238e+01
1.000000000000000000e+00 1.399176368676175919e+01
1.000000000000000000e+00 1.388017589336066138e+01
1.000000000000000000e+00 1.378941743841399514e+01
1.000000000000000000e+00 1.364725202365439749e+01
1.000000000000000000e+00 1.364725200958006646e+01
1.000000000000000000e+00 1.357158278017903363e+01
1.000000000000000000e+00 1.350456736223036991e+01
1.000000000000000000e+00 1.339391215079761466e+01
1.000000000000000000e+00 1.330336617732612048e+01
1.000000000000000000e+00 1.330336611359460441e+01
1.000000000000000000e+00 1.323907805645385238e+01
1.000000000000000000e+00 1.282784398612862198e+01
1.000000000000000000e+00 1.274121318366888644e+01
1.000000000000000000e+00 1.260490440845716265e+01
1.000000000000000000e+00 1.260490439833269782e+01
1.000000000000000000e+00 1.251502121859382299e+01
1.000000000000000000e+00 1.247796236353277877e+01
1.000000000000000000e+00 1.247796235956945665e+01
1.000000000000000000e+00 1.245570505095249558e+01
1.000000000000000000e+00 1.238558209493935003e+01
1.000000000000000000e+00 1.236373897807684052e+01
1.000000000000000000e+00 1.236373897506125275e+01
1.000000000000000000e+00 1.236032960213809417e+01
1.000000000000000000e+00 1.236032959084222504e+01
1.000000000000000000e+00 1.233336567816680684e+01
1.000000000000000000e+00 1.233336567448487564e+01
1.000000000000000000e+00 1.228598100348353661e+01
1.000000000000000000e+00 1.227879189708590069e+01
1.000000000000000000e+00 1.190134495290183203e+01
1.000000000000000000e+00 1.190134492955552581e+01
1.000000000000000000e+00 1.185865338834602234e+01
1.000000000000000000e+00 1.175981511896518050e+01
1.000000000000000000e+00 1.165331376801693786e+01
1.000000000000000000e+00 1.165331372072179938e+01
1.000000000000000000e+00 1.158341812906205170e+01
1.000000000000000000e+00 1.155125119992368710e+01
1.000000000000000000e+00 1.130590922998934289e+01
1.000000000000000000e+00 1.123926706643122309e+01
1.000000000000000000e+00 1.104389728114281866e+01
1.000000000000000000e+00 1.104389726791827187e+01
1.000000000000000000e+00 1.074964724132936311e+01
1.000000000000000000e+00 1.074384084558066554e+01
1.000000000000000000e+00 1.057697539962917155e+01
1.000000000000000000e+00 1.057697537378557229e+01
1.000000000000000000e+00 1.048097968880640529e+01
1.000000000000000000e+00 9.940530816519697055e+00
1.000000000000000000e+00 9.669637981626761913e+00
1.000000000000000000e+00 9.669637870697119553e+00
1.000000000000000000e+00 9.241136176525291290e+00
1.000000000000000000e+00 9.241136072263158141e+00
1.000000000000000000e+00 9.183586047674067387e+00
1.000000000000000000e+00 9.114062256527574846e+00
1.000000000000000000e+00 9.114062217948351474e+00
1.000000000000000000e+00 9.096625619150961128e+00
1.000000000000000000e+00 8.978421593892976560e+00
1.000000000000000000e+00 7.709402807099222876e+00
1.000000000000000000e+00 6.565203991942665240e+00
1.000000000000000000e+00 5.032267291730988745e+00
1.500000000000000000e+00 1.613024903943136579e+01
1.500000000000000000e+00 1.613024902594578691e+01
1.500000000000000000e+00 1.608588509715143999e+01
1.500000000000000000e+00 1.608588505845029104e+01
1.500000000000000000e+00 1.581932652129907879e+01
1.500000000000000000e+00 1.581932651471118767e+01
1.500000000000000000e+00 1.579612045440230972e+01
1.500000000000000000e+00 1.579612043831037838e+01
1.500000000000000000e+00 1.561965807340520662e+01
1.500000000000000000e+00 1.561965807070745704e+01
1.500000000000000000e+00 1.557402289977386900e+01
1.500000000000000000e+00 1.557402280569864139e+01
1.500000000000000000e+00 1.541451781604972560e+01
1.500000000000000000e+00 1.541451780726010412e+01
1.500000000000000000e+00 1.538364855315146684e+01
1.500000000000000000e+00 1.538364852012701789e+01
1.500000000000000000e+00 1.529202568150006236e+01
1.500000000000000000e+00 1.529202567469580742e+01
1.500000000000000000e+00 1.527430193867025210e+01
1.500000000000000000e+00 1.527430193676033277e+01
1.500000000000000000e+00 1.523457280940401581e+01
1.500000000000000000e+00 1.523457279747308135e+01
1.500000000000000000e+00 1.523282213439839161e+01
1.500000000000000000e+00 1.523282208950660532e+01
1.500000000000000000e+00 1.493850476980790276e+01
1.500000000000000000e+00 1.493850476639502745e+01
1.500000000000000000e+00 1.492253952718984422e+01
1.500000000000000000e+00 1.492253950434986365e+01
1.500000000000000000e+00 1.490535951629310318e+01
1.500000000000000000e+00 1.490535949780409375e+01
1.500000000000000000e+00 1.471636385862619001e+01
1.500000000000000000e+00 1.471636384550760290e+01
1.500000000000000000e+00 1.465083599980862417e+01
1.500000000000000000e+00 1.465083597677140936e+01
1.500000000000000000e+00 1.464763880088673531e+01
1.500000000000000000e+00 1.464763878098488092e+01
1.500000000000000000e+00 1.425282049077336666e+01
1.500000000000000000e+00 1.425282044401057746e+01
1.500000000000000000e+00 1.423104245138277513e+01
1.500000000000000000e+00 1.423104242783220208e+01
1.500000000000000000e+00 1.422573065224915112e+01
1.500000000000000000e+00 1.422573063886297540e+01
1.500000000000000000e+00 1.417140056996635344e+01
1.500000000000000000e+00 1.417140056077458077e+01
1.500000000000000000e+00 1.414296833678425003e+01
1.500000000000000000e+00 1.414296832630977541e+01
1.500000000000000000e+00 1.398833456135224829e+01
1.500000000000000000e+00 1.398833455607355170e+01
1.500000000000000000e+00 1.388235716994374158e+01
1.500000000000000000e+00 1.388235715570004913e+01
1.500000000000000000e+00 1.367353971497537479e+01
1.500000000000000000e+00 1.367353960920710776e+01
1.500000000000000000e+00 1.354563381818549672e+01
1.500000000000000000e+00 1.354563375630880273e+01
1.500000000000000000e+00 1.336934760541198308e+01
1.500000000000000000e+00 1.336934759404188888e+01
1.500000000000000000e+00 1.326868504098814405e+01
1.500000000000000000e+00 1.326868499973453552e+01
1.500000000000000000e+00 1.313791706832052952e+01
1.500000000000000000e+00 1.313791706178029983e+01
1.500000000000000000e+00 1.311630835429412301e+01
1.500000000000000000e+00 1.311630832229201715e+01
1.500000000000000000e+00 1.306003232438613360e+01
1.500000000000000000e+00 1.306003232083947729e+01
1.500000000000000000e+00 1.271419449238172916e+01
1.500000000000000000e+00 1.271419440845405724e+01
1.500000000000000000e+00 1.241697129147857126e+01
1.500000000000000000e+00 1.241697127453438121e+01
1.500000000000000000e+00 1.237542513083985085e+01
1.500000000000000000e+00 1.237542507592123719e+01
1.500000000000000000e+00 1.211341661261880276e+01
1.500000000000000000e+00 1.211341660140610799e+01
1.500000000000000000e+00 1.204280300044131202e+01
1.500000000000000000e+00 1.204280299191676029e+01
1.500000000000000000e+00 1.178534908258835578e+01
1.500000000000000000e+00 1.178534907457000713e+01
1.500000000000000000e+00 1.177963800845462394e+01
1.500000000000000000e+00 1.177963799082773910e+01
1.500000000000000000e+00 1.160384304104754349e+01
1.500000000000000000e+00 1.160384297276301524e+01
1.500000000000000000e+00 1.132434826967677743e+01
1.500000000000000000e+00 1.132434819397204429e+01
1.500000000000000000e+00 1.122903992128117068e+01
1.500000000000000000e+00 1.122903984624830898e+01
1.500000000000000000e+00 1.084658697709052966e+01
1.500000000000000000e+00 1.084658692466683938e+01
1.500000000000000000e+00 1.067716516711553787e+01
1.500000000000000000e+00 1.067716511888132480e+01
1.500000000000000000e+00 1.042123850220656855e+01
1.500000000000000000e+00 1.042123845865169152e+01
1.500000000000000000e+00 1.027119821276150446e+01
1.500000000000000000e+00 1.027119820881015322e+01
1.500000000000000000e+00 9.530245379994221722e+00
1.500000000000000000e+00 9.530245370755842771e+00
1.500000000000000000e+00 7.536420449412863043e+00
1.500000000000000000e+00 7.536420435095589454e+00
1.500000000000000000e+00 6.979093705811773241e+00
1.500000000000000000e+00 6.979093701532662841e+00
1.500000000000000000e+00 5.193991886310135975e+00
1.500000000000000000e+00 5.193991870841754732e+00
2.000000000000000000e+00 1.683084112461934367e+01
2.000000000000000000e+00 1.670760485507040016e+01
2.000000000000000000e+00 1.670760483505193150e+01
2.000000000000000000e+00 1.661411280132809054e+01
2.000000000000000000e+00 1.660677885329020853e+01
2.000000000000000000e+00 1.660677883157200441e+01
2.000000000000000000e+00 1.650472946616867276e+01
2.000000000000000000e+00 1.650472944982599799e+01
2.000000000000000000e+00 1.648039663676749811e+01
2.000000000000000000e+00 1.632924098799499646e+01
2.000000000000000000e+00 1.621364024438375040e+01
2.000000000000000000e+00 1.610022443891646660e+01
2.000000000000000000e+00 1.606936600819671668e+01
2.000000000000000000e+00 1.595336663016213485e+01
2.000000000000000000e+00 1.595336661321322325e+01
2.000000000000000000e+00 1.594165150076293713e+01
2.000000000000000000e+00 1.594165147470502930e+01
2.000000000000000000e+00 1.591213030246970206e+01
2.000000000000000000e+00 1.583244300603451649e+01
2.000000000000000000e+00 1.578784752804743619e+01
2.000000000000000000e+00 1.578784751049214741e+01
2.000000000000000000e+00 1.568577754924669954e+01
2.000000000000000000e+00 1.557700778163907174e+01
2.000000000000000000e+00 1.535386116077195418e+01
2.000000000000000000e+00 1.535386115973791377e+01
2.000000000000000000e+00 1.534825231165332227e+01
2.000000000000000000e+00 1.520952934813399793e+01
2.000000000000000000e+00 1.513394783539972721e+01
2.000000000000000000e+00 1.513394781299219538e+01
2.000000000000000000e+00 1.504155395173659926e+01
2.000000000000000000e+00 1.496406874804226739e+01
2.000000000000000000e+00 1.496406873893902478e+01
2.000000000000000000e+00 1.494737343658393058e+01
2.000000000000000000e+00 1.491580333159677352e+01
2.000000000000000000e+00 1.491580332959501121e+01
2.000000000000000000e+00 1.486191036568088109e+01
2.000000000000000000e+00 1.472160447366284863e+01
2.000000000000000000e+00 1.464472450591520136e+01
2.000000000000000000e+00 1.464472449624764216e+01
2.000000000000000000e+00 1.463347259563783709e+01
2.000000000000000000e+00 1.459922517103187722e+01
2.000000000000000000e+00 1.443797406716418763e+01
2.000000000000000000e+00 1.442635069655824687e+01
2.000000000000000000e+00 1.442635067201816668e+01
2.000000000000000000e+00 1.435129955756661602e+01
2.000000000000000000e+00 1.433934081274840189e+01
2.000000000000000000e+00 1.415284373669723017e+01
2.000000000000000000e+00 1.415284357522067182e+01
2.000000000000000000e+00 1.410242517157979414e+01
2.000000000000000000e+00 1.407694696896477815e+01
2.000000000000000000e+00 1.407694695944789842e+01
2.000000000000000000e+00 1.391710906103321932e+01
2.000000000000000000e+00 1.391710903276738875e+01
2.000000000000000000e+00 1.389923092500487734e+01
2.000000000000000000e+00 1.386073144414680769e+01
2.000000000000000000e+00 1.376590522972847808e+01
2.000000000000000000e+00 1.376590513570054419e+01
2.000000000000000000e+00 1.373723746675526236e+01
2.000000000000000000e+00 1.368178282703140702e+01
2.000000000000000000e+00 1.368178279478576087e+01
2.000000000000000000e+00 1.362008265166903875e+01
2.000000000000000000e+00 1.362008260601208143e+01
2.000000000000000000e+00 1.346070355829059828e+01
2.000000000000000000e+00 1.344088703643495641e+01
2.000000000000000000e+00 1.331998027130752860e+01
2.000000000000000000e+00 1.331998025223302484e+01
2.000000000000000000e+00 1.324566005057656071e+01
2.000000000000000000e+00 1.319735400509559575e+01
2.000000000000000000e+00 1.319735384414206969e+01
2.000000000000000000e+00 1.301791912693211728e+01
2.000000000000000000e+00 1.293824723981397540e+01
2.000000000000000000e+00 1.256634938249558253e+01
2.000000000000000000e+00 1.256255446156002975e+01
2.000000000000000000e+00 1.243777484758210328e+01
2.000000000000000000e+00 1.243777484114344922e+01
2.000000000000000000e+00 1.243677748727748344e+01
2.000000000000000000e+00 1.227510552852957204e+01
2.000000000000000000e+00 1.198147526005134900e+01
2.000000000000000000e+00 1.198147506112236904e+01
2.000000000000000000e+00 1.191740199037275794e+01
2.000000000000000000e+00 1.153907783226083161e+01
2.000000000000000000e+00 1.153907768777715859e+01
2.000000000000000000e+00 1.127016434991827865e+01
2.000000000000000000e+00 1.095997362043198464e+01
2.000000000000000000e+00 1.095997360736510551e+01
2.000000000000000000e+00 1.089087952644507951e+01
2.000000000000000000e+00 1.086264589801784197e+01
2.000000000000000000e+00 1.022000914294968510e+01
2.000000000000000000e+00 9.805962469380915536e+00
2.000000000000000000e+00 9.805962427454968378e+00
2.000000000000000000e+00 9.780021779124423276e+00
2.000000000000000000e+00 9.651345005220596462e+00
2.000000000000000000e+00 9.569544520927328435e+00
2.000000000000000000e+00 9.569544423023224056e+00
2.000000000000000000e+00 8.562760784215710075e+00
2.000000000000000000e+00 7.825106503095747179e+00
2.000000000000000000e+00 7.471348709918939512e+00
2.000000000000000000e+00 7.471348639223486465e+00
2.000000000000000000e+00 7.384194929896943371e+00
2.000000000000000000e+00 6.536670389974582385e+00
2.500000000000000000e+00 1.858491863454209536e+01
2.500000000000000000e+00 1.858491860837425946e+01
2.500000000000000000e+00 1.843940174129711096e+01
2.500000000000000000e+00 1.843940169604897861e+01
2.500000000000000000e+00 1.832235911970110109e+01
2.500000000000000000e+00 1.832235905932557785e+01
2.500000000000000000e+00 1.808655409283610638e+01
2.500000000000000000e+00 1.808655401334823765e+01
2.500000000000000000e+00 1.794845791219086450e+01
2.500000000000000000e+00 1.794845787064979348e+01
2.500000000000000000e+00 1.791991558740265233e+01
2.500000000000000000e+00 1.791991553357311417e+01
2.500000000000000000e+00 1.774305569069218436e+01
2.500000000000000000e+00 1.774305565686447039e+01
2.500000000000000000e+00 1.769744849574671619e+01
2.500000000000000000e+00 1.769744845265394417e+01
2.500000000000000000e+00 1.761297936968920297e+01
2.500000000000000000e+00 1.761297926078299270e+01
2.500000000000000000e+00 1.739001833313291101e+01
2.500000000000000000e+00 1.739001829352342199e+01
2.500000000000000000e+00 1.731540103007642983e+01
2.500000000000000000e+00 1.731540100066722232e+01
2.500000000000000000e+00 1.728127982027390885e+01
2.500000000000000000e+00 1.728127981316824702e+01
2.500000000000000000e+00 1.715512306233717155e+01
2.500000000000000000e+00 1.715512304981021785e+01
2.500000000000000000e+00 1.711585532265666743e+01
2.500000000000000000e+00 1.711585526243375810e+01
2.500000000000000000e+00 1.705034932037948892e+01
2.500000000000000000e+00 1.705034929217729811e+01
2.500000000000000000e+00 1.673482995440378573e+01
2.500000000000000000e+00 1.673482992560444416e+01
2.500000000000000000e+00 1.664198295627358704e+01
2.500000000000000000e+00 1.664198291128080953e+01
2.500000000000000000e+00 1.643304737302982943e+01
2.500000000000000000e+00 1.643304733652055205e+01
2.500000000000000000e+00 1.642738914333602196e+01
2.500000000000000000e+00 1.642738901324925749e+01
2.500000000000000000e+00 1.631304239532910927e+01
2.500000000000000000e+00 1.631304237104360766e+01
2.500000000000000000e+00 1.628985570227956359e+01
2.500000000000000000e+00 1.628985567591414352e+01
2.500000000000000000e+00 1.602656592510770039e+01
2.500000000000000000e+00 1.602656588660927639e+01
2.500000000000000000e+00 1.588871263527903288e+01
2.500000000000000000e+00 1.588871257702387574e+01
2.500000000000000000e+00 1.586797815520758625e+01
2.500000000000000000e+00 1.586797814483309566e+01
2.500000000000000000e+00 1.568665271488935353e+01
2.500000000000000000e+00 1.568665270912000231e+01
2.500000000000000000e+00 1.558583780575828825e+01
2.500000000000000000e+00 1.558583779793418067e+01
2.500000000000000000e+00 1.543234867118295739e+01
2.500000000000000000e+00 1.543234866335367172e+01
2.500000000000000000e+00 1.529103272946947634e+01
2.500000000000000000e+00 1.529103270616375276e+01
2.500000000000000000e+00 1.509161410172123752e+01
2.500000000000000000e+00 1.509161408422004591e+01
2.500000000000000000e+00 1.472389432517480401e+01
2.500000000000000000e+00 1.472389428497081632e+01
2.500000000000000000e+00 1.450539745797878588e+01
2.500000000000000000e+00 1.450539736015453052e+01
2.500000000000000000e+00 1.440561414985908861e+01
2.500000000000000000e+00 1.440561414585301492e+01
2.500000000000000000e+00 1.422893443029089156e+01
2.500000000000000000e+00 1.422893441350447752e+01
2.500000000000000000e+00 1.405777027893186037e+01
2.500000000000000000e+00 1.405777015727945134e+01
2.500000000000000000e+00 1.387995790514965933e+01
2.500000000000000000e+00 1.387995784475903527e+01
2.500000000000000000e+00 1.385544484042605440e+01
2.500000000000000000e+00 1.385544482817821965e+01
2.500000000000000000e+00 1.350831084200439669e+01
2.500000000000000000e+00 1.350831084118782321e+01
2.500000000000000000e+00 1.344814585164304610e+01
2.500000000000000000e+00 1.344814584902881016e+01
2.500000000000000000e+00 1.339593490741981974e+01
2.500000000000000000e+00 1.339593489983012731e+01
2.500000000000000000e+00 1.322023388820972833e+01
2.500000000000000000e+00 1.322023386972164793e+01
2.500000000000000000e+00 1.245695935752753591e+01
2.500000000000000000e+00 1.245695934160423413e+01
2.500000000000000000e+00 1.218626538970704409e+01
2.500000000000000000e+00 1.218626537442522206e+01
2.500000000000000000e+00 1.183473061418030525e+01
2.500000000000000000e+00 1.183473060388740628e+01
2.500000000000000000e+00 1.173500316873954041e+01
2.500000000000000000e+00 1.173500315396157667e+01
2.500000000000000000e+00 1.082043821951038431e+01
2.500000000000000000e+00 1.082043819546374230e+01
2.500000000000000000e+00 1.037927118772720547e+01
2.500000000000000000e+00 1.037927117040380942e+01
2.500000000000000000e+00 1.018730517733621532e+01
2.500000000000000000e+00 1.018730517351998266e+01
2.500000000000000000e+00 1.015896703034490933e+01
2.500000000000000000e+00 1.015896700615506631e+01
2.500000000000000000e+00 9.861747013715930876e+00
2.500000000000000000e+00 9.861746944312081098e+00
2.500000000000000000e+00 8.069307842860016677e+00
2.500000000000000000e+00 8.069307841799451708e+00
3.000000000000000000e+00 2.513000232109803278e+01
3.000000000000000000e+00 2.507423171030350062e+01
3.000000000000000000e+00 2.507421449015247816e+01
3.000000000000000000e+00 2.460375033189280813e+01
3.000000000000000000e+00 2.460373957440425130e+01
3.000000000000000000e+00 2.455876738117817482e+01
3.000000000000000000e+00 2.438375724465590011e+01
3.000000000000000000e+00 2.432880800928434439e+01
3.000000000000000000e+00 2.351322808178542445e+01
3.000000000000000000e+00 2.351322446681583500e+01
3.000000000000000000e+00 2.337259593759155507e+01
3.000000000000000000e+00 2.316110170794982182e+01
3.000000000000000000e+00 2.302029079341807360e+01
3.000000000000000000e+00 2.284622706711904527e+01
3.000000000000000000e+00 2.284622150102398308e+01
3.000000000000000000e+00 2.281733728652715953e+01
3.000000000000000000e+00 2.114143579628855818e+01
3.000000000000000000e+00 2.090002328258409392e+01
3.000000000000000000e+00 2.076657078939790679e+01
3.000000000000000000e+00 2.076657009378372010e+01
3.000000000000000000e+00 2.058812799416299910e+01
3.000000000000000000e+00 2.042064207529418240e+01
3.000000000000000000e+00 2.035359565597791587e+01
3.000000000000000000e+00 2.014301013983088140e+01
3.000000000000000000e+00 2.014300989124965824e+01
3.000000000000000000e+00 1.998557635613269667e+01
3.000000000000000000e+00 1.998557614376145608e+01
3.000000000000000000e+00 1.995426065377585445e+01
3.000000000000000000e+00 1.993597460582337888e+01
3.000000000000000000e+00 1.993597440372913709e+01
3.000000000000000000e+00 1.973131897420053704e+01
3.000000000000000000e+00 1.955694100209835895e+01
3.000000000000000000e+00 1.931702956223109879e+01
3.000000000000000000e+00 1.891052128018815282e+01
3.000000000000000000e+00 1.868098494635438556e+01
3.000000000000000000e+00 1.868098483112881425e+01
3.000000000000000000e+00 1.849362131771766116e+01
3.000000000000000000e+00 1.849362129383306197e+01
3.000000000000000000e+00 1.849362122217927862e+01
3.000000000000000000e+00 1.849362117441009090e+01
3.000000000000000000e+00 1.848288560740574482e+01
3.000000000000000000e+00 1.846262753923865318e+01
3.000000000000000000e+00 1.837552790345609566e+01
3.000000000000000000e+00 1.837552781855944062e+01
3.000000000000000000e+00 1.836179536089079534e+01
3.000000000000000000e+00 1.825376939984754188e+01
3.000000000000000000e+00 1.825376934347432822e+01
3.000000000000000000e+00 1.810617835158483757e+01
3.000000000000000000e+00 1.807504416406837322e+01
3.000000000000000000e+00 1.787653591376407647e+01
3.000000000000000000e+00 1.780922673825354963e+01
3.000000000000000000e+00 1.735044694493869954e+01
3.000000000000000000e+00 1.721254239712320100e+01
3.000000000000000000e+00 1.721254236395496306e+01
3.000000000000000000e+00 1.695827112074845289e+01
3.000000000000000000e+00 1.695827110531564230e+01
3.000000000000000000e+00 1.687207902313148367e+01
3.000000000000000000e+00 1.687207898537591433e+01
3.000000000000000000e+00 1.680643144665947020e+01
3.000000000000000000e+00 1.673636588320532681e+01
3.000000000000000000e+00 1.667441602124379330e+01
3.000000000000000000e+00 1.651190348153270548e+01
3.000000000000000000e+00 1.651190346178029955e+01
3.000000000000000000e+00 1.650783591521302185e+01
3.000000000000000000e+00 1.650639568681812364e+01
3.000000000000000000e+00 1.633973376389567633e+01
3.000000000000000000e+00 1.593532963242384071e+01
3.000000000000000000e+00 1.593532961947699356e+01
3.000000000000000000e+00 1.592773822105785086e+01
3.000000000000000000e+00 1.496796807113424954e+01
3.000000000000000000e+00 1.482469489442189570e+01
3.000000000000000000e+00 1.482469484690828843e+01
3.000000000000000000e+00 1.479825749812450120e+01
3.000000000000000000e+00 1.440819720640138435e+01
3.000000000000000000e+00 1.440323845080111553e+01
3.000000000000000000e+00 1.421999529275755947e+01
3.000000000000000000e+00 1.421999529109385740e+01
3.000000000000000000e+00 1.411868508290618429e+01
3.000000000000000000e+00 1.371605065421749714e+01
3.000000000000000000e+00 1.354266663194739095e+01
3.000000000000000000e+00 1.332018376976401974e+01
3.000000000000000000e+00 1.332018375163278812e+01
3.000000000000000000e+00 1.307395409421208043e+01
3.000000000000000000e+00 1.303419082469075008e+01
3.000000000000000000e+00 1.280088548691400874e+01
3.000000000000000000e+00 1.280088548095703160e+01
3.000000000000000000e+00 1.279814757527215896e+01
3.000000000000000000e+00 1.266261986331062239e+01
3.000000000000000000e+00 1.260218015953330450e+01
3.000000000000000000e+00 1.220206708367420845e+01
3.000000000000000000e+00 1.220206705647190226e+01
3.000000000000000000e+00 1.200722331632624318e+01
3.000000000000000000e+00 1.200722328523995230e+01
3.000000000000000000e+00 1.159290948046821867e+01
3.000000000000000000e+00 1.089602797629566666e+01
3.000000000000000000e+00 1.085229059757089942e+01
3.000000000000000000e+00 1.085229058690461734e+01
3.000000000000000000e+00 1.077348510628811162e+01
3.000000000000000000e+00 8.160230699326609383e+00
3.000000000000000000e+00 6.949210453166210222e+00
3.500000000000000000e+00 2.619185123944089710e+01
3.500000000000000000e+00 2.619185120040628689e+01
3.500000000000000000e+00 2.547289087003469987e+01
3.500000000000000000e+00 2.547289085438392320e+01
3.500000000000000000e+00 2.212560657257573737e+01
3.500000000000000000e+00 2.212560641936046935e+01
3.500000000000000000e+00 2.201427411296845804e+01
3.500000000000000000e+00 2.201427378970359783e+01
3.500000000000000000e+00 2.106528825961656892e+01
3.500000000000000000e+00 2.106528825108336989e+01
3.500000000000000000e+00 2.097534856323674646e+01
3.500000000000000000e+00 2.097534855867100845e+01
3.500000000000000000e+00 2.087902562140886786e+01
3.500000000000000000e+00 2.087902561939481316e+01
3.500000000000000000e+00 2.085181677532068889e+01
3.500000000000000000e+00 2.085181676387104943e+01
3.500000000000000000e+00 1.986517938291280672e+01
3.500000000000000000e+00 1.986517933610998199e+01
3.500000000000000000e+00 1.931136460596321314e+01
3.500000000000000000e+00 1.931136457844111476e+01
3.500000000000000000e+00 1.919215464186383002e+01
3.500000000000000000e+00 1.919215463028129420e+01
3.500000000000000000e+00 1.918393334368168368e+01
3.500000000000000000e+00 1.918393333163086467e+01
3.500000000000000000e+00 1.906065620925409831e+01
3.500000000000000000e+00 1.906065620081662004e+01
3.500000000000000000e+00 1.800523579290242537e+01
3.500000000000000000e+00 1.800523563302014196e+01
3.500000000000000000e+00 1.719310767319056410e+01
3.500000000000000000e+00 1.719310763818647203e+01
3.500000000000000000e+00 1.677707499857461926e+01
3.500000000000000000e+00 1.677707498625417770e+01
3.500000000000000000e+00 1.596487467614857358e+01
3.500000000000000000e+00 1.596487466138951561e+01
3.500000000000000000e+00 1.561010463378580937e+01
3.500000000000000000e+00 1.561010450819254203e+01
3.500000000000000000e+00 1.546981803520685972e+01
3.500000000000000000e+00 1.546981802206527412e+01
3.500000000000000000e+00 1.509865195536928972e+01
3.500000000000000000e+00 1.509865193287703278e+01
3.500000000000000000e+00 1.488541795576919924e+01
3.500000000000000000e+00 1.488541789077123489e+01
3.500000000000000000e+00 1.477169551872867714e+01
3.500000000000000000e+00 1.477169547932461668e+01
3.500000000000000000e+00 1.465114336776131410e+01
3.500000000000000000e+00 1.465114334222193193e+01
3.500000000000000000e+00 1.420444202506868336e+01
3.500000000000000000e+00 1.420444196881192944e+01
3.500000000000000000e+00 1.357203260496321029e+01
3.500000000000000000e+00 1.357203259948594187e+01
3.500000000000000000e+00 1.328950874632432999e+01
3.500000000000000000e+00 1.328950871626287089e+01
3.500000000000000000e+00 1.260213526192690736e+01
3.500000000000000000e+00 1.260213521826456429e+01
3.500000000000000000e+00 1.249827062310665404e+01
3.500000000000000000e+00 1.249827059009652075e+01
3.500000000000000000e+00 1.070952810494158669e+01
3.500000000000000000e+00 1.070952807993902489e+01
3.500000000000000000e+00 8.697608733915412671e+00
3.500000000000000000e+00 8.697608702763664823e+00
4.000000000000000000e+00 2.371520977678973097e+01
4.000000000000000000e+00 2.178727686895966542e+01
4.000000000000000000e+00 2.178727686590644907e+01
4.000000000000000000e+00 2.177400313649425811e+01
4.000000000000000000e+00 2.172440432827585255e+01
4.000000000000000000e+00 2.113084863934277280e+01
4.000000000000000000e+00 1.803229231827199541e+01
4.000000000000000000e+00 1.801863156590404458e+01
4.000000000000000000e+00 1.749864585230433178e+01
4.000000000000000000e+00 1.749864583851750766e+01
4.000000000000000000e+00 1.739954638497913209e+01
4.000000000000000000e+00 1.739954635175354269e+01
4.000000000000000000e+00 1.698817537792075072e+01
4.000000000000000000e+00 1.611052863130246138e+01
4.000000000000000000e+00 1.594160710298153028e+01
4.000000000000000000e+00 1.594160706987794462e+01
4.000000000000000000e+00 1.563792390800476184e+01
4.000000000000000000e+00 1.558949405348175965e+01
4.000000000000000000e+00 1.546366126511458461e+01
4.000000000000000000e+00 1.515429280515229671e+01
4.000000000000000000e+00 1.515429279146114006e+01
4.000000000000000000e+00 1.483405554167437757e+01
4.000000000000000000e+00 1.323039264953935046e+01
4.000000000000000000e+00 1.133396687646811607e+01
4.000000000000000000e+00 1.127861822629109412e+01
4.000000000000000000e+00 1.127861822325939301e+01
4.000000000000000000e+00 1.121352999380818538e+01
4.000000000000000000e+00 9.362847779529140269e+00
4.500000000000000000e+00 1.836885238801897913e+01
4.500000000000000000e+00 1.836885236247967867e+01
4.500000000000000000e+00 1.792134379736376459e+01
4.500000000000000000e+00 1.792134377487161956e+01
4.500000000000000000e+00 1.382784109995930244e+01
4.500000000000000000e+00 1.382784108837714143e+01
4.500000000000000000e+00 1.195470747915854304e+01
4.500000000000000000e+00 1.195470747062353745e+01
5.000000000000000000e+00 1.452637450009268250e+01
