-5.000000000000000000e+00 3.015393228836354922e+01
-4.500000000000000000e+00 3.886226121290026470e+01
-4.500000000000000000e+00 3.886226121271741363e+01
-4.500000000000000000e+00 3.597029559004905508e+01
-4.500000000000000000e+00 3.597029559003785693e+01
-4.500000000000000000e+00 2.544990863590060570e+01
-4.500000000000000000e+00 2.544990863590031083e+01
-4.500000000000000000e+00 2.430051044483717249e+01
-4.500000000000000000e+00 2.430051044483688116e+01
-4.000000000000000000e+00 4.762234568638794485e+01
-4.000000000000000000e+00 4.472240007604325029e+01
-4.000000000000000000e+00 4.472240007346190538e+01
-4.000000000000000000e+00 4.472239315784769076e+01
-4.000000000000000000e+00 4.472181054104939335e+01
-4.000000000000000000e+00 4.182336144240272091e+01
-4.000000000000000000e+00 3.421585958792459081e+01
-4.000000000000000000e+00 3.421585958790318927e+01
-4.000000000000000000e+00 3.421585958775175129e+01
-4.000000000000000000e+00 3.399877128484786226e+01
-4.000000000000000000e+00 3.302535267812312725e+01
-4.000000000000000000e+00 3.291256304686093159e+01
-4.000000000000000000e+00 3.291256304684709733e+01
-4.000000000000000000e+00 3.291256304673171940e+01
-4.000000000000000000e+00 3.127791291945385765e+01
-4.000000000000000000e+00 3.115832990357114696e+01
-4.000000000000000000e+00 3.115832990354393672e+01
-4.000000000000000000e+00 3.115832990353677445e+01
-4.000000000000000000e+00 3.017497394228475471e+01
-4.000000000000000000e+00 3.017497394228428931e+01
-4.000000000000000000e+00 3.017497394227928709e+01
-4.000000000000000000e+00 2.998193869513997356e+01
-4.000000000000000000e+00 2.079521972358094928e+01
-4.000000000000000000e+00 1.964120736339295803e+01
-4.000000000000000000e+00 1.964120736339294382e+01
-4.000000000000000000e+00 1.964120736339279105e+01
-4.000000000000000000e+00 1.964112693451453850e+01
-4.000000000000000000e+00 1.848766868144249642e+01
-3.500000000000000000e+00 5.356658856016174042e+01
-3.500000000000000000e+00 5.344763866438473343e+01
-3.500000000000000000e+00 5.066828184532643320e+01
-3.500000000000000000e+00 5.065069722813763065e+01
-3.500000000000000000e+00 4.297566393642908622e+01
-3.500000000000000000e+00 4.297564756914716355e+01
-3.500000000000000000e+00 4.156832387784550775e+01
-3.500000000000000000e+00 4.156828849602967324e+01
-3.500000000000000000e+00 4.014051229085695383e+01
-3.500000000000000000e+00 4.014050570619500746e+01
-3.500000000000000000e+00 3.997460899459894534e+01
-3.500000000000000000e+00 3.997460721178155296e+01
-3.500000000000000000e+00 3.997460256016612590e+01
-3.500000000000000000e+00 3.997460041920869855e+01
-3.500000000000000000e+00 3.958671297147864010e+01
-3.500000000000000000e+00 3.958671191670524792e+01
-3.500000000000000000e+00 3.900304250999098343e+01
-3.500000000000000000e+00 3.900304238072846630e+01
-3.500000000000000000e+00 3.882520897859081543e+01
-3.500000000000000000e+00 3.882520482517590210e+01
-3.500000000000000000e+00 3.882520280635189636e+01
-3.500000000000000000e+00 3.882520254443631558e+01
-3.500000000000000000e+00 3.855035859498018169e+01
-3.500000000000000000e+00 3.855034935586677136e+01
-3.500000000000000000e+00 3.686613424109203407e+01
-3.500000000000000000e+00 3.686613422289716624e+01
-3.500000000000000000e+00 3.603118470856207267e+01
-3.500000000000000000e+00 3.603118450778660531e+01
-3.500000000000000000e+00 3.585756149819777505e+01
-3.500000000000000000e+00 3.585756149818225680e+01
-3.500000000000000000e+00 2.945914865363120683e+01
-3.500000000000000000e+00 2.945914865355158341e+01
-3.500000000000000000e+00 2.832098240747494344e+01
-3.500000000000000000e+00 2.832098240747068729e+01
-3.500000000000000000e+00 2.830481571674677355e+01
-3.500000000000000000e+00 2.830481571674219765e+01
-3.500000000000000000e+00 2.830481571674188146e+01
-3.500000000000000000e+00 2.830481571673513841e+01
-3.500000000000000000e+00 2.826800679765352697e+01
-3.500000000000000000e+00 2.826800679760822277e+01
-3.500000000000000000e+00 2.712861508070129446e+01
-3.500000000000000000e+00 2.712861508066331240e+01
-3.500000000000000000e+00 2.655603669302493230e+01
-3.500000000000000000e+00 2.655603669302200132e+01
-3.500000000000000000e+00 2.553692694974697375e+01
-3.500000000000000000e+00 2.553692694974693822e+01
-3.500000000000000000e+00 2.542921420982237279e+01
-3.500000000000000000e+00 2.542921420981822678e+01
-3.500000000000000000e+00 2.541285009405239848e+01
-3.500000000000000000e+00 2.541285009405209294e+01
-3.500000000000000000e+00 2.541285009405183715e+01
-3.500000000000000000e+00 2.541285009405166306e+01
-3.500000000000000000e+00 2.538612485948538122e+01
-3.500000000000000000e+00 2.538612485947970399e+01
-3.500000000000000000e+00 2.427722500999789901e+01
-3.500000000000000000e+00 2.427722500999674082e+01
-3.500000000000000000e+00 1.499187115609279530e+01
-3.500000000000000000e+00 1.499187115609277932e+01
-3.500000000000000000e+00 1.383762474173534862e+01
-3.500000000000000000e+00 1.383762474173533974e+01
-3.000000000000000000e+00 nan
-3.000000000000000000e+00 nan
-3.000000000000000000e+00 nan
-3.000000000000000000e+00 nan
-3.000000000000000000e+00 nan
-3.000000000000000000e+00 nan
-3.000000000000000000e+00 nan
-3.000000000000000000e+00 nan
-3.000000000000000000e+00 nan
-3.000000000000000000e+00 nan
-3.000000000000000000e+00 nan
-3.000000000000000000e+00 nan
-3.000000000000000000e+00 nan
-3.000000000000000000e+00 inf
-3.000000000000000000e+00 inf
-3.000000000000000000e+00 inf
-3.000000000000000000e+00 inf
-3.000000000000000000e+00 inf
-3.000000000000000000e+00 inf
-3.000000000000000000e+00 inf
-3.000000000000000000e+00 inf
-3.000000000000000000e+00 inf
-3.000000000000000000e+00 inf
-3.000000000000000000e+00 3.604365338911715355e+01
-3.000000000000000000e+00 3.604365338911715355e+01
-3.000000000000000000e+00 3.604365338911715355e+01
-3.000000000000000000e+00 3.604365338911715355e+01
-3.000000000000000000e+00 3.604365338911715355e+01
-3.000000000000000000e+00 3.535050620855721348e+01
-3.000000000000000000e+00 3.535050620855721348e+01
-3.000000000000000000e+00 3.535050620855721348e+01
-3.000000000000000000e+00 3.494504110044904621e+01
-3.000000000000000000e+00 3.494504110044904621e+01
-3.000000000000000000e+00 3.443421547668305749e+01
-3.000000000000000000e+00 3.443421547668305749e+01
-3.000000000000000000e+00 3.425189391988909904e+01
-3.000000000000000000e+00 3.425189391988909904e+01
-3.000000000000000000e+00 3.425189391988909904e+01
-3.000000000000000000e+00 3.409774324006184543e+01
-3.000000000000000000e+00 3.409774324006184543e+01
-3.000000000000000000e+00 3.409774324006184543e+01
-3.000000000000000000e+00 3.409774324006184543e+01
-3.000000000000000000e+00 3.409774324006184543e+01
-3.000000000000000000e+00 3.409774324006184543e+01
-3.000000000000000000e+00 3.409774324006184543e+01
-3.000000000000000000e+00 3.396421184743731914e+01
-3.000000000000000000e+00 3.396421184743731914e+01
-3.000000000000000000e+00 3.396421184743731914e+01
-3.000000000000000000e+00 3.384642881178093887e+01
-3.000000000000000000e+00 3.384642881178093887e+01
-3.000000000000000000e+00 3.384642881178093887e+01
-3.000000000000000000e+00 3.384642881178093887e+01
-3.000000000000000000e+00 3.384642881178093887e+01
-3.000000000000000000e+00 3.304792111556316314e+01
-3.000000000000000000e+00 3.295261093575884104e+01
-3.000000000000000000e+00 3.290815917318800388e+01
-3.000000000000000000e+00 3.274781652311282443e+01
-3.000000000000000000e+00 3.238009174298750992e+01
-3.000000000000000000e+00 3.133412318780482053e+01
-3.000000000000000000e+00 3.131626557040481629e+01
-3.000000000000000000e+00 3.131626557040481629e+01
-3.000000000000000000e+00 3.130745494072266055e+01
-3.000000000000000000e+00 3.117611893866157402e+01
-3.000000000000000000e+00 3.117611893866157402e+01
-3.000000000000000000e+00 3.117611893866157402e+01
-3.000000000000000000e+00 3.111639970395995292e+01
-3.000000000000000000e+00 3.110917945598646384e+01
-3.000000000000000000e+00 3.110201096650785146e+01
-3.000000000000000000e+00 3.109489349873898689e+01
-3.000000000000000000e+00 3.094990318831039389e+01
-3.000000000000000000e+00 3.024153501374009423e+01
-3.000000000000000000e+00 2.996601114576812108e+01
-3.000000000000000000e+00 2.996372019402156539e+01
-3.000000000000000000e+00 2.995915397604198560e+01
-3.000000000000000000e+00 2.995687866220485063e+01
-3.000000000000000000e+00 2.364641920812635334e+01
-3.000000000000000000e+00 2.364360239198595792e+01
-3.000000000000000000e+00 2.364359827361575839e+01
-3.000000000000000000e+00 2.364359415526252306e+01
-3.000000000000000000e+00 2.249030921519999637e+01
-3.000000000000000000e+00 2.249030791545805741e+01
-3.000000000000000000e+00 2.249030661571781309e+01
-3.000000000000000000e+00 2.248290089623643340e+01
-3.000000000000000000e+00 2.087822904021333414e+01
-3.000000000000000000e+00 2.087822904021333414e+01
-3.000000000000000000e+00 2.087822826242580376e+01
-3.000000000000000000e+00 2.087822800316342864e+01
-3.000000000000000000e+00 2.076003648230505050e+01
-3.000000000000000000e+00 2.076003625194378088e+01
-3.000000000000000000e+00 2.076003602158256456e+01
-3.000000000000000000e+00 2.075540452483566867e+01
-3.000000000000000000e+00 1.972465840519986457e+01
-3.000000000000000000e+00 1.972465832340039071e+01
-3.000000000000000000e+00 1.972465832340039071e+01
-3.000000000000000000e+00 1.972465832340039071e+01
-3.000000000000000000e+00 1.960953685492536636e+01
-3.000000000000000000e+00 1.960577499965288695e+01
-3.000000000000000000e+00 1.960577492702220681e+01
-3.000000000000000000e+00 1.960577485439153378e+01
-3.000000000000000000e+00 9.189440319622931952e+00
-2.500000000000000000e+00 3.604365338911715355e+01
-2.500000000000000000e+00 3.604365338911715355e+01
-2.500000000000000000e+00 3.604365338911715355e+01
-2.500000000000000000e+00 3.604365338911715355e+01
-2.500000000000000000e+00 3.535050620855721348e+01
-2.500000000000000000e+00 3.535050620855721348e+01
-2.500000000000000000e+00 3.535050620855721348e+01
-2.500000000000000000e+00 3.535050620855721348e+01
-2.500000000000000000e+00 3.535050620855721348e+01
-2.500000000000000000e+00 3.535050620855721348e+01
-2.500000000000000000e+00 3.535050620855721348e+01
-2.500000000000000000e+00 3.535050620855721348e+01
-2.500000000000000000e+00 3.494504110044904621e+01
-2.500000000000000000e+00 3.494504110044904621e+01
-2.500000000000000000e+00 3.494504110044904621e+01
-2.500000000000000000e+00 3.465735902799726631e+01
-2.500000000000000000e+00 3.230598377083379091e+01
-2.500000000000000000e+00 3.228245327342359161e+01
-2.500000000000000000e+00 3.114581358916624509e+01
-2.500000000000000000e+00 3.111639970395995292e+01
-2.500000000000000000e+00 2.955444845779183893e+01
-2.500000000000000000e+00 2.955292985461464994e+01
-2.500000000000000000e+00 2.955141355409668336e+01
-2.500000000000000000e+00 2.955141355409668336e+01
-2.500000000000000000e+00 2.955141355409668336e+01
-2.500000000000000000e+00 2.954989954926546858e+01
-2.500000000000000000e+00 2.950841211810349662e+01
-2.500000000000000000e+00 2.950696179152584975e+01
-2.500000000000000000e+00 2.942758820398433883e+01
-2.500000000000000000e+00 2.942491440559993521e+01
-2.500000000000000000e+00 2.941826102110919905e+01
-2.500000000000000000e+00 2.941826102110919905e+01
-2.500000000000000000e+00 2.941693563986813231e+01
-2.500000000000000000e+00 2.941693563986813231e+01
-2.500000000000000000e+00 2.938692686493876494e+01
-2.500000000000000000e+00 2.938435946943351951e+01
-2.500000000000000000e+00 2.838778937150109982e+01
-2.500000000000000000e+00 2.838778937150109982e+01
-2.500000000000000000e+00 2.836671624329907715e+01
-2.500000000000000000e+00 2.836625295860234885e+01
-2.500000000000000000e+00 2.836625295860234885e+01
-2.500000000000000000e+00 2.836625295860234885e+01
-2.500000000000000000e+00 2.836578988843894678e+01
-2.500000000000000000e+00 2.836578988843894678e+01
-2.500000000000000000e+00 2.829217807109569804e+01
-2.500000000000000000e+00 2.829174805603854637e+01
-2.500000000000000000e+00 2.826837754263029368e+01
-2.500000000000000000e+00 2.826795763920191007e+01
-2.500000000000000000e+00 2.826753791201841537e+01
-2.500000000000000000e+00 2.826711836093191721e+01
-2.500000000000000000e+00 2.823411206446374422e+01
-2.500000000000000000e+00 2.823411206446374422e+01
-2.500000000000000000e+00 2.665843576723625574e+01
-2.500000000000000000e+00 2.665835181475330984e+01
-2.500000000000000000e+00 2.663479008100901169e+01
-2.500000000000000000e+00 2.663479008100901169e+01
-2.500000000000000000e+00 2.663479008100901169e+01
-2.500000000000000000e+00 2.663470809027391795e+01
-2.500000000000000000e+00 2.663470809027391795e+01
-2.500000000000000000e+00 2.663462610626075389e+01
-2.500000000000000000e+00 2.652296477419028164e+01
-2.500000000000000000e+00 2.652281814662403647e+01
-2.500000000000000000e+00 2.644805061635032928e+01
-2.500000000000000000e+00 2.644805061635032928e+01
-2.500000000000000000e+00 2.551307833353059351e+01
-2.500000000000000000e+00 2.551305162662552206e+01
-2.500000000000000000e+00 2.551302492043368986e+01
-2.500000000000000000e+00 2.551302492043368986e+01
-2.500000000000000000e+00 2.551294480613724858e+01
-2.500000000000000000e+00 2.551291810279799677e+01
-2.500000000000000000e+00 2.547431277459562793e+01
-2.500000000000000000e+00 2.547426139241495591e+01
-2.500000000000000000e+00 2.538275360977436179e+01
-2.500000000000000000e+00 2.538273016613872102e+01
-2.500000000000000000e+00 2.529423319339316834e+01
-2.500000000000000000e+00 2.529423319339316834e+01
-2.500000000000000000e+00 2.529421173577732418e+01
-2.500000000000000000e+00 2.529419027862189751e+01
-2.500000000000000000e+00 2.529416882192687410e+01
-2.500000000000000000e+00 2.529416882192687410e+01
-2.500000000000000000e+00 2.529410445460399615e+01
-2.500000000000000000e+00 2.529406154535704587e+01
-2.500000000000000000e+00 2.414106027474147353e+01
-2.500000000000000000e+00 2.414105350194508759e+01
-2.500000000000000000e+00 1.783993130615583311e+01
-2.500000000000000000e+00 1.783993130615583311e+01
-2.500000000000000000e+00 1.622897796276389570e+01
-2.500000000000000000e+00 1.622897796028307127e+01
-2.500000000000000000e+00 1.507472769030420068e+01
-2.500000000000000000e+00 1.507472769030420068e+01
-2.500000000000000000e+00 1.507472769030420068e+01
-2.500000000000000000e+00 1.507472768952201392e+01
-2.500000000000000000e+00 1.507472768873982538e+01
-2.500000000000000000e+00 1.507472768795763685e+01
-2.500000000000000000e+00 1.507468436036148418e+01
-2.500000000000000000e+00 1.507468435879717461e+01
-2.500000000000000000e+00 1.495681132243162281e+01
-2.500000000000000000e+00 1.495681131965088007e+01
-2.500000000000000000e+00 1.392068970642953474e+01
-2.500000000000000000e+00 1.392068970593619071e+01
-2.000000000000000000e+00 3.219350578740709778e+01
-2.000000000000000000e+00 3.132515451782206028e+01
-2.000000000000000000e+00 3.130745494072266055e+01
-2.000000000000000000e+00 3.129006319801079172e+01
-2.000000000000000000e+00 3.128147945431939903e+01
-2.000000000000000000e+00 3.124786284352041577e+01
-2.000000000000000000e+00 3.124786284352041577e+01
-2.000000000000000000e+00 3.123146903374473737e+01
-2.000000000000000000e+00 3.118384098475548427e+01
-2.000000000000000000e+00 3.110917945598646384e+01
-2.000000000000000000e+00 3.110201096650785146e+01
-2.000000000000000000e+00 3.109489349873898689e+01
-2.000000000000000000e+00 3.108782633151589536e+01
-2.000000000000000000e+00 3.108080875885724836e+01
-2.000000000000000000e+00 3.107384008954115373e+01
-2.000000000000000000e+00 3.107384008954115373e+01
-2.000000000000000000e+00 3.107384008954115373e+01
-2.000000000000000000e+00 3.107384008954115373e+01
-2.000000000000000000e+00 3.106691964669658290e+01
-2.000000000000000000e+00 3.106691964669658290e+01
-2.000000000000000000e+00 3.106004676740882076e+01
-2.000000000000000000e+00 3.102637355230223193e+01
-2.000000000000000000e+00 3.101977286827088065e+01
-2.000000000000000000e+00 3.101321546772472004e+01
-2.000000000000000000e+00 3.101321546772472004e+01
-2.000000000000000000e+00 2.994333443709709286e+01
-2.000000000000000000e+00 2.993886015670216949e+01
-2.000000000000000000e+00 2.993886015670216949e+01
-2.000000000000000000e+00 2.993663050137490345e+01
-2.000000000000000000e+00 2.649320454251081713e+01
-2.000000000000000000e+00 2.488197476976053579e+01
-2.000000000000000000e+00 2.488197476976053579e+01
-2.000000000000000000e+00 2.488193214552865484e+01
-2.000000000000000000e+00 2.488190373038338166e+01
-2.000000000000000000e+00 2.373030156973153737e+01
-2.000000000000000000e+00 2.373029707836730751e+01
-2.000000000000000000e+00 2.373029707836730751e+01
-2.000000000000000000e+00 2.373029258702324995e+01
-2.000000000000000000e+00 2.372727000054711510e+01
-2.000000000000000000e+00 2.372727000054711510e+01
-2.000000000000000000e+00 2.372726552277811862e+01
-2.000000000000000000e+00 2.372726552277811862e+01
-2.000000000000000000e+00 2.372726552277811862e+01
-2.000000000000000000e+00 2.372726552277811862e+01
-2.000000000000000000e+00 2.372726552277811862e+01
-2.000000000000000000e+00 2.372726104502917366e+01
-2.000000000000000000e+00 2.372058468418185839e+01
-2.000000000000000000e+00 2.372058023624825651e+01
-2.000000000000000000e+00 2.372057578833443969e+01
-2.000000000000000000e+00 2.372056244471168895e+01
-2.000000000000000000e+00 2.360846307291312840e+01
-2.000000000000000000e+00 2.360844716834056101e+01
-2.000000000000000000e+00 2.360843921614913654e+01
-2.000000000000000000e+00 2.360778735155489372e+01
-2.000000000000000000e+00 2.256922568033177967e+01
-2.000000000000000000e+00 2.256922427386300711e+01
-2.000000000000000000e+00 2.256922286739621342e+01
-2.000000000000000000e+00 2.256921583509191720e+01
-2.000000000000000000e+00 2.199493410409528238e+01
-2.000000000000000000e+00 2.199493331210734937e+01
-2.000000000000000000e+00 2.199493331210734937e+01
-2.000000000000000000e+00 2.199493093614731265e+01
-2.000000000000000000e+00 2.096165758805877743e+01
-2.000000000000000000e+00 2.084594761003953423e+01
-2.000000000000000000e+00 2.084594710798588579e+01
-2.000000000000000000e+00 2.084594710798588579e+01
-2.000000000000000000e+00 2.084594635490588388e+01
-2.000000000000000000e+00 2.084286548701949116e+01
-2.000000000000000000e+00 2.084286473625662239e+01
-2.000000000000000000e+00 2.084286473625662239e+01
-2.000000000000000000e+00 2.084286448600245834e+01
-2.000000000000000000e+00 2.084286448600245834e+01
-2.000000000000000000e+00 2.084286423574835467e+01
-2.000000000000000000e+00 2.084286373524033920e+01
-2.000000000000000000e+00 2.084286373524033920e+01
-2.000000000000000000e+00 2.083752109663373275e+01
-2.000000000000000000e+00 2.083752034987252699e+01
-2.000000000000000000e+00 2.083752034987252699e+01
-2.000000000000000000e+00 2.083752010095225060e+01
-2.000000000000000000e+00 2.072493403372204313e+01
-2.000000000000000000e+00 2.064382418231175009e+01
-2.000000000000000000e+00 2.064382356704949117e+01
-2.000000000000000000e+00 2.064382356704949117e+01
-2.000000000000000000e+00 2.064382336196215917e+01
-2.000000000000000000e+00 1.969168285412213848e+01
-2.000000000000000000e+00 1.969168269582998221e+01
-2.000000000000000000e+00 1.969168245839179932e+01
-2.000000000000000000e+00 1.969168237924575138e+01
-2.000000000000000000e+00 1.948948460497318536e+01
-2.000000000000000000e+00 1.948948454031614119e+01
-2.000000000000000000e+00 1.948948447565910413e+01
-2.000000000000000000e+00 1.948948441100207063e+01
-2.000000000000000000e+00 1.042653915582851631e+01
-2.000000000000000000e+00 1.042653915582102364e+01
-2.000000000000000000e+00 1.042653915581353274e+01
-2.000000000000000000e+00 1.042653915579854740e+01
-2.000000000000000000e+00 9.272382769326643626e+00
-2.000000000000000000e+00 9.272382769326643626e+00
-2.000000000000000000e+00 9.272382769324281071e+00
-2.000000000000000000e+00 9.272382769321918516e+00
-1.500000000000000000e+00 2.834290559460535874e+01
-1.500000000000000000e+00 2.834200102647493225e+01
-1.500000000000000000e+00 2.834154904906610639e+01
-1.500000000000000000e+00 2.834154904906610639e+01
-1.500000000000000000e+00 2.830778306916458931e+01
-1.500000000000000000e+00 2.830690970666366013e+01
-1.500000000000000000e+00 2.814449990577405813e+01
-1.500000000000000000e+00 2.814449990577405813e+01
-1.500000000000000000e+00 2.814412891708495934e+01
-1.500000000000000000e+00 2.814375806597742624e+01
-1.500000000000000000e+00 2.814375806597742624e+01
-1.500000000000000000e+00 2.814301677609915231e+01
-1.500000000000000000e+00 2.813159650093815145e+01
-1.500000000000000000e+00 2.813159650093815145e+01
-1.500000000000000000e+00 2.776904144290760357e+01
-1.500000000000000000e+00 2.776725868425385002e+01
-1.500000000000000000e+00 2.673093695052410723e+01
-1.500000000000000000e+00 2.673066618018082963e+01
-1.500000000000000000e+00 2.661112992692188683e+01
-1.500000000000000000e+00 2.661104985325406957e+01
-1.500000000000000000e+00 2.661096978599753271e+01
-1.500000000000000000e+00 2.661096978599753271e+01
-1.500000000000000000e+00 2.661088972515124595e+01
-1.500000000000000000e+00 2.661072962268532649e+01
-1.500000000000000000e+00 2.657071801006583556e+01
-1.500000000000000000e+00 2.657064110769335841e+01
-1.500000000000000000e+00 2.653662165053160393e+01
-1.500000000000000000e+00 2.653662165053160393e+01
-1.500000000000000000e+00 2.653647300690442634e+01
-1.500000000000000000e+00 2.653639869337561308e+01
-1.500000000000000000e+00 2.653639869337561308e+01
-1.500000000000000000e+00 2.653625008288344134e+01
-1.500000000000000000e+00 2.652612247830115066e+01
-1.500000000000000000e+00 2.652612247830115066e+01
-1.500000000000000000e+00 2.641289361725099738e+01
-1.500000000000000000e+00 2.641289361725099738e+01
-1.500000000000000000e+00 2.641276227161476697e+01
-1.500000000000000000e+00 2.641276227161476697e+01
-1.500000000000000000e+00 2.641263094322794913e+01
-1.500000000000000000e+00 2.641249963208601059e+01
-1.500000000000000000e+00 2.640452208372931153e+01
-1.500000000000000000e+00 2.640439183299646686e+01
-1.500000000000000000e+00 2.549844353801326946e+01
-1.500000000000000000e+00 2.549831195040863463e+01
-1.500000000000000000e+00 2.538721790290304625e+01
-1.500000000000000000e+00 2.538712371211954633e+01
-1.500000000000000000e+00 2.538712371211954633e+01
-1.500000000000000000e+00 2.538710016580984075e+01
-1.500000000000000000e+00 2.538710016580984075e+01
-1.500000000000000000e+00 2.538705307485365026e+01
-1.500000000000000000e+00 2.536910899089692606e+01
-1.500000000000000000e+00 2.536901649037654494e+01
-1.500000000000000000e+00 2.526459293798543371e+01
-1.500000000000000000e+00 2.526457210703897616e+01
-1.500000000000000000e+00 2.525861148751573282e+01
-1.500000000000000000e+00 2.525859078079536602e+01
-1.500000000000000000e+00 2.525857007450375846e+01
-1.500000000000000000e+00 2.525854936864089240e+01
-1.500000000000000000e+00 2.525854936864089240e+01
-1.500000000000000000e+00 2.525852866320675361e+01
-1.500000000000000000e+00 1.907758516258598291e+01
-1.500000000000000000e+00 1.907758511975774596e+01
-1.500000000000000000e+00 1.907700475148655883e+01
-1.500000000000000000e+00 1.907700475148655883e+01
-1.500000000000000000e+00 1.907700470868317666e+01
-1.500000000000000000e+00 1.907700470868317666e+01
-1.500000000000000000e+00 1.907700462307641232e+01
-1.500000000000000000e+00 1.907700458027303370e+01
-1.500000000000000000e+00 1.792306529118648584e+01
-1.500000000000000000e+00 1.792306526418681045e+01
-1.500000000000000000e+00 1.792306526418681045e+01
-1.500000000000000000e+00 1.792306525068697098e+01
-1.500000000000000000e+00 1.792306523718713507e+01
-1.500000000000000000e+00 1.792306522368729560e+01
-1.500000000000000000e+00 1.792181339809685170e+01
-1.500000000000000000e+00 1.792181334416505933e+01
-1.500000000000000000e+00 1.631181175126206639e+01
-1.500000000000000000e+00 1.631181174317685389e+01
-1.500000000000000000e+00 1.619392601011322341e+01
-1.500000000000000000e+00 1.619392600771785240e+01
-1.500000000000000000e+00 1.619392600532248139e+01
-1.500000000000000000e+00 1.619392600292710682e+01
-1.500000000000000000e+00 1.619392600292710682e+01
-1.500000000000000000e+00 1.619392600053173581e+01
-1.500000000000000000e+00 1.619281292206894562e+01
-1.500000000000000000e+00 1.619281291967623915e+01
-1.500000000000000000e+00 1.515776831642880929e+01
-1.500000000000000000e+00 1.515776831557889537e+01
-1.500000000000000000e+00 1.504024863315233063e+01
-1.500000000000000000e+00 1.504024863164097248e+01
-1.500000000000000000e+00 1.503957720264360098e+01
-1.500000000000000000e+00 1.503957720264360098e+01
-1.500000000000000000e+00 1.503957720113325891e+01
-1.500000000000000000e+00 1.503957719962291506e+01
-1.500000000000000000e+00 1.503957719962291506e+01
-1.500000000000000000e+00 1.503957719886774314e+01
-1.500000000000000000e+00 1.484111694183875230e+01
-1.500000000000000000e+00 1.484111693998104720e+01
-1.500000000000000000e+00 4.624387312156196472e+00
-1.500000000000000000e+00 4.624387312156060581e+00
-1.000000000000000000e+00 2.496601326866757020e+01
-1.000000000000000000e+00 2.495848465453094889e+01
-1.000000000000000000e+00 2.484733086902741661e+01
-1.000000000000000000e+00 2.484733086902741661e+01
-1.000000000000000000e+00 2.484730342025369154e+01
-1.000000000000000000e+00 2.484728969614936034e+01
-1.000000000000000000e+00 2.484549346500844891e+01
-1.000000000000000000e+00 2.484547976572149963e+01
-1.000000000000000000e+00 2.484547976572149963e+01
-1.000000000000000000e+00 2.484546606662221535e+01
-1.000000000000000000e+00 2.484546606662221535e+01
-1.000000000000000000e+00 2.484546606662221535e+01
-1.000000000000000000e+00 2.484545236771059251e+01
-1.000000000000000000e+00 2.484545236771059251e+01
-1.000000000000000000e+00 2.483942936382278432e+01
-1.000000000000000000e+00 2.483941574735775504e+01
-1.000000000000000000e+00 2.483940213107813122e+01
-1.000000000000000000e+00 2.483934766781358761e+01
-1.000000000000000000e+00 2.381045207619872883e+01
-1.000000000000000000e+00 2.380638250924990018e+01
-1.000000000000000000e+00 2.380636797010446415e+01
-1.000000000000000000e+00 2.380636312376962493e+01
-1.000000000000000000e+00 2.369608552160048021e+01
-1.000000000000000000e+00 2.369606382035287240e+01
-1.000000000000000000e+00 2.369605948015986741e+01
-1.000000000000000000e+00 2.369605948015986741e+01
-1.000000000000000000e+00 2.369192317116461766e+01
-1.000000000000000000e+00 2.369191452666532882e+01
-1.000000000000000000e+00 2.369191452666532882e+01
-1.000000000000000000e+00 2.369190588224076777e+01
-1.000000000000000000e+00 2.369190588224076777e+01
-1.000000000000000000e+00 2.369190588224076777e+01
-1.000000000000000000e+00 2.369190156005650749e+01
-1.000000000000000000e+00 2.369189723789093094e+01
-1.000000000000000000e+00 2.368565825862887664e+01
-1.000000000000000000e+00 2.368565825862887664e+01
-1.000000000000000000e+00 2.368565396336376239e+01
-1.000000000000000000e+00 2.368564966811709738e+01
-1.000000000000000000e+00 2.349179133266667208e+01
-1.000000000000000000e+00 2.349178779436544673e+01
-1.000000000000000000e+00 2.349178425607674114e+01
-1.000000000000000000e+00 2.349178071780055177e+01
-1.000000000000000000e+00 2.208120582168099233e+01
-1.000000000000000000e+00 2.207697402125557673e+01
-1.000000000000000000e+00 2.207697402125557673e+01
-1.000000000000000000e+00 2.207697144215122265e+01
-1.000000000000000000e+00 2.196025691601820995e+01
-1.000000000000000000e+00 2.196025385604269076e+01
-1.000000000000000000e+00 2.196025309105027290e+01
-1.000000000000000000e+00 2.196025309105027290e+01
-1.000000000000000000e+00 2.188184544831716494e+01
-1.000000000000000000e+00 2.188184332641306895e+01
-1.000000000000000000e+00 2.188184191181283822e+01
-1.000000000000000000e+00 2.188003215609517582e+01
-1.000000000000000000e+00 2.092857997709895201e+01
-1.000000000000000000e+00 2.092857943179719271e+01
-1.000000000000000000e+00 2.092857888649572828e+01
-1.000000000000000000e+00 2.092136446227878821e+01
-1.000000000000000000e+00 2.080892784931280559e+01
-1.000000000000000000e+00 2.080892688169790716e+01
-1.000000000000000000e+00 2.080892663979432911e+01
-1.000000000000000000e+00 2.080892615598735063e+01
-1.000000000000000000e+00 2.072783207482408940e+01
-1.000000000000000000e+00 2.072783185176328047e+01
-1.000000000000000000e+00 2.072783162870252482e+01
-1.000000000000000000e+00 2.072783162870252482e+01
-1.000000000000000000e+00 2.072783162870252482e+01
-1.000000000000000000e+00 2.072783118258115920e+01
-1.000000000000000000e+00 2.072783118258115920e+01
-1.000000000000000000e+00 2.072783073645999252e+01
-1.000000000000000000e+00 2.072783073645999252e+01
-1.000000000000000000e+00 2.072775133006291881e+01
-1.000000000000000000e+00 2.072775066093467800e+01
-1.000000000000000000e+00 2.072775043789203053e+01
-1.000000000000000000e+00 2.072535648965214961e+01
-1.000000000000000000e+00 2.072535559961530893e+01
-1.000000000000000000e+00 2.072535537710622222e+01
-1.000000000000000000e+00 2.072532177880242443e+01
-1.000000000000000000e+00 2.060877379597087966e+01
-1.000000000000000000e+00 2.060877359794729458e+01
-1.000000000000000000e+00 2.060877300387677025e+01
-1.000000000000000000e+00 2.060877240980660119e+01
-1.000000000000000000e+00 1.957429260087252132e+01
-1.000000000000000000e+00 1.957429260087252132e+01
-1.000000000000000000e+00 1.957429253049280859e+01
-1.000000000000000000e+00 1.957077341030892015e+01
-1.000000000000000000e+00 1.327469744927461193e+01
-1.000000000000000000e+00 1.327469744914531979e+01
-1.000000000000000000e+00 1.327469744888673908e+01
-1.000000000000000000e+00 1.327469744875744695e+01
-1.000000000000000000e+00 1.166363951399843835e+01
-1.000000000000000000e+00 1.050948216511428690e+01
-1.000000000000000000e+00 1.050948216511428690e+01
-1.000000000000000000e+00 1.050948216510614763e+01
-1.000000000000000000e+00 1.050945216203649046e+01
-1.000000000000000000e+00 1.039147120612010156e+01
-1.000000000000000000e+00 1.039147120611286823e+01
-1.000000000000000000e+00 1.039147120610563313e+01
-1.000000000000000000e+00 1.039147120609839980e+01
-1.000000000000000000e+00 9.355463416035700419e+00
-5.000000000000000000e-01 2.651573239434332763e+01
-5.000000000000000000e-01 2.651565960619320705e+01
-5.000000000000000000e-01 2.651558682334081496e+01
-5.000000000000000000e-01 2.651551404578538040e+01
-5.000000000000000000e-01 2.649984528954005825e+01
-5.000000000000000000e-01 2.649977364860439621e+01
-5.000000000000000000e-01 2.649963038212850819e+01
-5.000000000000000000e-01 2.649955875658680782e+01
-5.000000000000000000e-01 2.649948713617496310e+01
-5.000000000000000000e-01 2.649948713617496310e+01
-5.000000000000000000e-01 2.649948713617496310e+01
-5.000000000000000000e-01 2.649941552089222796e+01
-5.000000000000000000e-01 2.649941552089222796e+01
-5.000000000000000000e-01 2.649920070581138631e+01
-5.000000000000000000e-01 2.649920070581138631e+01
-5.000000000000000000e-01 2.649905752138960580e+01
-5.000000000000000000e-01 2.649884278319043318e+01
-5.000000000000000000e-01 2.649848498863224933e+01
-5.000000000000000000e-01 2.649178216832889987e+01
-5.000000000000000000e-01 2.649178216832889987e+01
-5.000000000000000000e-01 2.649164004212058998e+01
-5.000000000000000000e-01 2.649156898659066073e+01
-5.000000000000000000e-01 2.648632483879178423e+01
-5.000000000000000000e-01 2.648604215327753408e+01
-5.000000000000000000e-01 2.647298475470433843e+01
-5.000000000000000000e-01 2.647291501240211531e+01
-5.000000000000000000e-01 2.647291501240211531e+01
-5.000000000000000000e-01 2.647277554238794295e+01
-5.000000000000000000e-01 2.647277554238794295e+01
-5.000000000000000000e-01 2.647263609182294175e+01
-5.000000000000000000e-01 2.637772529962959922e+01
-5.000000000000000000e-01 2.637747170170774069e+01
-5.000000000000000000e-01 2.629588441158044887e+01
-5.000000000000000000e-01 2.629570915234237916e+01
-5.000000000000000000e-01 2.536389608062832579e+01
-5.000000000000000000e-01 2.536387307493441412e+01
-5.000000000000000000e-01 2.536385006976975376e+01
-5.000000000000000000e-01 2.536385006976975376e+01
-5.000000000000000000e-01 2.536382706513431984e+01
-5.000000000000000000e-01 2.536380406102808394e+01
-5.000000000000000000e-01 2.532932451320444045e+01
-5.000000000000000000e-01 2.532930228925368610e+01
-5.000000000000000000e-01 2.514157648198575501e+01
-5.000000000000000000e-01 2.514150280494901324e+01
-5.000000000000000000e-01 2.192546599420620623e+01
-5.000000000000000000e-01 2.192546451653165107e+01
-5.000000000000000000e-01 2.031436058594203331e+01
-5.000000000000000000e-01 2.031435984833546371e+01
-5.000000000000000000e-01 1.916067588162879076e+01
-5.000000000000000000e-01 1.916067578855101061e+01
-5.000000000000000000e-01 1.916013538542598482e+01
-5.000000000000000000e-01 1.916013529239850044e+01
-5.000000000000000000e-01 1.916013524588476358e+01
-5.000000000000000000e-01 1.916013505982983034e+01
-5.000000000000000000e-01 1.915901168679812017e+01
-5.000000000000000000e-01 1.915901150095211136e+01
-5.000000000000000000e-01 1.904197447116584740e+01
-5.000000000000000000e-01 1.904197447116584740e+01
-5.000000000000000000e-01 1.904197447116584740e+01
-5.000000000000000000e-01 1.904197442983591770e+01
-5.000000000000000000e-01 1.904197438850599156e+01
-5.000000000000000000e-01 1.904197426451622022e+01
-5.000000000000000000e-01 1.904172829907957265e+01
-5.000000000000000000e-01 1.904172829907957265e+01
-5.000000000000000000e-01 1.800551382583564930e+01
-5.000000000000000000e-01 1.800551382583564930e+01
-5.000000000000000000e-01 1.743049926379249115e+01
-5.000000000000000000e-01 1.743049922254667550e+01
-5.000000000000000000e-01 1.627720909960769546e+01
-5.000000000000000000e-01 1.627720909179747011e+01
-5.000000000000000000e-01 1.627669151715917906e+01
-5.000000000000000000e-01 1.627669151195505748e+01
-5.000000000000000000e-01 1.627669150675093590e+01
-5.000000000000000000e-01 1.627669150414887156e+01
-5.000000000000000000e-01 1.627558831326543398e+01
-5.000000000000000000e-01 1.627558830806704648e+01
-5.000000000000000000e-01 1.615889855382060247e+01
-5.000000000000000000e-01 1.615889854688184002e+01
-5.000000000000000000e-01 1.607849503560567328e+01
-5.000000000000000000e-01 1.607849503347144093e+01
-5.000000000000000000e-01 1.607849503133720859e+01
-5.000000000000000000e-01 1.607849502706874034e+01
-5.000000000000000000e-01 1.607849502280027565e+01
-5.000000000000000000e-01 1.607849502066603975e+01
-5.000000000000000000e-01 1.607795488220779490e+01
-5.000000000000000000e-01 1.607795488007471363e+01
-5.000000000000000000e-01 1.512300285993571514e+01
-5.000000000000000000e-01 1.512300285583134141e+01
-5.000000000000000000e-01 1.492424861558704841e+01
-5.000000000000000000e-01 1.492424861558704841e+01
-5.000000000000000000e-01 1.492424861356830945e+01
-5.000000000000000000e-01 1.492424861356830945e+01
-5.000000000000000000e-01 1.492424861289539528e+01
-5.000000000000000000e-01 1.492424861087665633e+01
-5.000000000000000000e-01 1.492368006902561639e+01
-5.000000000000000000e-01 1.492368006566296224e+01
-5.000000000000000000e-01 5.861477072100805152e+00
-5.000000000000000000e-01 5.861477072100571561e+00
-5.000000000000000000e-01 4.707424820244357377e+00
-5.000000000000000000e-01 4.707424820244296093e+00
0.000000000000000000e+00 2.473025260986250373e+01
0.000000000000000000e+00 2.473024040171356219e+01
0.000000000000000000e+00 2.473022819371366054e+01
0.000000000000000000e+00 2.473022819371366054e+01
0.000000000000000000e+00 2.473021598586279168e+01
0.000000000000000000e+00 2.473021598586279168e+01
0.000000000000000000e+00 2.473020377816095206e+01
0.000000000000000000e+00 2.473016715594957660e+01
0.000000000000000000e+00 2.472750952528308233e+01
0.000000000000000000e+00 2.472749735057603715e+01
0.000000000000000000e+00 2.472747300160660799e+01
0.000000000000000000e+00 2.472670631238849381e+01
0.000000000000000000e+00 2.377332976378545837e+01
0.000000000000000000e+00 2.377332507494840641e+01
0.000000000000000000e+00 2.377331569734026218e+01
0.000000000000000000e+00 2.376677751179158093e+01
0.000000000000000000e+00 2.357694489504700996e+01
0.000000000000000000e+00 2.357693333669176639e+01
0.000000000000000000e+00 2.357693333669176639e+01
0.000000000000000000e+00 2.357693333669176639e+01
0.000000000000000000e+00 2.357692948393637167e+01
0.000000000000000000e+00 2.357692948393637167e+01
0.000000000000000000e+00 2.357692948393637167e+01
0.000000000000000000e+00 2.357692563119582019e+01
0.000000000000000000e+00 2.357691022038205020e+01
0.000000000000000000e+00 2.357566273252188438e+01
0.000000000000000000e+00 2.357293830689483372e+01
0.000000000000000000e+00 2.357291912007080725e+01
0.000000000000000000e+00 2.357291144544427297e+01
0.000000000000000000e+00 2.356952501397039867e+01
0.000000000000000000e+00 2.356952118965194032e+01
0.000000000000000000e+00 2.356952118965194032e+01
0.000000000000000000e+00 2.319904023533041482e+01
0.000000000000000000e+00 2.204397131991366621e+01
0.000000000000000000e+00 2.204396882453739082e+01
0.000000000000000000e+00 2.204396799274668339e+01
0.000000000000000000e+00 2.203693834465890333e+01
0.000000000000000000e+00 2.196485591553582140e+01
0.000000000000000000e+00 2.196485360997438718e+01
0.000000000000000000e+00 2.196485207293638098e+01
0.000000000000000000e+00 2.196485207293638098e+01
0.000000000000000000e+00 2.184666240294524542e+01
0.000000000000000000e+00 2.184666172009572804e+01
0.000000000000000000e+00 2.184666172009572804e+01
0.000000000000000000e+00 2.184666172009572804e+01
0.000000000000000000e+00 2.184666103724667607e+01
0.000000000000000000e+00 2.184666035439809306e+01
0.000000000000000000e+00 2.184666035439809306e+01
0.000000000000000000e+00 2.184666035439809306e+01
0.000000000000000000e+00 2.184665694016216264e+01
0.000000000000000000e+00 2.184592314998025131e+01
0.000000000000000000e+00 2.184513876078479200e+01
0.000000000000000000e+00 2.184513603354801603e+01
0.000000000000000000e+00 2.184513466993241693e+01
0.000000000000000000e+00 2.184202977186662764e+01
0.000000000000000000e+00 2.184202841248020022e+01
0.000000000000000000e+00 2.184202501402221586e+01
0.000000000000000000e+00 2.089730462765115604e+01
0.000000000000000000e+00 2.081128265073152406e+01
0.000000000000000000e+00 2.081128265073152406e+01
0.000000000000000000e+00 2.081128143836151878e+01
0.000000000000000000e+00 2.081128095341392736e+01
0.000000000000000000e+00 2.069616042608318907e+01
0.000000000000000000e+00 2.069616042608318907e+01
0.000000000000000000e+00 2.069616020997638017e+01
0.000000000000000000e+00 2.069239968394655094e+01
0.000000000000000000e+00 2.069239925335537578e+01
0.000000000000000000e+00 2.069239903805985392e+01
0.000000000000000000e+00 2.069239903805985392e+01
0.000000000000000000e+00 2.069239903805985392e+01
0.000000000000000000e+00 2.069239860746895587e+01
0.000000000000000000e+00 2.069239860746895587e+01
0.000000000000000000e+00 2.069239839217357613e+01
0.000000000000000000e+00 2.069239774628771045e+01
0.000000000000000000e+00 2.069043961700843326e+01
0.000000000000000000e+00 2.069043854263873783e+01
0.000000000000000000e+00 2.069043832776493730e+01
0.000000000000000000e+00 2.068911493674085023e+01
0.000000000000000000e+00 2.049288281645556964e+01
0.000000000000000000e+00 1.451189371061738953e+01
0.000000000000000000e+00 1.451177741681737210e+01
0.000000000000000000e+00 1.451177741548094069e+01
0.000000000000000000e+00 1.451177741548094069e+01
0.000000000000000000e+00 1.335781984128682609e+01
0.000000000000000000e+00 1.335781984086533392e+01
0.000000000000000000e+00 1.335781984086533392e+01
0.000000000000000000e+00 1.335767046542287595e+01
0.000000000000000000e+00 1.162857599118658314e+01
0.000000000000000000e+00 1.162857599118658314e+01
0.000000000000000000e+00 1.162857599113672791e+01
0.000000000000000000e+00 1.162825841265874516e+01
0.000000000000000000e+00 1.047444870228854441e+01
0.000000000000000000e+00 1.047435746905069109e+01
0.000000000000000000e+00 1.047435746903497211e+01
0.000000000000000000e+00 1.047435746902711351e+01
0.000000000000000000e+00 1.027606419087121914e+01
0.000000000000000000e+00 1.027606419085832634e+01
0.000000000000000000e+00 1.027606419084543532e+01
0.000000000000000000e+00 1.027587224911396113e+01
0.000000000000000000e+00 5.943025803828589498e-02
5.000000000000000000e-01 2.772150231890425331e+01
5.000000000000000000e-01 2.772125927600598416e+01
5.000000000000000000e-01 2.772101629216321683e+01
5.000000000000000000e-01 2.772101629216321683e+01
5.000000000000000000e-01 2.772077336734725250e+01
5.000000000000000000e-01 2.772077336734725250e+01
5.000000000000000000e-01 2.761354430460803044e+01
5.000000000000000000e-01 2.761310800442658930e+01
5.000000000000000000e-01 2.761027668379403011e+01
5.000000000000000000e-01 2.761005922157723091e+01
5.000000000000000000e-01 2.761005922157723091e+01
5.000000000000000000e-01 2.760962443896168850e+01
5.000000000000000000e-01 2.760940711852184393e+01
5.000000000000000000e-01 2.760940711852184393e+01
5.000000000000000000e-01 2.753509739109658128e+01
5.000000000000000000e-01 2.753489567652201941e+01
5.000000000000000000e-01 2.659966483318167718e+01
5.000000000000000000e-01 2.659966483318167718e+01
5.000000000000000000e-01 2.659966483318167718e+01
5.000000000000000000e-01 2.659958567228711956e+01
5.000000000000000000e-01 2.659950651765851148e+01
5.000000000000000000e-01 2.659934822719517911e+01
5.000000000000000000e-01 2.656107458618304662e+01
5.000000000000000000e-01 2.656084611049567457e+01
5.000000000000000000e-01 2.646978163240575554e+01
5.000000000000000000e-01 2.646964259868985536e+01
5.000000000000000000e-01 2.646943408435373968e+01
5.000000000000000000e-01 2.646936458923574165e+01
5.000000000000000000e-01 2.646929509894698285e+01
5.000000000000000000e-01 2.646929509894698285e+01
5.000000000000000000e-01 2.645576738903094238e+01
5.000000000000000000e-01 2.645556174760032420e+01
5.000000000000000000e-01 2.638109155769103609e+01
5.000000000000000000e-01 2.638096432313395923e+01
5.000000000000000000e-01 2.638090071192564068e+01
5.000000000000000000e-01 2.638090071192564068e+01
5.000000000000000000e-01 2.638083710476345445e+01
5.000000000000000000e-01 2.638083710476345445e+01
5.000000000000000000e-01 2.638070990257540416e+01
5.000000000000000000e-01 2.638058271656569431e+01
5.000000000000000000e-01 2.626097845679777620e+01
5.000000000000000000e-01 2.626092203771682776e+01
5.000000000000000000e-01 2.522770241954125936e+01
5.000000000000000000e-01 2.522764219127611796e+01
5.000000000000000000e-01 2.316290053271110949e+01
5.000000000000000000e-01 2.316289543953138619e+01
5.000000000000000000e-01 2.200784813397281781e+01
5.000000000000000000e-01 2.200784652940944142e+01
5.000000000000000000e-01 2.027937263308254145e+01
5.000000000000000000e-01 2.027937220573518928e+01
5.000000000000000000e-01 2.027905900924342220e+01
5.000000000000000000e-01 2.027905858203007483e+01
5.000000000000000000e-01 2.027905858203007483e+01
5.000000000000000000e-01 2.027905858203007483e+01
5.000000000000000000e-01 2.027780108756265420e+01
5.000000000000000000e-01 2.027780066088637057e+01
5.000000000000000000e-01 1.912564443027615724e+01
5.000000000000000000e-01 1.912564434040258021e+01
5.000000000000000000e-01 1.912501515373112682e+01
5.000000000000000000e-01 1.912501506391408412e+01
5.000000000000000000e-01 1.912501501900556633e+01
5.000000000000000000e-01 1.912501497409705209e+01
5.000000000000000000e-01 1.912392492022476986e+01
5.000000000000000000e-01 1.912392483050559733e+01
5.000000000000000000e-01 1.892655530968680466e+01
5.000000000000000000e-01 1.892655519921282803e+01
5.000000000000000000e-01 1.892655519921282803e+01
5.000000000000000000e-01 1.892655508873886205e+01
5.000000000000000000e-01 1.892655508873886205e+01
5.000000000000000000e-01 1.892655505191421028e+01
5.000000000000000000e-01 1.892595292922585770e+01
5.000000000000000000e-01 1.892595289242337131e+01
5.000000000000000000e-01 1.739553056577419454e+01
5.000000000000000000e-01 1.739553053391145099e+01
5.000000000000000000e-01 1.731560182690108007e+01
5.000000000000000000e-01 1.731560181219352401e+01
5.000000000000000000e-01 1.624182743570165499e+01
5.000000000000000000e-01 1.624182742816293867e+01
5.000000000000000000e-01 1.616135156959151686e+01
5.000000000000000000e-01 1.616135156727291644e+01
5.000000000000000000e-01 1.616135155799851120e+01
5.000000000000000000e-01 1.616135155567991077e+01
5.000000000000000000e-01 1.616135155336130680e+01
5.000000000000000000e-01 1.616135154640550553e+01
5.000000000000000000e-01 1.616130823819490914e+01
5.000000000000000000e-01 1.616130822428390346e+01
5.000000000000000000e-01 1.604343519840253762e+01
5.000000000000000000e-01 1.604343519428113041e+01
5.000000000000000000e-01 1.604343519222042502e+01
5.000000000000000000e-01 1.604343519015972319e+01
5.000000000000000000e-01 1.604343519015972319e+01
5.000000000000000000e-01 1.604343518809901781e+01
5.000000000000000000e-01 1.604292880355119877e+01
5.000000000000000000e-01 1.604292880149153788e+01
5.000000000000000000e-01 1.500731357912647468e+01
5.000000000000000000e-01 1.500731357912647468e+01
5.000000000000000000e-01 8.709764439172332118e+00
5.000000000000000000e-01 8.709764439166947980e+00
5.000000000000000000e-01 5.826384183033115782e+00
5.000000000000000000e-01 5.826384183032814690e+00
1.000000000000000000e+00 2.757922826323957466e+01
1.000000000000000000e+00 2.757544037992263597e+01
1.000000000000000000e+00 2.604845302865782841e+01
1.000000000000000000e+00 2.604426492220382627e+01
1.000000000000000000e+00 2.604426492220382627e+01
1.000000000000000000e+00 2.604417407092730130e+01
1.000000000000000000e+00 2.596852612813393435e+01
1.000000000000000000e+00 2.596852612813393435e+01
1.000000000000000000e+00 2.596848401489141978e+01
1.000000000000000000e+00 2.596844190342235237e+01
1.000000000000000000e+00 2.489585275374136586e+01
1.000000000000000000e+00 2.489583834690676056e+01
1.000000000000000000e+00 2.489582394027971191e+01
1.000000000000000000e+00 2.488823178296926741e+01
1.000000000000000000e+00 2.481698434665403141e+01
1.000000000000000000e+00 2.481697103240445301e+01
1.000000000000000000e+00 2.481690446381548298e+01
1.000000000000000000e+00 2.481686452478906091e+01
1.000000000000000000e+00 2.481394000192725713e+01
1.000000000000000000e+00 2.481394000192725713e+01
1.000000000000000000e+00 2.481392672814894240e+01
1.000000000000000000e+00 2.481391345454681741e+01
1.000000000000000000e+00 2.481391345454681741e+01
1.000000000000000000e+00 2.481390018112087859e+01
1.000000000000000000e+00 2.481388690787112239e+01
1.000000000000000000e+00 2.481386036190013655e+01
1.000000000000000000e+00 2.480721951096306199e+01
1.000000000000000000e+00 2.480721951096306199e+01
1.000000000000000000e+00 2.480721951096306199e+01
1.000000000000000000e+00 2.480715358834300943e+01
1.000000000000000000e+00 2.469515455450235208e+01
1.000000000000000000e+00 2.469509562038478734e+01
1.000000000000000000e+00 2.469509562038478734e+01
1.000000000000000000e+00 2.469509562038478734e+01
1.000000000000000000e+00 2.469507204771023012e+01
1.000000000000000000e+00 2.469506026158132528e+01
1.000000000000000000e+00 2.469506026158132528e+01
1.000000000000000000e+00 2.469503668974024535e+01
1.000000000000000000e+00 2.469503668974024535e+01
1.000000000000000000e+00 2.469444757422122194e+01
1.000000000000000000e+00 2.469442401681771670e+01
1.000000000000000000e+00 2.469441223832406962e+01
1.000000000000000000e+00 2.469264703357273660e+01
1.000000000000000000e+00 2.469262351854663251e+01
1.000000000000000000e+00 2.469260000407347277e+01
1.000000000000000000e+00 2.469256473340044522e+01
1.000000000000000000e+00 2.365586770523615812e+01
1.000000000000000000e+00 2.365585102856348954e+01
1.000000000000000000e+00 2.365584685943877474e+01
1.000000000000000000e+00 2.365584269033144338e+01
1.000000000000000000e+00 2.308155970792746459e+01
1.000000000000000000e+00 2.308155970792746459e+01
1.000000000000000000e+00 2.308155501262886844e+01
1.000000000000000000e+00 2.308154562209780991e+01
1.000000000000000000e+00 2.193257220531645402e+01
1.000000000000000000e+00 2.193257071710383954e+01
1.000000000000000000e+00 2.193257071710383954e+01
1.000000000000000000e+00 2.193256922889344196e+01
1.000000000000000000e+00 2.192948966187811521e+01
1.000000000000000000e+00 2.192948892006173978e+01
1.000000000000000000e+00 2.192948892006173978e+01
1.000000000000000000e+00 2.192948817824591501e+01
1.000000000000000000e+00 2.192948817824591501e+01
1.000000000000000000e+00 2.192948817824591501e+01
1.000000000000000000e+00 2.192948743643064091e+01
1.000000000000000000e+00 2.192948743643064091e+01
1.000000000000000000e+00 2.192414434826213920e+01
1.000000000000000000e+00 2.192414361040042436e+01
1.000000000000000000e+00 2.192414361040042436e+01
1.000000000000000000e+00 2.192414287253925664e+01
1.000000000000000000e+00 2.181155712013138626e+01
1.000000000000000000e+00 2.181155712013138626e+01
1.000000000000000000e+00 2.181155580154425166e+01
1.000000000000000000e+00 2.181023545015483123e+01
1.000000000000000000e+00 2.173044925654173909e+01
1.000000000000000000e+00 2.173044804068009128e+01
1.000000000000000000e+00 2.173044804068009128e+01
1.000000000000000000e+00 2.173044682481992496e+01
1.000000000000000000e+00 2.077830739930872994e+01
1.000000000000000000e+00 2.077830716469986427e+01
1.000000000000000000e+00 2.077830716469986427e+01
1.000000000000000000e+00 2.077830693009105190e+01
1.000000000000000000e+00 2.057610837164867235e+01
1.000000000000000000e+00 2.057610817998910235e+01
1.000000000000000000e+00 2.057610779667007250e+01
1.000000000000000000e+00 2.057610760501061264e+01
1.000000000000000000e+00 1.736018919933531635e+01
1.000000000000000000e+00 1.447672889437005317e+01
1.000000000000000000e+00 1.447672889393991902e+01
1.000000000000000000e+00 1.447672889350978664e+01
1.000000000000000000e+00 1.447658067539655491e+01
1.000000000000000000e+00 1.159352540516522723e+01
1.000000000000000000e+00 1.151316302709408390e+01
1.000000000000000000e+00 1.151316302707187411e+01
1.000000000000000000e+00 1.151316302707187411e+01
1.000000000000000000e+00 1.151316302702745453e+01
1.000000000000000000e+00 1.035900664056157261e+01
1.000000000000000000e+00 1.035900664054756604e+01
1.000000000000000000e+00 1.035900664053355946e+01
1.000000000000000000e+00 1.035900664052655706e+01
1.500000000000000000e+00 3.046015708033545621e+01
1.500000000000000000e+00 3.044894200951531715e+01
1.500000000000000000e+00 3.044894200951531715e+01
1.500000000000000000e+00 3.044894200951531715e+01
1.500000000000000000e+00 3.039116420884850456e+01
1.500000000000000000e+00 3.038766157829730474e+01
1.500000000000000000e+00 3.038766157829730474e+01
1.500000000000000000e+00 3.038766157829730474e+01
1.500000000000000000e+00 3.038417117335753659e+01
1.500000000000000000e+00 3.038417117335753659e+01
1.500000000000000000e+00 3.038069290898121011e+01
1.500000000000000000e+00 3.037722670100472300e+01
1.500000000000000000e+00 2.943161235428406286e+01
1.500000000000000000e+00 2.943161235428406286e+01
1.500000000000000000e+00 2.942892778891339489e+01
1.500000000000000000e+00 2.942892778891339489e+01
1.500000000000000000e+00 2.942892778891339489e+01
1.500000000000000000e+00 2.942758820398433883e+01
1.500000000000000000e+00 2.939337434052973563e+01
1.500000000000000000e+00 2.938950086893393632e+01
1.500000000000000000e+00 2.923130829493967653e+01
1.500000000000000000e+00 2.923130829493967653e+01
1.500000000000000000e+00 2.923130829493967653e+01
1.500000000000000000e+00 2.923020878960625879e+01
1.500000000000000000e+00 2.922911049185719889e+01
1.500000000000000000e+00 2.922911049185719889e+01
1.500000000000000000e+00 2.921710816556056400e+01
1.500000000000000000e+00 2.921602415461430269e+01
1.500000000000000000e+00 2.885675236870552496e+01
1.500000000000000000e+00 2.885297735478494729e+01
1.500000000000000000e+00 2.769843546244072741e+01
1.500000000000000000e+00 2.769819796095522690e+01
1.500000000000000000e+00 2.769796051586329000e+01
1.500000000000000000e+00 2.769772312713813989e+01
1.500000000000000000e+00 2.769772312713813989e+01
1.500000000000000000e+00 2.769653702807843487e+01
1.500000000000000000e+00 2.765793656048930416e+01
1.500000000000000000e+00 2.765702456772203632e+01
1.500000000000000000e+00 2.762385254370956744e+01
1.500000000000000000e+00 2.762319138666068952e+01
1.500000000000000000e+00 2.750001302768606948e+01
1.500000000000000000e+00 2.749962354374735796e+01
1.500000000000000000e+00 2.749962354374735796e+01
1.500000000000000000e+00 2.749942885864988895e+01
1.500000000000000000e+00 2.749884503066794394e+01
1.500000000000000000e+00 2.749865049706165010e+01
1.500000000000000000e+00 2.749147922880567307e+01
1.500000000000000000e+00 2.749109305386362578e+01
1.500000000000000000e+00 2.658520371980901587e+01
1.500000000000000000e+00 2.658504767705298377e+01
1.500000000000000000e+00 2.647375224122378512e+01
1.500000000000000000e+00 2.647368244537660686e+01
1.500000000000000000e+00 2.635113381196510574e+01
1.500000000000000000e+00 2.635107207023076015e+01
1.500000000000000000e+00 2.634528530205098562e+01
1.500000000000000000e+00 2.634522392034885385e+01
1.500000000000000000e+00 2.634516254241420086e+01
1.500000000000000000e+00 2.634503979784549443e+01
1.500000000000000000e+00 2.634503979784549443e+01
1.500000000000000000e+00 2.634497843121051375e+01
1.500000000000000000e+00 2.312737735073713452e+01
1.500000000000000000e+00 2.312737489301910188e+01
1.500000000000000000e+00 2.024393808447010201e+01
1.500000000000000000e+00 2.024393794698019988e+01
1.500000000000000000e+00 2.016420929437567722e+01
1.500000000000000000e+00 2.016420929437567722e+01
1.500000000000000000e+00 2.016362890397736507e+01
1.500000000000000000e+00 2.016362877709742563e+01
1.500000000000000000e+00 2.016362865021750039e+01
1.500000000000000000e+00 2.016362852333759292e+01
1.500000000000000000e+00 2.016362839645769967e+01
1.500000000000000000e+00 2.016362839645769967e+01
1.500000000000000000e+00 1.900968925541929977e+01
1.500000000000000000e+00 1.900968921540240686e+01
1.500000000000000000e+00 1.900968917538551750e+01
1.500000000000000000e+00 1.900968917538551750e+01
1.500000000000000000e+00 1.900968909535173879e+01
1.500000000000000000e+00 1.900968905533485298e+01
1.500000000000000000e+00 1.900843735054420591e+01
1.500000000000000000e+00 1.900843723064372881e+01
1.500000000000000000e+00 1.728054990155050064e+01
1.500000000000000000e+00 1.728054988734954023e+01
1.500000000000000000e+00 1.728054988024906180e+01
1.500000000000000000e+00 1.728054987314858337e+01
1.500000000000000000e+00 1.728054986604810139e+01
1.500000000000000000e+00 1.728054985894762297e+01
1.500000000000000000e+00 1.727943680392743531e+01
1.500000000000000000e+00 1.727943678264969307e+01
1.500000000000000000e+00 1.612687250783900694e+01
1.500000000000000000e+00 1.612687248991884204e+01
1.500000000000000000e+00 1.612620109230381615e+01
1.500000000000000000e+00 1.612620108111122974e+01
1.500000000000000000e+00 1.612620107887271459e+01
1.500000000000000000e+00 1.612620107215716203e+01
1.500000000000000000e+00 1.612620106768012818e+01
1.500000000000000000e+00 1.612620106320309432e+01
1.500000000000000000e+00 1.592774081287466892e+01
1.500000000000000000e+00 1.592774080920353441e+01
1.500000000000000000e+00 5.711011183373850386e+00
1.500000000000000000e+00 5.711011183373716271e+00
2.000000000000000000e+00 3.465735902799726631e+01
2.000000000000000000e+00 3.465735902799726631e+01
2.000000000000000000e+00 3.465735902799726631e+01
2.000000000000000000e+00 3.465735902799726631e+01
2.000000000000000000e+00 3.465735902799726631e+01
2.000000000000000000e+00 3.465735902799726631e+01
2.000000000000000000e+00 3.465735902799726631e+01
2.000000000000000000e+00 3.465735902799726631e+01
2.000000000000000000e+00 3.443421547668305749e+01
2.000000000000000000e+00 3.443421547668305749e+01
2.000000000000000000e+00 3.443421547668305749e+01
2.000000000000000000e+00 3.443421547668305749e+01
2.000000000000000000e+00 3.443421547668305749e+01
2.000000000000000000e+00 3.340459605950189825e+01
2.000000000000000000e+00 3.333560318801494304e+01
2.000000000000000000e+00 3.333560318801494304e+01
2.000000000000000000e+00 3.327106466687737196e+01
2.000000000000000000e+00 3.327106466687737196e+01
2.000000000000000000e+00 3.327106466687737196e+01
2.000000000000000000e+00 3.321044004506094183e+01
2.000000000000000000e+00 3.315328163122099170e+01
2.000000000000000000e+00 3.235477393500322307e+01
2.000000000000000000e+00 3.233008132241285182e+01
2.000000000000000000e+00 3.230598377083379091e+01
2.000000000000000000e+00 3.217245237820926462e+01
2.000000000000000000e+00 3.215183309100653020e+01
2.000000000000000000e+00 3.213163038368900715e+01
2.000000000000000000e+00 3.211182775639282738e+01
2.000000000000000000e+00 3.205466934255288436e+01
2.000000000000000000e+00 2.889609411792770288e+01
2.000000000000000000e+00 2.881962858083132417e+01
2.000000000000000000e+00 2.881817191633486175e+01
2.000000000000000000e+00 2.881817191633486175e+01
2.000000000000000000e+00 2.881817191633486175e+01
2.000000000000000000e+00 2.765884938574666307e+01
2.000000000000000000e+00 2.765770848431087359e+01
2.000000000000000000e+00 2.765748046013932182e+01
2.000000000000000000e+00 2.765725248795094160e+01
2.000000000000000000e+00 2.593404637627261522e+01
2.000000000000000000e+00 2.593400569030723091e+01
2.000000000000000000e+00 2.593396500599713050e+01
2.000000000000000000e+00 2.593392432334217546e+01
2.000000000000000000e+00 2.593221714464936056e+01
2.000000000000000000e+00 2.593213592307686710e+01
2.000000000000000000e+00 2.593213592307686710e+01
2.000000000000000000e+00 2.593213592307686710e+01
2.000000000000000000e+00 2.593209531476433938e+01
2.000000000000000000e+00 2.593205470810077884e+01
2.000000000000000000e+00 2.593205470810077884e+01
2.000000000000000000e+00 2.593205470810077884e+01
2.000000000000000000e+00 2.592602266746411743e+01
2.000000000000000000e+00 2.592602266746411743e+01
2.000000000000000000e+00 2.592598230663832837e+01
2.000000000000000000e+00 2.592594194744147273e+01
2.000000000000000000e+00 2.478272115419020238e+01
2.000000000000000000e+00 2.478272115419020238e+01
2.000000000000000000e+00 2.478272115419020238e+01
2.000000000000000000e+00 2.478269542277471515e+01
2.000000000000000000e+00 2.477856127555546450e+01
2.000000000000000000e+00 2.477854846317357840e+01
2.000000000000000000e+00 2.477854846317357840e+01
2.000000000000000000e+00 2.477854846317357840e+01
2.000000000000000000e+00 2.477853565095584543e+01
2.000000000000000000e+00 2.477852283890226559e+01
2.000000000000000000e+00 2.477851002701283178e+01
2.000000000000000000e+00 2.477849721528754046e+01
2.000000000000000000e+00 2.477231552604073528e+01
2.000000000000000000e+00 2.477227732870053956e+01
2.000000000000000000e+00 2.477226459657802948e+01
2.000000000000000000e+00 2.477225186461762618e+01
2.000000000000000000e+00 2.457842768302434777e+01
2.000000000000000000e+00 2.457841719452236973e+01
2.000000000000000000e+00 2.457840670613039435e+01
2.000000000000000000e+00 2.457838572967646584e+01
2.000000000000000000e+00 2.304688951652548923e+01
2.000000000000000000e+00 2.304688271358072171e+01
2.000000000000000000e+00 2.304687817830992103e+01
2.000000000000000000e+00 2.304687591068223185e+01
2.000000000000000000e+00 2.296846757681933227e+01
2.000000000000000000e+00 2.189555240473181286e+01
2.000000000000000000e+00 2.189554953648062963e+01
2.000000000000000000e+00 2.189554953648062963e+01
2.000000000000000000e+00 2.189554953648062963e+01
2.000000000000000000e+00 2.181445627859400460e+01
2.000000000000000000e+00 2.181445561738604866e+01
2.000000000000000000e+00 2.181445297255860538e+01
2.000000000000000000e+00 2.181437495329574361e+01
2.000000000000000000e+00 2.169539799810214475e+01
2.000000000000000000e+00 2.169539741111075770e+01
2.000000000000000000e+00 2.169539682411971171e+01
2.000000000000000000e+00 2.169539565013865356e+01
2.000000000000000000e+00 2.066091621120001065e+01
2.000000000000000000e+00 1.436132132039107567e+01
2.000000000000000000e+00 1.436132132000782491e+01
2.000000000000000000e+00 1.436132131962457414e+01
2.000000000000000000e+00 1.436132131885807439e+01
2.000000000000000000e+00 1.147809507739032497e+01
2.000000000000000000e+00 1.147809507736888079e+01
2.000000000000000000e+00 1.147809507734743661e+01
2.000000000000000000e+00 1.147809507734743661e+01
2.500000000000000000e+00 3.604365338911715355e+01
2.500000000000000000e+00 3.604365338911715355e+01
2.500000000000000000e+00 3.604365338911715355e+01
2.500000000000000000e+00 3.604365338911715355e+01
2.500000000000000000e+00 3.604365338911715355e+01
2.500000000000000000e+00 3.604365338911715355e+01
2.500000000000000000e+00 3.604365338911715355e+01
2.500000000000000000e+00 3.604365338911715355e+01
2.500000000000000000e+00 3.604365338911715355e+01
2.500000000000000000e+00 3.604365338911715355e+01
2.500000000000000000e+00 3.604365338911715355e+01
2.500000000000000000e+00 3.604365338911715355e+01
2.500000000000000000e+00 3.535050620855721348e+01
2.500000000000000000e+00 3.535050620855721348e+01
2.500000000000000000e+00 3.535050620855721348e+01
2.500000000000000000e+00 3.535050620855721348e+01
2.500000000000000000e+00 3.535050620855721348e+01
2.500000000000000000e+00 3.494504110044904621e+01
2.500000000000000000e+00 3.494504110044904621e+01
2.500000000000000000e+00 3.465735902799726631e+01
2.500000000000000000e+00 3.465735902799726631e+01
2.500000000000000000e+00 3.443421547668305749e+01
2.500000000000000000e+00 3.443421547668305749e+01
2.500000000000000000e+00 3.443421547668305749e+01
2.500000000000000000e+00 3.355874673932915897e+01
2.500000000000000000e+00 3.355874673932915897e+01
2.500000000000000000e+00 3.347870403165561726e+01
2.500000000000000000e+00 3.347870403165561726e+01
2.500000000000000000e+00 3.340459605950189825e+01
2.500000000000000000e+00 3.340459605950189825e+01
2.500000000000000000e+00 3.333560318801494304e+01
2.500000000000000000e+00 3.333560318801494304e+01
2.500000000000000000e+00 3.327106466687737196e+01
2.500000000000000000e+00 3.315328163122099170e+01
2.500000000000000000e+00 3.172616527558084698e+01
2.500000000000000000e+00 3.172616527558084698e+01
2.500000000000000000e+00 3.171292004883082427e+01
2.500000000000000000e+00 3.171292004883082427e+01
2.500000000000000000e+00 3.169984796726347298e+01
2.500000000000000000e+00 3.168694456242756274e+01
2.500000000000000000e+00 3.168694456242756274e+01
2.500000000000000000e+00 3.167420553665013472e+01
2.500000000000000000e+00 3.163693414185290465e+01
2.500000000000000000e+00 3.162481278132055706e+01
2.500000000000000000e+00 3.056718983718564431e+01
2.500000000000000000e+00 3.056718983718564431e+01
2.500000000000000000e+00 3.056718983718564431e+01
2.500000000000000000e+00 3.056718983718564431e+01
2.500000000000000000e+00 3.056301446577516501e+01
2.500000000000000000e+00 3.056301446577516501e+01
2.500000000000000000e+00 3.053426505248917877e+01
2.500000000000000000e+00 3.052620049265244973e+01
2.500000000000000000e+00 3.050238984395873132e+01
2.500000000000000000e+00 3.049069380419553710e+01
2.500000000000000000e+00 3.048297175810162685e+01
2.500000000000000000e+00 3.047913298179446429e+01
2.500000000000000000e+00 3.047530888535606053e+01
2.500000000000000000e+00 3.046015708033545621e+01
2.500000000000000000e+00 3.043785132282116024e+01
2.500000000000000000e+00 3.043785132282116024e+01
2.500000000000000000e+00 3.035667803277733512e+01
2.500000000000000000e+00 3.035329393479309701e+01
2.500000000000000000e+00 3.035329393479309701e+01
2.500000000000000000e+00 3.034655990261175162e+01
2.500000000000000000e+00 3.034655990261175162e+01
2.500000000000000000e+00 3.034655990261175162e+01
2.500000000000000000e+00 3.034320981572647113e+01
2.500000000000000000e+00 3.033987091446095619e+01
2.500000000000000000e+00 2.930195269446510054e+01
2.500000000000000000e+00 2.930195269446510054e+01
2.500000000000000000e+00 2.872910055679307462e+01
2.500000000000000000e+00 2.872776988460737257e+01
2.500000000000000000e+00 2.760226191111719984e+01
2.500000000000000000e+00 2.760226191111719984e+01
2.500000000000000000e+00 2.758684734771601299e+01
2.500000000000000000e+00 2.758642253887360241e+01
2.500000000000000000e+00 2.758642253887360241e+01
2.500000000000000000e+00 2.758642253887360241e+01
2.500000000000000000e+00 2.755960341629417343e+01
2.500000000000000000e+00 2.755919002232383619e+01
2.500000000000000000e+00 2.746498887561281776e+01
2.500000000000000000e+00 2.746423685452078800e+01
2.500000000000000000e+00 2.645036622046341179e+01
2.500000000000000000e+00 2.645036622046341179e+01
2.500000000000000000e+00 2.301208599584742842e+01
2.500000000000000000e+00 2.301208380575867452e+01
2.500000000000000000e+00 2.012859846214336557e+01
2.500000000000000000e+00 2.012859833963113942e+01
2.500000000000000000e+00 2.012859833963113942e+01
2.500000000000000000e+00 2.012859833963113942e+01
2.500000000000000000e+00 2.012859833963113942e+01
2.500000000000000000e+00 2.012859809460672622e+01
2.500000000000000000e+00 2.012835224286364166e+01
2.500000000000000000e+00 2.012835212038157451e+01
2.500000000000000000e+00 1.724552243190345280e+01
2.500000000000000000e+00 1.724552242504737976e+01
2.500000000000000000e+00 1.716511889960970549e+01
2.500000000000000000e+00 1.716511888695690757e+01
2.500000000000000000e+00 1.601087248565733034e+01
2.500000000000000000e+00 1.601087248366264859e+01
3.000000000000000000e+00 nan
3.000000000000000000e+00 nan
3.000000000000000000e+00 nan
3.000000000000000000e+00 nan
3.000000000000000000e+00 nan
3.000000000000000000e+00 nan
3.000000000000000000e+00 nan
3.000000000000000000e+00 nan
3.000000000000000000e+00 nan
3.000000000000000000e+00 nan
3.000000000000000000e+00 nan
3.000000000000000000e+00 nan
3.000000000000000000e+00 nan
3.000000000000000000e+00 nan
3.000000000000000000e+00 nan
3.000000000000000000e+00 nan
3.000000000000000000e+00 nan
3.000000000000000000e+00 nan
3.000000000000000000e+00 nan
3.000000000000000000e+00 nan
3.000000000000000000e+00 nan
3.000000000000000000e+00 nan
3.000000000000000000e+00 nan
3.000000000000000000e+00 nan
3.000000000000000000e+00 nan
3.000000000000000000e+00 nan
3.000000000000000000e+00 nan
3.000000000000000000e+00 inf
3.000000000000000000e+00 inf
3.000000000000000000e+00 inf
3.000000000000000000e+00 inf
3.000000000000000000e+00 inf
3.000000000000000000e+00 inf
3.000000000000000000e+00 inf
3.000000000000000000e+00 inf
3.000000000000000000e+00 inf
3.000000000000000000e+00 inf
3.000000000000000000e+00 inf
3.000000000000000000e+00 inf
3.000000000000000000e+00 inf
3.000000000000000000e+00 inf
3.000000000000000000e+00 inf
3.000000000000000000e+00 3.604365338911715355e+01
3.000000000000000000e+00 3.604365338911715355e+01
3.000000000000000000e+00 3.604365338911715355e+01
3.000000000000000000e+00 3.604365338911715355e+01
3.000000000000000000e+00 3.604365338911715355e+01
3.000000000000000000e+00 3.604365338911715355e+01
3.000000000000000000e+00 3.604365338911715355e+01
3.000000000000000000e+00 3.604365338911715355e+01
3.000000000000000000e+00 3.604365338911715355e+01
3.000000000000000000e+00 3.604365338911715355e+01
3.000000000000000000e+00 3.604365338911715355e+01
3.000000000000000000e+00 3.604365338911715355e+01
3.000000000000000000e+00 3.604365338911715355e+01
3.000000000000000000e+00 3.604365338911715355e+01
3.000000000000000000e+00 3.604365338911715355e+01
3.000000000000000000e+00 3.604365338911715355e+01
3.000000000000000000e+00 3.604365338911715355e+01
3.000000000000000000e+00 3.604365338911715355e+01
3.000000000000000000e+00 3.604365338911715355e+01
3.000000000000000000e+00 3.535050620855721348e+01
3.000000000000000000e+00 3.535050620855721348e+01
3.000000000000000000e+00 3.535050620855721348e+01
3.000000000000000000e+00 3.535050620855721348e+01
3.000000000000000000e+00 3.494504110044904621e+01
3.000000000000000000e+00 3.494504110044904621e+01
3.000000000000000000e+00 3.494504110044904621e+01
3.000000000000000000e+00 3.494504110044904621e+01
3.000000000000000000e+00 3.443421547668305749e+01
3.000000000000000000e+00 3.347870403165561726e+01
3.000000000000000000e+00 3.340459605950189825e+01
3.000000000000000000e+00 3.333560318801494304e+01
3.000000000000000000e+00 3.309921440995071862e+01
3.000000000000000000e+00 3.240606722939077144e+01
3.000000000000000000e+00 2.878242829714523410e+01
3.000000000000000000e+00 2.878172629641440494e+01
3.000000000000000000e+00 2.878102478814291487e+01
3.000000000000000000e+00 2.878032377164031885e+01
3.000000000000000000e+00 2.589674918042726404e+01
3.000000000000000000e+00 2.589674918042726404e+01
3.000000000000000000e+00 2.589670998395493839e+01
3.000000000000000000e+00 2.589670998395493839e+01
3.000000000000000000e+00 2.581971410279982138e+01
3.000000000000000000e+00 2.581688739946081057e+01
3.000000000000000000e+00 2.581685121150054130e+01
3.000000000000000000e+00 2.581674265547648162e+01
3.000000000000000000e+00 2.466358525828563941e+01
3.000000000000000000e+00 2.466353957584709988e+01
3.000000000000000000e+00 2.466352815556353661e+01
3.000000000000000000e+00 2.465615510195506843e+01
3.000000000000000000e+00 2.293328567282860320e+01
3.000000000000000000e+00 2.293328162456520403e+01
3.000000000000000000e+00 2.293327960043965419e+01
3.000000000000000000e+00 2.292865506727187608e+01
3.000000000000000000e+00 2.178278479997771910e+01
3.000000000000000000e+00 2.177902326374292485e+01
3.000000000000000000e+00 2.177902326374292485e+01
3.000000000000000000e+00 2.177902134917539456e+01
3.000000000000000000e+00 1.136268806205537629e+01
3.500000000000000000e+00 nan
3.500000000000000000e+00 5.688159757347727918e+01
3.500000000000000000e+00 5.591791260110196049e+01
3.500000000000000000e+00 5.573126749770509036e+01
3.500000000000000000e+00 4.625639651282278919e+01
3.500000000000000000e+00 4.625636854015991162e+01
3.500000000000000000e+00 4.517750290354862841e+01
3.500000000000000000e+00 4.517750098096281164e+01
3.500000000000000000e+00 4.500275820516334591e+01
3.500000000000000000e+00 4.500275654199800357e+01
3.500000000000000000e+00 4.500275335327258830e+01
3.500000000000000000e+00 4.500275031869041698e+01
3.500000000000000000e+00 4.487867939550177709e+01
3.500000000000000000e+00 4.487867882952638610e+01
3.500000000000000000e+00 4.472448276356411867e+01
3.500000000000000000e+00 4.472448243727982486e+01
3.500000000000000000e+00 4.371012215163075609e+01
3.500000000000000000e+00 4.371012185568265096e+01
3.500000000000000000e+00 4.303419027756462611e+01
3.500000000000000000e+00 4.303418885141249461e+01
3.500000000000000000e+00 4.227928346763103917e+01
3.500000000000000000e+00 4.227928332185573623e+01
3.500000000000000000e+00 4.211079009064396672e+01
3.500000000000000000e+00 4.211079005606475789e+01
3.500000000000000000e+00 4.211078960092320500e+01
3.500000000000000000e+00 4.211078952542082732e+01
3.500000000000000000e+00 4.173069067485104000e+01
3.500000000000000000e+00 4.173068979915755250e+01
3.500000000000000000e+00 4.106413501377889474e+01
3.500000000000000000e+00 4.106413499190612271e+01
3.500000000000000000e+00 3.455804428108334747e+01
3.500000000000000000e+00 3.455804428095574110e+01
3.500000000000000000e+00 3.449461091251284017e+01
3.500000000000000000e+00 3.449461090902704541e+01
3.500000000000000000e+00 3.330283230525771643e+01
3.500000000000000000e+00 3.330283230468139521e+01
3.500000000000000000e+00 3.159934064870343562e+01
3.500000000000000000e+00 3.159934064869188930e+01
3.500000000000000000e+00 3.159040310855809253e+01
3.500000000000000000e+00 3.159040310839326793e+01
3.500000000000000000e+00 3.159040310839115762e+01
3.500000000000000000e+00 3.159040310838574683e+01
3.500000000000000000e+00 3.155911562463943909e+01
3.500000000000000000e+00 3.155911562445554353e+01
3.500000000000000000e+00 3.046506556570380653e+01
3.500000000000000000e+00 3.046506556563204882e+01
3.500000000000000000e+00 3.044100491733073000e+01
3.500000000000000000e+00 3.044100491732801572e+01
3.500000000000000000e+00 3.044100491730998925e+01
3.500000000000000000e+00 3.044100491730952385e+01
3.500000000000000000e+00 3.040718050783040738e+01
3.500000000000000000e+00 3.040718050780809634e+01
3.500000000000000000e+00 2.869618105823970566e+01
3.500000000000000000e+00 2.869618105823397158e+01
3.500000000000000000e+00 2.755599380039643265e+01
3.500000000000000000e+00 2.755599380038599833e+01
3.500000000000000000e+00 2.001317903871361992e+01
3.500000000000000000e+00 2.001317903871359150e+01
3.500000000000000000e+00 1.713005906409804169e+01
3.500000000000000000e+00 1.713005906409802037e+01
4.000000000000000000e+00 5.200800801281140906e+01
4.000000000000000000e+00 5.086289457897119348e+01
4.000000000000000000e+00 5.086289329022925187e+01
4.000000000000000000e+00 5.086288624146849457e+01
4.000000000000000000e+00 5.086276152610699341e+01
4.000000000000000000e+00 4.971790821795474358e+01
4.000000000000000000e+00 4.035635406043722639e+01
4.000000000000000000e+00 4.035635406042911200e+01
4.000000000000000000e+00 4.035635405731279945e+01
4.000000000000000000e+00 4.016366796710001097e+01
4.000000000000000000e+00 3.917228479987498702e+01
4.000000000000000000e+00 3.905305751936293035e+01
4.000000000000000000e+00 3.905305751934542258e+01
4.000000000000000000e+00 3.905305751898375632e+01
4.000000000000000000e+00 3.741121911594924399e+01
4.000000000000000000e+00 3.729882437603569656e+01
4.000000000000000000e+00 3.729882437603077250e+01
4.000000000000000000e+00 3.729882437601976619e+01
4.000000000000000000e+00 3.631546841485938160e+01
4.000000000000000000e+00 3.631546841477948107e+01
4.000000000000000000e+00 3.631546841477462806e+01
4.000000000000000000e+00 3.609878399536830074e+01
4.000000000000000000e+00 2.866627366399617571e+01
4.000000000000000000e+00 2.578170183588380127e+01
4.000000000000000000e+00 2.578170183588378706e+01
4.000000000000000000e+00 2.578170183588363429e+01
4.000000000000000000e+00 2.578104299195092253e+01
4.000000000000000000e+00 2.289818078096953258e+01
4.500000000000000000e+00 4.611509533443742725e+01
4.500000000000000000e+00 4.611509533438740505e+01
4.500000000000000000e+00 4.496569714337352508e+01
4.500000000000000000e+00 4.496569714327236511e+01
4.500000000000000000e+00 3.444531018923225929e+01
4.500000000000000000e+00 3.444531018923166243e+01
4.500000000000000000e+00 3.155334456654304987e+01
4.500000000000000000e+00 3.155334456654245301e+01
5.000000000000000000e+00 4.026167349090992786e+01
