-1.150000000000000000e+01 2.746988982024941350e+01
-1.150000000000000000e+01 2.746988982024941350e+01
-1.100000000000000000e+01 2.372426476435097342e+01
-1.050000000000000000e+01 2.672035300540595060e+01
-1.050000000000000000e+01 2.672035300540595060e+01
-1.050000000000000000e+01 2.672035300540595060e+01
-1.050000000000000000e+01 2.672035300540595060e+01
-1.000000000000000000e+01 2.738188962868828114e+01
-1.000000000000000000e+01 2.736261755123131678e+01
-1.000000000000000000e+01 2.691276393839159198e+01
-1.000000000000000000e+01 2.691276393839158843e+01
-1.000000000000000000e+01 2.691180631042062288e+01
-1.000000000000000000e+01 2.691180631042061577e+01
-1.000000000000000000e+01 2.644980874749735733e+01
-1.000000000000000000e+01 2.642517344890386610e+01
-1.000000000000000000e+01 2.637026463264691500e+01
-1.000000000000000000e+01 2.637010159537189580e+01
-1.000000000000000000e+01 2.610026686922035921e+01
-1.000000000000000000e+01 2.610026686922035921e+01
-1.000000000000000000e+01 2.594307927448510043e+01
-1.000000000000000000e+01 2.593915926081235668e+01
-1.000000000000000000e+01 2.583571820539032871e+01
-1.000000000000000000e+01 2.583571820539032871e+01
-1.000000000000000000e+01 2.581528153751749244e+01
-1.000000000000000000e+01 2.581041692131843135e+01
-1.000000000000000000e+01 2.367197725502534311e+01
-1.000000000000000000e+01 2.367197725502534311e+01
-1.000000000000000000e+01 2.346597259652926226e+01
-1.000000000000000000e+01 2.324001091117579776e+01
-1.000000000000000000e+01 2.308870713623843685e+01
-1.000000000000000000e+01 2.308870713623843685e+01
-1.000000000000000000e+01 2.296077793972904502e+01
-1.000000000000000000e+01 2.277998099869067516e+01
-9.500000000000000000e+00 2.727271404793855325e+01
-9.500000000000000000e+00 2.727271399915311179e+01
-9.500000000000000000e+00 2.723055863520390574e+01
-9.500000000000000000e+00 2.723055843035762535e+01
-9.500000000000000000e+00 2.686288959414821420e+01
-9.500000000000000000e+00 2.686288925980791475e+01
-9.500000000000000000e+00 2.682798381044869984e+01
-9.500000000000000000e+00 2.682798328216497552e+01
-9.500000000000000000e+00 2.623092241150747128e+01
-9.500000000000000000e+00 2.623092098530321081e+01
-9.500000000000000000e+00 2.599163014659005810e+01
-9.500000000000000000e+00 2.599162949136249168e+01
-9.500000000000000000e+00 2.532462325190385144e+01
-9.500000000000000000e+00 2.532462322729868376e+01
-9.500000000000000000e+00 2.438551963639196174e+01
-9.500000000000000000e+00 2.438551756437947304e+01
-9.500000000000000000e+00 1.996514716244976739e+01
-9.500000000000000000e+00 1.996514715636805093e+01
-9.500000000000000000e+00 1.958532990228195914e+01
-9.500000000000000000e+00 1.958532979828355280e+01
-9.000000000000000000e+00 2.550277239950967711e+01
-9.000000000000000000e+00 2.550277239950967356e+01
-9.000000000000000000e+00 2.550277239950967356e+01
-9.000000000000000000e+00 2.536023474937289990e+01
-9.000000000000000000e+00 2.531723930122991817e+01
-9.000000000000000000e+00 2.524981674459188241e+01
-9.000000000000000000e+00 2.524981674459187886e+01
-9.000000000000000000e+00 2.524976209759687507e+01
-9.000000000000000000e+00 2.524976209759687507e+01
-9.000000000000000000e+00 2.523170103469445635e+01
-9.000000000000000000e+00 2.522142668617563288e+01
-9.000000000000000000e+00 2.522142349978279796e+01
-9.000000000000000000e+00 2.518490276551919038e+01
-9.000000000000000000e+00 2.511377551214385662e+01
-9.000000000000000000e+00 2.484969288173044433e+01
-9.000000000000000000e+00 2.484601600369557772e+01
-9.000000000000000000e+00 2.478272800130335085e+01
-9.000000000000000000e+00 2.466958259994567371e+01
-9.000000000000000000e+00 2.466954169891947046e+01
-9.000000000000000000e+00 2.466603645460427074e+01
-9.000000000000000000e+00 2.464214598690539759e+01
-9.000000000000000000e+00 2.464214227730082385e+01
-9.000000000000000000e+00 2.436744272929205124e+01
-9.000000000000000000e+00 2.436744235388928814e+01
-9.000000000000000000e+00 2.429725383361976299e+01
-9.000000000000000000e+00 2.398770806501527986e+01
-9.000000000000000000e+00 2.384959927327820850e+01
-9.000000000000000000e+00 2.384510053485124814e+01
-9.000000000000000000e+00 2.376067163097326329e+01
-9.000000000000000000e+00 2.376066011608046225e+01
-9.000000000000000000e+00 2.374633001601110394e+01
-9.000000000000000000e+00 2.365009896597706174e+01
-9.000000000000000000e+00 2.354975084189535650e+01
-9.000000000000000000e+00 2.284509212441670911e+01
-9.000000000000000000e+00 2.240079279982465366e+01
-9.000000000000000000e+00 2.227466022349976527e+01
-9.000000000000000000e+00 2.227465811572069398e+01
-9.000000000000000000e+00 2.215296775035805865e+01
-9.000000000000000000e+00 2.195719348888749423e+01
-9.000000000000000000e+00 2.073911588449199428e+01
-8.500000000000000000e+00 2.350034374963278694e+01
-8.500000000000000000e+00 2.350034263668470658e+01
-8.500000000000000000e+00 2.267470151232071629e+01
-8.500000000000000000e+00 2.267470099427425723e+01
-8.500000000000000000e+00 2.237019010824698384e+01
-8.500000000000000000e+00 2.237018954876215204e+01
-8.500000000000000000e+00 2.236453362132685641e+01
-8.500000000000000000e+00 2.236453220872118308e+01
-8.500000000000000000e+00 2.229210644973872846e+01
-8.500000000000000000e+00 2.229210570665424029e+01
-8.500000000000000000e+00 2.217417524018762620e+01
-8.500000000000000000e+00 2.217417306569489810e+01
-8.500000000000000000e+00 2.212974845441572569e+01
-8.500000000000000000e+00 2.212974623008429020e+01
-8.500000000000000000e+00 2.193883630523403738e+01
-8.500000000000000000e+00 2.193883427166438693e+01
-8.500000000000000000e+00 2.182515044377429447e+01
-8.500000000000000000e+00 2.182514990102395203e+01
-8.500000000000000000e+00 2.180369548849674644e+01
-8.500000000000000000e+00 2.180368739920584886e+01
-8.500000000000000000e+00 2.160348708417068764e+01
-8.500000000000000000e+00 2.160348664838531008e+01
-8.500000000000000000e+00 2.122350855306138584e+01
-8.500000000000000000e+00 2.122350606516686966e+01
-8.500000000000000000e+00 2.117798230947445504e+01
-8.500000000000000000e+00 2.117797820069365500e+01
-8.500000000000000000e+00 2.074546818266214032e+01
-8.500000000000000000e+00 2.074546806171770186e+01
-8.500000000000000000e+00 1.954661064465531339e+01
-8.500000000000000000e+00 1.954661036255021145e+01
-8.500000000000000000e+00 1.954288061683552158e+01
-8.500000000000000000e+00 1.954288050403102517e+01
-8.500000000000000000e+00 1.940042238667018282e+01
-8.500000000000000000e+00 1.940042209448240129e+01
-8.500000000000000000e+00 1.918154274697407757e+01
-8.500000000000000000e+00 1.918154148810545223e+01
-8.500000000000000000e+00 1.881180101790280190e+01
-8.500000000000000000e+00 1.881180071283682054e+01
-8.500000000000000000e+00 1.815270291812342052e+01
-8.500000000000000000e+00 1.815270182607051197e+01
-8.000000000000000000e+00 2.340551283885100986e+01
-8.000000000000000000e+00 2.335148481898156447e+01
-8.000000000000000000e+00 2.334961152839321130e+01
-8.000000000000000000e+00 2.334061406376004300e+01
-8.000000000000000000e+00 2.334061079895668556e+01
-8.000000000000000000e+00 2.328769555948391456e+01
-8.000000000000000000e+00 2.328769233031473007e+01
-8.000000000000000000e+00 2.327257352203345775e+01
-8.000000000000000000e+00 2.323567230771994474e+01
-8.000000000000000000e+00 2.317383846704100137e+01
-8.000000000000000000e+00 2.303944105324213254e+01
-8.000000000000000000e+00 2.303943839695825346e+01
-8.000000000000000000e+00 2.302884534701530228e+01
-8.000000000000000000e+00 2.299122017504508975e+01
-8.000000000000000000e+00 2.298001863906010556e+01
-8.000000000000000000e+00 2.294748038320158656e+01
-8.000000000000000000e+00 2.277073595029978748e+01
-8.000000000000000000e+00 2.270546929667554892e+01
-8.000000000000000000e+00 2.263181252204138971e+01
-8.000000000000000000e+00 2.262438531770953531e+01
-8.000000000000000000e+00 2.262438523867809792e+01
-8.000000000000000000e+00 2.249426002613187237e+01
-8.000000000000000000e+00 2.228593311361903062e+01
-8.000000000000000000e+00 2.219693989424918357e+01
-8.000000000000000000e+00 2.219693866318763042e+01
-8.000000000000000000e+00 2.213820814326967579e+01
-8.000000000000000000e+00 2.213820480950587566e+01
-8.000000000000000000e+00 2.209206113277861405e+01
-8.000000000000000000e+00 2.201211120148790812e+01
-8.000000000000000000e+00 2.201210965175233980e+01
-8.000000000000000000e+00 2.195969319400226638e+01
-8.000000000000000000e+00 2.168373459302670270e+01
-8.000000000000000000e+00 2.116853633859415851e+01
-8.000000000000000000e+00 2.106559314714078823e+01
-8.000000000000000000e+00 1.592535753955905697e+01
-8.000000000000000000e+00 1.592535752845852315e+01
-8.000000000000000000e+00 1.589525625570615119e+01
-8.000000000000000000e+00 1.583596355258034727e+01
-8.000000000000000000e+00 1.563981908717030933e+01
-8.000000000000000000e+00 1.476825559477789618e+01
-7.500000000000000000e+00 2.064594927223448551e+01
-7.500000000000000000e+00 2.064594767194264691e+01
-7.500000000000000000e+00 2.062097743477719902e+01
-7.500000000000000000e+00 2.062097648844906672e+01
-7.500000000000000000e+00 2.057102392026081716e+01
-7.500000000000000000e+00 2.057102359720124340e+01
-7.500000000000000000e+00 2.047427093264165165e+01
-7.500000000000000000e+00 2.047426899130614331e+01
-7.500000000000000000e+00 2.037410034566653039e+01
-7.500000000000000000e+00 2.037410008448840770e+01
-7.500000000000000000e+00 2.035116318470452512e+01
-7.500000000000000000e+00 2.035116268819842134e+01
-7.500000000000000000e+00 2.033528913006469807e+01
-7.500000000000000000e+00 2.033528831152779759e+01
-7.500000000000000000e+00 2.024549958920416515e+01
-7.500000000000000000e+00 2.024549956381648030e+01
-7.500000000000000000e+00 2.022289776174724452e+01
-7.500000000000000000e+00 2.022289332420237074e+01
-7.500000000000000000e+00 2.013553647669635893e+01
-7.500000000000000000e+00 2.013553601231073387e+01
-7.500000000000000000e+00 2.005049898945446074e+01
-7.500000000000000000e+00 2.005049794502632210e+01
-7.500000000000000000e+00 2.000847731246796712e+01
-7.500000000000000000e+00 2.000847649049826060e+01
-7.500000000000000000e+00 1.987584766691587035e+01
-7.500000000000000000e+00 1.987584683767219573e+01
-7.500000000000000000e+00 1.979888653797836895e+01
-7.500000000000000000e+00 1.979888518980280665e+01
-7.500000000000000000e+00 1.971387714239049771e+01
-7.500000000000000000e+00 1.971387664425889952e+01
-7.500000000000000000e+00 1.922041735462967438e+01
-7.500000000000000000e+00 1.922041647938603859e+01
-7.500000000000000000e+00 1.902219955747750291e+01
-7.500000000000000000e+00 1.902219762918118917e+01
-7.500000000000000000e+00 1.871881693395335233e+01
-7.500000000000000000e+00 1.871881282113444911e+01
-7.500000000000000000e+00 1.790293754083610622e+01
-7.500000000000000000e+00 1.790293674759361053e+01
-7.500000000000000000e+00 1.734789124525925175e+01
-7.500000000000000000e+00 1.734789055712581529e+01
-7.000000000000000000e+00 2.158186873307740328e+01
-7.000000000000000000e+00 2.137590176852728874e+01
-7.000000000000000000e+00 2.123234288680877313e+01
-7.000000000000000000e+00 2.116179115627502227e+01
-7.000000000000000000e+00 2.116179014554890259e+01
-7.000000000000000000e+00 2.107574063185620261e+01
-7.000000000000000000e+00 2.065233601218726633e+01
-7.000000000000000000e+00 1.955201284493006852e+01
-7.000000000000000000e+00 1.825378889225715895e+01
-7.000000000000000000e+00 1.825378860226764743e+01
-7.000000000000000000e+00 1.811725888218563085e+01
-7.000000000000000000e+00 1.811725851540293419e+01
-7.000000000000000000e+00 1.801154971661585691e+01
-7.000000000000000000e+00 1.791565685384743389e+01
-7.000000000000000000e+00 1.787233660383530065e+01
-7.000000000000000000e+00 1.777716347522535756e+01
-7.000000000000000000e+00 1.777452089898322285e+01
-7.000000000000000000e+00 1.777452023205390574e+01
-7.000000000000000000e+00 1.763674314414414113e+01
-7.000000000000000000e+00 1.760492445864320032e+01
-7.000000000000000000e+00 1.750045779584498007e+01
-7.000000000000000000e+00 1.750045724088798238e+01
-7.000000000000000000e+00 1.714560852048031236e+01
-7.000000000000000000e+00 1.713747628213764429e+01
-7.000000000000000000e+00 1.708483550197890466e+01
-7.000000000000000000e+00 1.708483545071700149e+01
-7.000000000000000000e+00 1.687194400552561291e+01
-7.000000000000000000e+00 1.673388660163759312e+01
-7.000000000000000000e+00 1.673388642795236336e+01
-7.000000000000000000e+00 1.669216135200234419e+01
-7.000000000000000000e+00 1.639984546836955559e+01
-7.000000000000000000e+00 1.621725801579101045e+01
-7.000000000000000000e+00 1.535765018408727478e+01
-7.000000000000000000e+00 1.518793740637841516e+01
-7.000000000000000000e+00 1.518793735557002123e+01
-7.000000000000000000e+00 1.494678328716477544e+01
-7.000000000000000000e+00 1.494678322791131819e+01
-7.000000000000000000e+00 1.494308412311674061e+01
-7.000000000000000000e+00 1.477849367532647840e+01
-7.000000000000000000e+00 1.403463777220734343e+01
-6.500000000000000000e+00 1.959807266811812099e+01
-6.500000000000000000e+00 1.959807192574550072e+01
-6.500000000000000000e+00 1.949408565457359188e+01
-6.500000000000000000e+00 1.949408213737201478e+01
-6.500000000000000000e+00 1.934910430181297158e+01
-6.500000000000000000e+00 1.934910204339033513e+01
-6.500000000000000000e+00 1.933248129082477007e+01
-6.500000000000000000e+00 1.933247998097699494e+01
-6.500000000000000000e+00 1.930334860853869827e+01
-6.500000000000000000e+00 1.930334828341401732e+01
-6.500000000000000000e+00 1.926986381466769416e+01
-6.500000000000000000e+00 1.926986377355118307e+01
-6.500000000000000000e+00 1.925665609798252831e+01
-6.500000000000000000e+00 1.925665572557209160e+01
-6.500000000000000000e+00 1.920465443121420535e+01
-6.500000000000000000e+00 1.920465127601697830e+01
-6.500000000000000000e+00 1.913785001801063146e+01
-6.500000000000000000e+00 1.913784765637597118e+01
-6.500000000000000000e+00 1.910950854811569499e+01
-6.500000000000000000e+00 1.910950783072255632e+01
-6.500000000000000000e+00 1.883643601909934517e+01
-6.500000000000000000e+00 1.883643586382797608e+01
-6.500000000000000000e+00 1.878953123777246859e+01
-6.500000000000000000e+00 1.878953052169252658e+01
-6.500000000000000000e+00 1.875253043100885009e+01
-6.500000000000000000e+00 1.875252893198623028e+01
-6.500000000000000000e+00 1.859821052704244337e+01
-6.500000000000000000e+00 1.859820646352152806e+01
-6.500000000000000000e+00 1.850869681180399340e+01
-6.500000000000000000e+00 1.850869675346280374e+01
-6.500000000000000000e+00 1.800526862463121702e+01
-6.500000000000000000e+00 1.800526851120885752e+01
-6.500000000000000000e+00 1.789277710179230851e+01
-6.500000000000000000e+00 1.789277554019708560e+01
-6.500000000000000000e+00 1.716805747794470349e+01
-6.500000000000000000e+00 1.716805704277418343e+01
-6.500000000000000000e+00 1.171157410608618576e+01
-6.500000000000000000e+00 1.171157408444094017e+01
-6.500000000000000000e+00 1.123693773389850570e+01
-6.500000000000000000e+00 1.123693771361788940e+01
-6.000000000000000000e+00 1.696365581811114254e+01
-6.000000000000000000e+00 1.696365293183002976e+01
-6.000000000000000000e+00 1.683393042823021091e+01
-6.000000000000000000e+00 1.679192134071638520e+01
-6.000000000000000000e+00 1.675704873330495204e+01
-6.000000000000000000e+00 1.669791248200585088e+01
-6.000000000000000000e+00 1.669790880553413359e+01
-6.000000000000000000e+00 1.668207044408649509e+01
-6.000000000000000000e+00 1.667985801189262673e+01
-6.000000000000000000e+00 1.667985799099195532e+01
-6.000000000000000000e+00 1.655578088797318159e+01
-6.000000000000000000e+00 1.655578036999533253e+01
-6.000000000000000000e+00 1.648236769638858590e+01
-6.000000000000000000e+00 1.638438664985790538e+01
-6.000000000000000000e+00 1.638438475838064434e+01
-6.000000000000000000e+00 1.626417895136607328e+01
-6.000000000000000000e+00 1.621085948079512562e+01
-6.000000000000000000e+00 1.610211852651264053e+01
-6.000000000000000000e+00 1.606002417336535260e+01
-6.000000000000000000e+00 1.604522481118619481e+01
-6.000000000000000000e+00 1.604522449743446089e+01
-6.000000000000000000e+00 1.603404678444125153e+01
-6.000000000000000000e+00 1.584160931617380363e+01
-6.000000000000000000e+00 1.584160626212411316e+01
-6.000000000000000000e+00 1.576557548177256152e+01
-6.000000000000000000e+00 1.576557339933584601e+01
-6.000000000000000000e+00 1.574998125431665841e+01
-6.000000000000000000e+00 1.571874353712780170e+01
-6.000000000000000000e+00 1.570697677215147436e+01
-6.000000000000000000e+00 1.564998368243615623e+01
-6.000000000000000000e+00 1.557511430996925128e+01
-6.000000000000000000e+00 1.557511360676761569e+01
-6.000000000000000000e+00 1.547697930537201394e+01
-6.000000000000000000e+00 1.547697833314459359e+01
-6.000000000000000000e+00 1.537445826945983818e+01
-6.000000000000000000e+00 1.527321838455898018e+01
-6.000000000000000000e+00 1.522629048421663178e+01
-6.000000000000000000e+00 1.505242083688877308e+01
-6.000000000000000000e+00 1.393982356409338053e+01
-6.000000000000000000e+00 1.312161920323300457e+01
-5.500000000000000000e+00 1.886852714098279193e+01
-5.500000000000000000e+00 1.886852447275170164e+01
-5.500000000000000000e+00 1.874003406349088863e+01
-5.500000000000000000e+00 1.873998151092142095e+01
-5.500000000000000000e+00 1.860763611002024476e+01
-5.500000000000000000e+00 1.860722608705106040e+01
-5.500000000000000000e+00 1.855992332694231450e+01
-5.500000000000000000e+00 1.855986803752970715e+01
-5.500000000000000000e+00 1.843460537745508532e+01
-5.500000000000000000e+00 1.843459515161137929e+01
-5.500000000000000000e+00 1.840115290729913156e+01
-5.500000000000000000e+00 1.840114725896355097e+01
-5.500000000000000000e+00 1.807289216396452147e+01
-5.500000000000000000e+00 1.807289167328149304e+01
-5.500000000000000000e+00 1.770011359687701713e+01
-5.500000000000000000e+00 1.770011348859304334e+01
-5.500000000000000000e+00 1.755234695171249015e+01
-5.500000000000000000e+00 1.755218605919782249e+01
-5.500000000000000000e+00 1.755009720177556787e+01
-5.500000000000000000e+00 1.755009262117102864e+01
-5.500000000000000000e+00 1.705265799293644235e+01
-5.500000000000000000e+00 1.705255263228385232e+01
-5.500000000000000000e+00 1.355965188176768166e+01
-5.500000000000000000e+00 1.355965159253973518e+01
-5.500000000000000000e+00 1.345779607251859922e+01
-5.500000000000000000e+00 1.345779539740746245e+01
-5.500000000000000000e+00 1.315271225556423218e+01
-5.500000000000000000e+00 1.315271225529588150e+01
-5.500000000000000000e+00 1.291351010157039880e+01
-5.500000000000000000e+00 1.291351000446045560e+01
-5.500000000000000000e+00 1.277407742075135744e+01
-5.500000000000000000e+00 1.277407723096160908e+01
-5.500000000000000000e+00 1.253587895618943193e+01
-5.500000000000000000e+00 1.253587833701061349e+01
-5.500000000000000000e+00 1.226900323926667902e+01
-5.500000000000000000e+00 1.226900323628988687e+01
-5.500000000000000000e+00 1.193679425277522554e+01
-5.500000000000000000e+00 1.193679390044775346e+01
-5.500000000000000000e+00 1.059764985066519571e+01
-5.500000000000000000e+00 1.059764963400476390e+01
-5.000000000000000000e+00 1.657020684366071350e+01
-5.000000000000000000e+00 1.652304016125231456e+01
-5.000000000000000000e+00 1.641642600447404021e+01
-5.000000000000000000e+00 1.641642397519756358e+01
-5.000000000000000000e+00 1.639375777958881031e+01
-5.000000000000000000e+00 1.639375743747772063e+01
-5.000000000000000000e+00 1.638533152430517603e+01
-5.000000000000000000e+00 1.638128953340385152e+01
-5.000000000000000000e+00 1.630670566076374328e+01
-5.000000000000000000e+00 1.622378894331748356e+01
-5.000000000000000000e+00 1.615891975663433655e+01
-5.000000000000000000e+00 1.615891905713061760e+01
-5.000000000000000000e+00 1.610007209292618313e+01
-5.000000000000000000e+00 1.609274490785785261e+01
-5.000000000000000000e+00 1.605107301503528561e+01
-5.000000000000000000e+00 1.605107173294281964e+01
-5.000000000000000000e+00 1.590253231885986729e+01
-5.000000000000000000e+00 1.590253092166015669e+01
-5.000000000000000000e+00 1.589246243262411085e+01
-5.000000000000000000e+00 1.578577500741149819e+01
-5.000000000000000000e+00 1.576152872190759169e+01
-5.000000000000000000e+00 1.572913456130638998e+01
-5.000000000000000000e+00 1.560068252472183836e+01
-5.000000000000000000e+00 1.560068097907083384e+01
-5.000000000000000000e+00 1.523169978581529094e+01
-5.000000000000000000e+00 1.521877183788302901e+01
-5.000000000000000000e+00 1.515824547606065131e+01
-5.000000000000000000e+00 1.503958070295312233e+01
-5.000000000000000000e+00 1.490896430605687861e+01
-5.000000000000000000e+00 1.479236047012066635e+01
-5.000000000000000000e+00 1.479236015466672782e+01
-5.000000000000000000e+00 1.467741812851588179e+01
-5.000000000000000000e+00 1.467741738432368059e+01
-5.000000000000000000e+00 1.461665294556282646e+01
-5.000000000000000000e+00 1.436702483454274493e+01
-5.000000000000000000e+00 1.429948073124420382e+01
-5.000000000000000000e+00 1.429948013632361636e+01
-5.000000000000000000e+00 1.422233198505895224e+01
-5.000000000000000000e+00 1.347242230540151553e+01
-5.000000000000000000e+00 7.110616422528120317e+00
-4.500000000000000000e+00 1.465070028448996453e+01
-4.500000000000000000e+00 1.465069527432089025e+01
-4.500000000000000000e+00 1.464402451782235204e+01
-4.500000000000000000e+00 1.464402416682732522e+01
-4.500000000000000000e+00 1.456373448845590701e+01
-4.500000000000000000e+00 1.456373419180038553e+01
-4.500000000000000000e+00 1.450279798327204439e+01
-4.500000000000000000e+00 1.450279657381917886e+01
-4.500000000000000000e+00 1.418597340254938111e+01
-4.500000000000000000e+00 1.418596966339506160e+01
-4.500000000000000000e+00 1.399274297090181562e+01
-4.500000000000000000e+00 1.399274264957587910e+01
-4.500000000000000000e+00 1.398781026043563713e+01
-4.500000000000000000e+00 1.398780740332619565e+01
-4.500000000000000000e+00 1.393147063334335556e+01
-4.500000000000000000e+00 1.393147015325246585e+01
-4.500000000000000000e+00 1.338268298875891738e+01
-4.500000000000000000e+00 1.338268297962389930e+01
-4.500000000000000000e+00 1.325130549538412872e+01
-4.500000000000000000e+00 1.325130532886035617e+01
-4.500000000000000000e+00 1.248365251342113069e+01
-4.500000000000000000e+00 1.248365234027237669e+01
-4.500000000000000000e+00 1.242172097496912997e+01
-4.500000000000000000e+00 1.242172087991357365e+01
-4.500000000000000000e+00 1.241920992690192449e+01
-4.500000000000000000e+00 1.241920984437106412e+01
-4.500000000000000000e+00 1.237508390051683627e+01
-4.500000000000000000e+00 1.237508331750799506e+01
-4.500000000000000000e+00 1.202562433059378755e+01
-4.500000000000000000e+00 1.202562418072577621e+01
-4.500000000000000000e+00 1.200800785899011203e+01
-4.500000000000000000e+00 1.200800784645972996e+01
-4.500000000000000000e+00 1.155304738124390163e+01
-4.500000000000000000e+00 1.155304736272574040e+01
-4.500000000000000000e+00 1.143823470498788097e+01
-4.500000000000000000e+00 1.143823455140358369e+01
-4.500000000000000000e+00 1.117819136063947028e+01
-4.500000000000000000e+00 1.117819115511692019e+01
-4.500000000000000000e+00 1.093882236303047684e+01
-4.500000000000000000e+00 1.093882222281120775e+01
-4.000000000000000000e+00 1.584065910964665136e+01
-4.000000000000000000e+00 1.564582899610208955e+01
-4.000000000000000000e+00 1.558750900447497933e+01
-4.000000000000000000e+00 1.558750852166161316e+01
-4.000000000000000000e+00 1.552003422164591484e+01
-4.000000000000000000e+00 1.551029020598563690e+01
-4.000000000000000000e+00 1.547839955879217833e+01
-4.000000000000000000e+00 1.546151557560090239e+01
-4.000000000000000000e+00 1.542227593598560631e+01
-4.000000000000000000e+00 1.542227573126794482e+01
-4.000000000000000000e+00 1.533540709516137568e+01
-4.000000000000000000e+00 1.520561905825034543e+01
-4.000000000000000000e+00 1.518031020672964182e+01
-4.000000000000000000e+00 1.518030986130441740e+01
-4.000000000000000000e+00 1.510061282561435370e+01
-4.000000000000000000e+00 1.510061253814766324e+01
-4.000000000000000000e+00 1.504440499458367242e+01
-4.000000000000000000e+00 1.493847380519712509e+01
-4.000000000000000000e+00 1.492233160268612657e+01
-4.000000000000000000e+00 1.491392597438265177e+01
-4.000000000000000000e+00 1.491392592279259866e+01
-4.000000000000000000e+00 1.477800687290786463e+01
-4.000000000000000000e+00 1.475682864413801632e+01
-4.000000000000000000e+00 1.459171935267648657e+01
-4.000000000000000000e+00 1.447106567812627453e+01
-4.000000000000000000e+00 1.443720693877035721e+01
-4.000000000000000000e+00 1.442099765283997570e+01
-4.000000000000000000e+00 1.442099697564763794e+01
-4.000000000000000000e+00 1.421104598124353835e+01
-4.000000000000000000e+00 1.421104507614885293e+01
-4.000000000000000000e+00 1.382277384060868108e+01
-4.000000000000000000e+00 1.301317511369572344e+01
-4.000000000000000000e+00 8.654535750484377843e+00
-4.000000000000000000e+00 8.654535723668271174e+00
-4.000000000000000000e+00 8.602573925050137404e+00
-4.000000000000000000e+00 8.432567267900113350e+00
-4.000000000000000000e+00 8.432567257436971886e+00
-4.000000000000000000e+00 8.201334349451180117e+00
-4.000000000000000000e+00 8.187793610109480369e+00
-4.000000000000000000e+00 7.538990355810483379e+00
-3.500000000000000000e+00 1.328279625866804281e+01
-3.500000000000000000e+00 1.328279512547535113e+01
-3.500000000000000000e+00 1.326791961473853299e+01
-3.500000000000000000e+00 1.326791938906973556e+01
-3.500000000000000000e+00 1.319650855825385705e+01
-3.500000000000000000e+00 1.319650838619561917e+01
-3.500000000000000000e+00 1.315689583755857939e+01
-3.500000000000000000e+00 1.315689534415086825e+01
-3.500000000000000000e+00 1.307054288512621376e+01
-3.500000000000000000e+00 1.307054276056368458e+01
-3.500000000000000000e+00 1.306276396891562008e+01
-3.500000000000000000e+00 1.306276382421079596e+01
-3.500000000000000000e+00 1.302652785410822567e+01
-3.500000000000000000e+00 1.302652770353758171e+01
-3.500000000000000000e+00 1.291994076231468824e+01
-3.500000000000000000e+00 1.291994030820323225e+01
-3.500000000000000000e+00 1.278709921512173509e+01
-3.500000000000000000e+00 1.278709919344727020e+01
-3.500000000000000000e+00 1.271865466507699693e+01
-3.500000000000000000e+00 1.271865454522194483e+01
-3.500000000000000000e+00 1.266931719825331371e+01
-3.500000000000000000e+00 1.266931701504352148e+01
-3.500000000000000000e+00 1.256206423971068808e+01
-3.500000000000000000e+00 1.256206406917314311e+01
-3.500000000000000000e+00 1.254981786523772413e+01
-3.500000000000000000e+00 1.254981693642437257e+01
-3.500000000000000000e+00 1.226109911301231392e+01
-3.500000000000000000e+00 1.226109834355282935e+01
-3.500000000000000000e+00 1.209979686511129593e+01
-3.500000000000000000e+00 1.209979662338096418e+01
-3.500000000000000000e+00 1.209505224749648455e+01
-3.500000000000000000e+00 1.209505160575540650e+01
-3.500000000000000000e+00 1.202838677712429671e+01
-3.500000000000000000e+00 1.202838587154275451e+01
-3.500000000000000000e+00 1.191106556320428211e+01
-3.500000000000000000e+00 1.191106478238195265e+01
-3.500000000000000000e+00 1.117901944365655353e+01
-3.500000000000000000e+00 1.117901922072278253e+01
-3.500000000000000000e+00 9.984639141760393244e+00
-3.500000000000000000e+00 9.984639123393503013e+00
-3.000000000000000000e+00 1.522579261191924616e+01
-3.000000000000000000e+00 1.517271038442098963e+01
-3.000000000000000000e+00 1.509576037120040937e+01
-3.000000000000000000e+00 1.508742942160853673e+01
-3.000000000000000000e+00 1.508742883634711696e+01
-3.000000000000000000e+00 1.499733067988895563e+01
-3.000000000000000000e+00 1.499732958925995874e+01
-3.000000000000000000e+00 1.493913218277151778e+01
-3.000000000000000000e+00 1.492295226600499447e+01
-3.000000000000000000e+00 1.486913336012345432e+01
-3.000000000000000000e+00 1.486913334474536974e+01
-3.000000000000000000e+00 1.475187452086875517e+01
-3.000000000000000000e+00 1.465993315522773344e+01
-3.000000000000000000e+00 1.432332777007883173e+01
-3.000000000000000000e+00 1.408778108818095909e+01
-3.000000000000000000e+00 1.401983427723371278e+01
-3.000000000000000000e+00 1.401983403754212354e+01
-3.000000000000000000e+00 1.387649461002819251e+01
-3.000000000000000000e+00 1.377832095878282992e+01
-3.000000000000000000e+00 1.377831982883045470e+01
-3.000000000000000000e+00 1.376734844455457463e+01
-3.000000000000000000e+00 1.344134752744795236e+01
-3.000000000000000000e+00 1.047047119662944148e+01
-3.000000000000000000e+00 1.047047117867632338e+01
-3.000000000000000000e+00 1.036365309588284234e+01
-3.000000000000000000e+00 1.031310366947628943e+01
-3.000000000000000000e+00 1.031310347621559131e+01
-3.000000000000000000e+00 1.030438499733332947e+01
-3.000000000000000000e+00 1.029657335719690181e+01
-3.000000000000000000e+00 1.011152622423507630e+01
-3.000000000000000000e+00 9.333570686237942837e+00
-3.000000000000000000e+00 9.333570581821524215e+00
-3.000000000000000000e+00 9.293644194676733861e+00
-3.000000000000000000e+00 9.281778268190887360e+00
-3.000000000000000000e+00 8.849276370743423215e+00
-3.000000000000000000e+00 8.671135791190925701e+00
-3.000000000000000000e+00 7.879828607971469445e+00
-3.000000000000000000e+00 7.879828552317033719e+00
-3.000000000000000000e+00 7.657556257648472808e+00
-3.000000000000000000e+00 6.755746026331403087e+00
-2.500000000000000000e+00 1.315387111874383486e+01
-2.500000000000000000e+00 1.315387109929750942e+01
-2.500000000000000000e+00 1.313630870824216679e+01
-2.500000000000000000e+00 1.313630868867464230e+01
-2.500000000000000000e+00 1.307493754105883887e+01
-2.500000000000000000e+00 1.307493576995204876e+01
-2.500000000000000000e+00 1.304904713870814348e+01
-2.500000000000000000e+00 1.304904659601376515e+01
-2.500000000000000000e+00 1.297753139999213801e+01
-2.500000000000000000e+00 1.297753063759016889e+01
-2.500000000000000000e+00 1.288113301816687439e+01
-2.500000000000000000e+00 1.288113286765759469e+01
-2.500000000000000000e+00 1.271102691275602403e+01
-2.500000000000000000e+00 1.271102672517243448e+01
-2.500000000000000000e+00 1.271067760549604486e+01
-2.500000000000000000e+00 1.271067657471469126e+01
-2.500000000000000000e+00 1.262928444561291741e+01
-2.500000000000000000e+00 1.262928347794077588e+01
-2.500000000000000000e+00 1.235551805906937339e+01
-2.500000000000000000e+00 1.235551742409154485e+01
-2.500000000000000000e+00 1.229539574434823734e+01
-2.500000000000000000e+00 1.229539563943104419e+01
-2.500000000000000000e+00 1.198116387802312133e+01
-2.500000000000000000e+00 1.198116302180943116e+01
-2.500000000000000000e+00 1.188490221599326446e+01
-2.500000000000000000e+00 1.188490209088641691e+01
-2.500000000000000000e+00 1.169126329827165733e+01
-2.500000000000000000e+00 1.169126307560964939e+01
-2.500000000000000000e+00 1.161841620290144128e+01
-2.500000000000000000e+00 1.161841515213376752e+01
-2.500000000000000000e+00 1.129789861285166630e+01
-2.500000000000000000e+00 1.129789841745763290e+01
-2.500000000000000000e+00 1.098096051023434683e+01
-2.500000000000000000e+00 1.098096035955980199e+01
-2.500000000000000000e+00 1.065693996201326676e+01
-2.500000000000000000e+00 1.065693993365971970e+01
-2.500000000000000000e+00 1.009968335424928831e+01
-2.500000000000000000e+00 1.009968324600273881e+01
-2.500000000000000000e+00 3.928729067794599406e+00
-2.500000000000000000e+00 3.928729052060262905e+00
-2.000000000000000000e+00 1.436728810565492331e+01
-2.000000000000000000e+00 1.436728741210047744e+01
-2.000000000000000000e+00 1.421685107667859960e+01
-2.000000000000000000e+00 1.393199521774095651e+01
-2.000000000000000000e+00 1.382278035068901190e+01
-2.000000000000000000e+00 1.382277977724954887e+01
-2.000000000000000000e+00 1.375167259749864890e+01
-2.000000000000000000e+00 1.179309670842073743e+01
-2.000000000000000000e+00 1.156197807886207762e+01
-2.000000000000000000e+00 1.156197679522957422e+01
-2.000000000000000000e+00 1.148809998376301422e+01
-2.000000000000000000e+00 1.148809900562306652e+01
-2.000000000000000000e+00 1.130384775811660525e+01
-2.000000000000000000e+00 1.127808322693863730e+01
-2.000000000000000000e+00 1.126858438969227372e+01
-2.000000000000000000e+00 1.116414220283265202e+01
-2.000000000000000000e+00 1.116414159521452554e+01
-2.000000000000000000e+00 1.109667953105964600e+01
-2.000000000000000000e+00 1.106794308652740000e+01
-2.000000000000000000e+00 1.098306306187974180e+01
-2.000000000000000000e+00 1.092522121932702639e+01
-2.000000000000000000e+00 1.092522065789980168e+01
-2.000000000000000000e+00 1.054425428174526047e+01
-2.000000000000000000e+00 1.045064938205016780e+01
-2.000000000000000000e+00 9.664098904683372737e+00
-2.000000000000000000e+00 9.664098823718793696e+00
-2.000000000000000000e+00 9.045100144430804789e+00
-2.000000000000000000e+00 9.038440346150286686e+00
-2.000000000000000000e+00 8.831007915815224152e+00
-2.000000000000000000e+00 8.772758781589653054e+00
-2.000000000000000000e+00 8.772758760933180966e+00
-2.000000000000000000e+00 8.617133292290308333e+00
-2.000000000000000000e+00 8.516151726321860238e+00
-2.000000000000000000e+00 8.516151694057203514e+00
-2.000000000000000000e+00 8.505043111052948746e+00
-2.000000000000000000e+00 8.396915201949086693e+00
-2.000000000000000000e+00 8.239183785366321899e+00
-2.000000000000000000e+00 8.239183770600204682e+00
-2.000000000000000000e+00 7.875295413092659125e+00
-2.000000000000000000e+00 7.216682677798662127e+00
-1.500000000000000000e+00 1.270855493447717599e+01
-1.500000000000000000e+00 1.270855477250982801e+01
-1.500000000000000000e+00 1.266077444108270456e+01
-1.500000000000000000e+00 1.266077411487516713e+01
-1.500000000000000000e+00 1.260513354147226650e+01
-1.500000000000000000e+00 1.260513324730432672e+01
-1.500000000000000000e+00 1.259210840355589944e+01
-1.500000000000000000e+00 1.259210827566661095e+01
-1.500000000000000000e+00 1.247962835725484432e+01
-1.500000000000000000e+00 1.247962821416585832e+01
-1.500000000000000000e+00 1.244590888033268072e+01
-1.500000000000000000e+00 1.244590887485471953e+01
-1.500000000000000000e+00 1.242616402502205020e+01
-1.500000000000000000e+00 1.242616366196352651e+01
-1.500000000000000000e+00 1.236714080622206602e+01
-1.500000000000000000e+00 1.236714049236669766e+01
-1.500000000000000000e+00 1.223939995507716638e+01
-1.500000000000000000e+00 1.223939961142050592e+01
-1.500000000000000000e+00 1.223578755020422548e+01
-1.500000000000000000e+00 1.223578732425946392e+01
-1.500000000000000000e+00 1.209008229020528624e+01
-1.500000000000000000e+00 1.209008214525306357e+01
-1.500000000000000000e+00 1.192498816264611605e+01
-1.500000000000000000e+00 1.192498806375030185e+01
-1.500000000000000000e+00 1.172888944429257130e+01
-1.500000000000000000e+00 1.172888922126894862e+01
-1.500000000000000000e+00 1.168780907184580364e+01
-1.500000000000000000e+00 1.168780865623470078e+01
-1.500000000000000000e+00 1.168706373682756094e+01
-1.500000000000000000e+00 1.168706368811121976e+01
-1.500000000000000000e+00 1.141237858075764144e+01
-1.500000000000000000e+00 1.141237723667477688e+01
-1.500000000000000000e+00 1.072901494273704337e+01
-1.500000000000000000e+00 1.072901474665097865e+01
-1.500000000000000000e+00 1.020802449485540997e+01
-1.500000000000000000e+00 1.020802438944261148e+01
-1.500000000000000000e+00 4.960189376316503029e+00
-1.500000000000000000e+00 4.960189373111237643e+00
-1.500000000000000000e+00 4.616904765001086375e+00
-1.500000000000000000e+00 4.616904758040374368e+00
-1.000000000000000000e+00 1.322659210285216425e+01
-1.000000000000000000e+00 1.316489458709253846e+01
-1.000000000000000000e+00 1.316489453933802700e+01
-1.000000000000000000e+00 1.309052115407599004e+01
-1.000000000000000000e+00 1.307475155673832035e+01
-1.000000000000000000e+00 1.247487275081872227e+01
-1.000000000000000000e+00 1.164560655081144169e+01
-1.000000000000000000e+00 1.159815548925429773e+01
-1.000000000000000000e+00 1.099784020924486505e+01
-1.000000000000000000e+00 1.070915928340146017e+01
-1.000000000000000000e+00 1.070915916481152053e+01
-1.000000000000000000e+00 1.061655130542311021e+01
-1.000000000000000000e+00 1.061655113956819463e+01
-1.000000000000000000e+00 1.059570025637607493e+01
-1.000000000000000000e+00 1.050253080559747687e+01
-1.000000000000000000e+00 1.050253066335435648e+01
-1.000000000000000000e+00 1.041363870949786552e+01
-1.000000000000000000e+00 1.037663864767338850e+01
-1.000000000000000000e+00 1.021994761442950583e+01
-1.000000000000000000e+00 1.021994758022323069e+01
-1.000000000000000000e+00 1.020536624815099280e+01
-1.000000000000000000e+00 1.018521391172149926e+01
-1.000000000000000000e+00 9.944493388203094142e+00
-1.000000000000000000e+00 9.782393632370832037e+00
-1.000000000000000000e+00 9.724284004440857387e+00
-1.000000000000000000e+00 9.689010673377136840e+00
-1.000000000000000000e+00 9.689010590841933279e+00
-1.000000000000000000e+00 9.550441879899988606e+00
-1.000000000000000000e+00 9.528799142535763878e+00
-1.000000000000000000e+00 9.528799047651620668e+00
-1.000000000000000000e+00 9.257599951862696130e+00
-1.000000000000000000e+00 8.910433893511246595e+00
-1.000000000000000000e+00 8.910433886536065273e+00
-1.000000000000000000e+00 8.730608684545268616e+00
-1.000000000000000000e+00 8.730608663753809395e+00
-1.000000000000000000e+00 8.699829882173078843e+00
-1.000000000000000000e+00 8.647020419574156236e+00
-1.000000000000000000e+00 8.640254929879629842e+00
-1.000000000000000000e+00 8.016144712932987915e+00
-1.000000000000000000e+00 6.034324928747117234e+00
-5.000000000000000000e-01 1.300673919845934456e+01
-5.000000000000000000e-01 1.300673893741726950e+01
-5.000000000000000000e-01 1.296595959689363298e+01
-5.000000000000000000e-01 1.296595956590424770e+01
-5.000000000000000000e-01 1.287515703634496056e+01
-5.000000000000000000e-01 1.287515678099256533e+01
-5.000000000000000000e-01 1.285047135174429833e+01
-5.000000000000000000e-01 1.285047074459200722e+01
-5.000000000000000000e-01 1.282930930480773846e+01
-5.000000000000000000e-01 1.282930887936101705e+01
-5.000000000000000000e-01 1.266119277752751415e+01
-5.000000000000000000e-01 1.266119253204254136e+01
-5.000000000000000000e-01 1.263332630471740714e+01
-5.000000000000000000e-01 1.263332591099481483e+01
-5.000000000000000000e-01 1.255721021269686410e+01
-5.000000000000000000e-01 1.255720986969726205e+01
-5.000000000000000000e-01 1.248772350260201236e+01
-5.000000000000000000e-01 1.248772296164799478e+01
-5.000000000000000000e-01 1.235752012096779495e+01
-5.000000000000000000e-01 1.235752001852338111e+01
-5.000000000000000000e-01 1.209988724387445558e+01
-5.000000000000000000e-01 1.209988597515009978e+01
-5.000000000000000000e-01 1.186654084631063633e+01
-5.000000000000000000e-01 1.186654053418465793e+01
-5.000000000000000000e-01 1.180833828756859738e+01
-5.000000000000000000e-01 1.180833804470597848e+01
-5.000000000000000000e-01 1.126163322264015321e+01
-5.000000000000000000e-01 1.126163316243400381e+01
-5.000000000000000000e-01 1.121847198861404316e+01
-5.000000000000000000e-01 1.121847177885939573e+01
-5.000000000000000000e-01 1.087905812628919833e+01
-5.000000000000000000e-01 1.087905802317573567e+01
-5.000000000000000000e-01 9.972961718402601150e+00
-5.000000000000000000e-01 9.972961679222285269e+00
-5.000000000000000000e-01 6.695818708724132762e+00
-5.000000000000000000e-01 6.695818678987039974e+00
-5.000000000000000000e-01 6.656922789518689321e+00
-5.000000000000000000e-01 6.656922762282057704e+00
-5.000000000000000000e-01 4.093651150292928698e+00
-5.000000000000000000e-01 4.093651145479826781e+00
0.000000000000000000e+00 1.209940765824518394e+01
0.000000000000000000e+00 1.195810985244488123e+01
0.000000000000000000e+00 1.169328011230261488e+01
0.000000000000000000e+00 1.156519947849658259e+01
0.000000000000000000e+00 1.142464797940867882e+01
0.000000000000000000e+00 1.139265843721310745e+01
0.000000000000000000e+00 1.129957806058680880e+01
0.000000000000000000e+00 1.119537590447881215e+01
0.000000000000000000e+00 1.119537582887390492e+01
0.000000000000000000e+00 1.105591525172030742e+01
0.000000000000000000e+00 1.105591508069625029e+01
0.000000000000000000e+00 1.102440390705835682e+01
0.000000000000000000e+00 1.095823725834092599e+01
0.000000000000000000e+00 1.095823711489192576e+01
0.000000000000000000e+00 1.089793661703050098e+01
0.000000000000000000e+00 1.068714720275285579e+01
0.000000000000000000e+00 1.068714712621610019e+01
0.000000000000000000e+00 1.067988380414864835e+01
0.000000000000000000e+00 1.016711405200794083e+01
0.000000000000000000e+00 9.894208214315332484e+00
0.000000000000000000e+00 9.827165850669608460e+00
0.000000000000000000e+00 9.827165746215356990e+00
0.000000000000000000e+00 9.550175617937084027e+00
0.000000000000000000e+00 9.550175559345927212e+00
0.000000000000000000e+00 9.457951189885180909e+00
0.000000000000000000e+00 9.452275274972521402e+00
0.000000000000000000e+00 9.302923738618328997e+00
0.000000000000000000e+00 9.302923696616325344e+00
0.000000000000000000e+00 9.139267028581045338e+00
0.000000000000000000e+00 9.122248290534438198e+00
0.000000000000000000e+00 8.904762726455723865e+00
0.000000000000000000e+00 8.762056448431000177e+00
0.000000000000000000e+00 8.505170276471519131e+00
0.000000000000000000e+00 8.500336653891576333e+00
0.000000000000000000e+00 8.500336634686116000e+00
0.000000000000000000e+00 8.386339340878985027e+00
0.000000000000000000e+00 7.512625866035862465e+00
0.000000000000000000e+00 7.512625863141512816e+00
0.000000000000000000e+00 7.336498495267735898e+00
0.000000000000000000e+00 2.176704919944585093e-01
5.000000000000000000e-01 1.287125393964629261e+01
5.000000000000000000e-01 1.287125342539901318e+01
5.000000000000000000e-01 1.280867933462879549e+01
5.000000000000000000e-01 1.280867930398829380e+01
5.000000000000000000e-01 1.280273686800856225e+01
5.000000000000000000e-01 1.280273365323195911e+01
5.000000000000000000e-01 1.260428834594112324e+01
5.000000000000000000e-01 1.260428805703752531e+01
5.000000000000000000e-01 1.258569846959955996e+01
5.000000000000000000e-01 1.258569824644360047e+01
5.000000000000000000e-01 1.254189508009833709e+01
5.000000000000000000e-01 1.254189355597450550e+01
5.000000000000000000e-01 1.243555434559222128e+01
5.000000000000000000e-01 1.243555279794460411e+01
5.000000000000000000e-01 1.228950223936073805e+01
5.000000000000000000e-01 1.228949987434485713e+01
5.000000000000000000e-01 1.217447742068324779e+01
5.000000000000000000e-01 1.217447634609072793e+01
5.000000000000000000e-01 1.212695779705058463e+01
5.000000000000000000e-01 1.212695774806121563e+01
5.000000000000000000e-01 1.212638212955216588e+01
5.000000000000000000e-01 1.212638116833775470e+01
5.000000000000000000e-01 1.211494402135641835e+01
5.000000000000000000e-01 1.211494277703071454e+01
5.000000000000000000e-01 1.199808394481742013e+01
5.000000000000000000e-01 1.199808275944010205e+01
5.000000000000000000e-01 1.191575521012870809e+01
5.000000000000000000e-01 1.191575520220969686e+01
5.000000000000000000e-01 1.154327107742973091e+01
5.000000000000000000e-01 1.154327101341133499e+01
5.000000000000000000e-01 1.147867632887158429e+01
5.000000000000000000e-01 1.147867398316090437e+01
5.000000000000000000e-01 1.079864568768301858e+01
5.000000000000000000e-01 1.079864421384024631e+01
5.000000000000000000e-01 1.037797340908369570e+01
5.000000000000000000e-01 1.037797118571048216e+01
5.000000000000000000e-01 5.724470972549230652e+00
5.000000000000000000e-01 5.724470838802758088e+00
5.000000000000000000e-01 4.827290086822558557e+00
5.000000000000000000e-01 4.827290066628931342e+00
1.000000000000000000e+00 1.386327360171370060e+01
1.000000000000000000e+00 1.344881479483437481e+01
1.000000000000000000e+00 1.325432245271652043e+01
1.000000000000000000e+00 1.320388531150278055e+01
1.000000000000000000e+00 1.305399060287598090e+01
1.000000000000000000e+00 1.305399049181732174e+01
1.000000000000000000e+00 1.297271802160092236e+01
1.000000000000000000e+00 1.297271800899432215e+01
1.000000000000000000e+00 1.293766300103608735e+01
1.000000000000000000e+00 1.204245490759356940e+01
1.000000000000000000e+00 1.198972570891385914e+01
1.000000000000000000e+00 1.173716884880594868e+01
1.000000000000000000e+00 1.140084212407619724e+01
1.000000000000000000e+00 1.125769679858272276e+01
1.000000000000000000e+00 1.124151220130494977e+01
1.000000000000000000e+00 1.119613778679006977e+01
1.000000000000000000e+00 1.119613771838131910e+01
1.000000000000000000e+00 1.117197346681160575e+01
1.000000000000000000e+00 1.117197341005629774e+01
1.000000000000000000e+00 1.088131119442672023e+01
1.000000000000000000e+00 1.065206831710300506e+01
1.000000000000000000e+00 1.062593198208663203e+01
1.000000000000000000e+00 1.062593192065701508e+01
1.000000000000000000e+00 1.022181107547709367e+01
1.000000000000000000e+00 1.003495276244617607e+01
1.000000000000000000e+00 9.924673018594953433e+00
1.000000000000000000e+00 9.924673013932920895e+00
1.000000000000000000e+00 9.530670047723853955e+00
1.000000000000000000e+00 9.316824759851996873e+00
1.000000000000000000e+00 9.099938586108725858e+00
1.000000000000000000e+00 9.036416774453556400e+00
1.000000000000000000e+00 9.036416767675138573e+00
1.000000000000000000e+00 8.997509841163484623e+00
1.000000000000000000e+00 8.997509831386006240e+00
1.000000000000000000e+00 8.922177340427250414e+00
1.000000000000000000e+00 8.804268769999325173e+00
1.000000000000000000e+00 8.602470557602192258e+00
1.000000000000000000e+00 8.401828653365701172e+00
1.000000000000000000e+00 8.401828622446117834e+00
1.000000000000000000e+00 8.181671198216301732e+00
1.500000000000000000e+00 1.356559279797639661e+01
1.500000000000000000e+00 1.356559193868166346e+01
1.500000000000000000e+00 1.350755639513705830e+01
1.500000000000000000e+00 1.350755250085042114e+01
1.500000000000000000e+00 1.348686908106244964e+01
1.500000000000000000e+00 1.348686907042370819e+01
1.500000000000000000e+00 1.341967722693914489e+01
1.500000000000000000e+00 1.341967612052845027e+01
1.500000000000000000e+00 1.335368156168488163e+01
1.500000000000000000e+00 1.335368103122480576e+01
1.500000000000000000e+00 1.313270861621843544e+01
1.500000000000000000e+00 1.313270796677513808e+01
1.500000000000000000e+00 1.307415777278863622e+01
1.500000000000000000e+00 1.307415657256613706e+01
1.500000000000000000e+00 1.300373938213281022e+01
1.500000000000000000e+00 1.300373915877549180e+01
1.500000000000000000e+00 1.300357097494302039e+01
1.500000000000000000e+00 1.300357026093483981e+01
1.500000000000000000e+00 1.296135089773845372e+01
1.500000000000000000e+00 1.296135018962612762e+01
1.500000000000000000e+00 1.290801890062959245e+01
1.500000000000000000e+00 1.290801767892216212e+01
1.500000000000000000e+00 1.264283039182021362e+01
1.500000000000000000e+00 1.264282969697009129e+01
1.500000000000000000e+00 1.234235331418233805e+01
1.500000000000000000e+00 1.234235260300602377e+01
1.500000000000000000e+00 1.229645154526068396e+01
1.500000000000000000e+00 1.229645150366065565e+01
1.500000000000000000e+00 1.223845735731011786e+01
1.500000000000000000e+00 1.223845730166847190e+01
1.500000000000000000e+00 1.193848008462983046e+01
1.500000000000000000e+00 1.193848001919282353e+01
1.500000000000000000e+00 1.180998831869620602e+01
1.500000000000000000e+00 1.180998805095667592e+01
1.500000000000000000e+00 1.019411645293149071e+01
1.500000000000000000e+00 1.019411610636443655e+01
1.500000000000000000e+00 6.757316525925489259e+00
1.500000000000000000e+00 6.757316519301038937e+00
1.500000000000000000e+00 5.082238992977812231e+00
1.500000000000000000e+00 5.082238983959457279e+00
2.000000000000000000e+00 1.524330585224083912e+01
2.000000000000000000e+00 1.507284463760319326e+01
2.000000000000000000e+00 1.507284425847722886e+01
2.000000000000000000e+00 1.494879405384515714e+01
2.000000000000000000e+00 1.494879383610902757e+01
2.000000000000000000e+00 1.486176066690929787e+01
2.000000000000000000e+00 1.479066623809099212e+01
2.000000000000000000e+00 1.465431454932445732e+01
2.000000000000000000e+00 1.465431454064268557e+01
2.000000000000000000e+00 1.464761491987292352e+01
2.000000000000000000e+00 1.458095827598597793e+01
2.000000000000000000e+00 1.323529791932507038e+01
2.000000000000000000e+00 1.277658866099863921e+01
2.000000000000000000e+00 1.210408052042599003e+01
2.000000000000000000e+00 1.155399950650791929e+01
2.000000000000000000e+00 1.144644278626167555e+01
2.000000000000000000e+00 1.144644240402638680e+01
2.000000000000000000e+00 1.144508803799098295e+01
2.000000000000000000e+00 1.144508783232149618e+01
2.000000000000000000e+00 1.128075157899611014e+01
2.000000000000000000e+00 1.126184441204269859e+01
2.000000000000000000e+00 1.109415073082271341e+01
2.000000000000000000e+00 1.102952064201921090e+01
2.000000000000000000e+00 1.095396256762035847e+01
2.000000000000000000e+00 1.095396250344353639e+01
2.000000000000000000e+00 1.094156745004410425e+01
2.000000000000000000e+00 1.094156719162707958e+01
2.000000000000000000e+00 1.054438689099228732e+01
2.000000000000000000e+00 1.045160974281323440e+01
2.000000000000000000e+00 1.024597235491957647e+01
2.000000000000000000e+00 1.024597227747428896e+01
2.000000000000000000e+00 1.020326538471796063e+01
2.000000000000000000e+00 9.967656131952121967e+00
2.000000000000000000e+00 9.421236091481931751e+00
2.000000000000000000e+00 9.421235948035677765e+00
2.000000000000000000e+00 9.304242306742894542e+00
2.000000000000000000e+00 8.869787054265174220e+00
2.000000000000000000e+00 8.032906714672781945e+00
2.000000000000000000e+00 7.877238773985752118e+00
2.000000000000000000e+00 7.877238768319019258e+00
2.500000000000000000e+00 1.426867743238732444e+01
2.500000000000000000e+00 1.426867737648411882e+01
2.500000000000000000e+00 1.400566613727927745e+01
2.500000000000000000e+00 1.400566576993480261e+01
2.500000000000000000e+00 1.395989476236567484e+01
2.500000000000000000e+00 1.395989449982614339e+01
2.500000000000000000e+00 1.372936853807386370e+01
2.500000000000000000e+00 1.372936832214238123e+01
2.500000000000000000e+00 1.347296923695838977e+01
2.500000000000000000e+00 1.347296920500759576e+01
2.500000000000000000e+00 1.331712591657219313e+01
2.500000000000000000e+00 1.331712572319091237e+01
2.500000000000000000e+00 1.329079812985378339e+01
2.500000000000000000e+00 1.329079804399057174e+01
2.500000000000000000e+00 1.328269772815771610e+01
2.500000000000000000e+00 1.328269752285883065e+01
2.500000000000000000e+00 1.318651502580600265e+01
2.500000000000000000e+00 1.318651471547795140e+01
2.500000000000000000e+00 1.316297666824559975e+01
2.500000000000000000e+00 1.316297586920533469e+01
2.500000000000000000e+00 1.311396038806286057e+01
2.500000000000000000e+00 1.311396021887577135e+01
2.500000000000000000e+00 1.302080104172840258e+01
2.500000000000000000e+00 1.302080082209147882e+01
2.500000000000000000e+00 1.300105943677423603e+01
2.500000000000000000e+00 1.300105839125085083e+01
2.500000000000000000e+00 1.299655783519554220e+01
2.500000000000000000e+00 1.299655766190416983e+01
2.500000000000000000e+00 1.287132076793862190e+01
2.500000000000000000e+00 1.287132037309278942e+01
2.500000000000000000e+00 1.237089333313913109e+01
2.500000000000000000e+00 1.237089305369729608e+01
2.500000000000000000e+00 1.220629358425833644e+01
2.500000000000000000e+00 1.220629345836647239e+01
2.500000000000000000e+00 1.220593022605751266e+01
2.500000000000000000e+00 1.220592961642656959e+01
2.500000000000000000e+00 1.104288306926660646e+01
2.500000000000000000e+00 1.104288247139337109e+01
2.500000000000000000e+00 4.634494006323049753e+00
2.500000000000000000e+00 4.634494002371774890e+00
3.000000000000000000e+00 1.642680833161925236e+01
3.000000000000000000e+00 1.639665615154811107e+01
3.000000000000000000e+00 1.633333506891929687e+01
3.000000000000000000e+00 1.632446869095549857e+01
3.000000000000000000e+00 1.632446822320150659e+01
3.000000000000000000e+00 1.623419767230133104e+01
3.000000000000000000e+00 1.614322009451762341e+01
3.000000000000000000e+00 1.614321915891191495e+01
3.000000000000000000e+00 1.611838883998543892e+01
3.000000000000000000e+00 1.611838863650232057e+01
3.000000000000000000e+00 1.605921212160546574e+01
3.000000000000000000e+00 1.602798879898503159e+01
3.000000000000000000e+00 1.597914701537428073e+01
3.000000000000000000e+00 1.573241367464641982e+01
3.000000000000000000e+00 1.573241307541251821e+01
3.000000000000000000e+00 1.568231388197708931e+01
3.000000000000000000e+00 1.568231350312717787e+01
3.000000000000000000e+00 1.557057412704134158e+01
3.000000000000000000e+00 1.548625561365393466e+01
3.000000000000000000e+00 1.546449151383153620e+01
3.000000000000000000e+00 1.542475378336777503e+01
3.000000000000000000e+00 1.517043377406083593e+01
3.000000000000000000e+00 1.482298356093958702e+01
3.000000000000000000e+00 1.457505023922591469e+01
3.000000000000000000e+00 1.457504985469830139e+01
3.000000000000000000e+00 1.364562943824958197e+01
3.000000000000000000e+00 1.242887561826348097e+01
3.000000000000000000e+00 1.191091200195878486e+01
3.000000000000000000e+00 1.178368605519551515e+01
3.000000000000000000e+00 1.173782694328684606e+01
3.000000000000000000e+00 1.173782682565900437e+01
3.000000000000000000e+00 1.067778894633437048e+01
3.000000000000000000e+00 9.797936434778586445e+00
3.000000000000000000e+00 9.437057014798684307e+00
3.000000000000000000e+00 9.354433902916065691e+00
3.000000000000000000e+00 9.353959243087038189e+00
3.000000000000000000e+00 9.353959179535014101e+00
3.000000000000000000e+00 9.048449460438757086e+00
3.000000000000000000e+00 9.048449456078033748e+00
3.000000000000000000e+00 8.773960009082601985e+00
3.500000000000000000e+00 1.519283386657528645e+01
3.500000000000000000e+00 1.519283330223003503e+01
3.500000000000000000e+00 1.513100217502175404e+01
3.500000000000000000e+00 1.513100183951670452e+01
3.500000000000000000e+00 1.508569095957712847e+01
3.500000000000000000e+00 1.508568970046036561e+01
3.500000000000000000e+00 1.505075417393660331e+01
3.500000000000000000e+00 1.505075316514209582e+01
3.500000000000000000e+00 1.477372380809438823e+01
3.500000000000000000e+00 1.477372327682765452e+01
3.500000000000000000e+00 1.457494829561479577e+01
3.500000000000000000e+00 1.457494738721127447e+01
3.500000000000000000e+00 1.452515728581950150e+01
3.500000000000000000e+00 1.452515722476889160e+01
3.500000000000000000e+00 1.446679890812470681e+01
3.500000000000000000e+00 1.446679869943830710e+01
3.500000000000000000e+00 1.410885898349239653e+01
3.500000000000000000e+00 1.410885890660523323e+01
3.500000000000000000e+00 1.399646167680481490e+01
3.500000000000000000e+00 1.399645935383527195e+01
3.500000000000000000e+00 1.386932272225190665e+01
3.500000000000000000e+00 1.386932226072649144e+01
3.500000000000000000e+00 1.383811308114568916e+01
3.500000000000000000e+00 1.383811301648522019e+01
3.500000000000000000e+00 1.372869472075535313e+01
3.500000000000000000e+00 1.372869470818340609e+01
3.500000000000000000e+00 1.347313287529894943e+01
3.500000000000000000e+00 1.347313147498569919e+01
3.500000000000000000e+00 1.316203995027972518e+01
3.500000000000000000e+00 1.316203987164895750e+01
3.500000000000000000e+00 1.305737404576315086e+01
3.500000000000000000e+00 1.305737404004738877e+01
3.500000000000000000e+00 1.256851813205272173e+01
3.500000000000000000e+00 1.256851810490744725e+01
3.500000000000000000e+00 1.255833846587888836e+01
3.500000000000000000e+00 1.255833792157497619e+01
3.500000000000000000e+00 1.254731482323572145e+01
3.500000000000000000e+00 1.254731476863979367e+01
3.500000000000000000e+00 1.239947212571110846e+01
3.500000000000000000e+00 1.239947191794546200e+01
4.000000000000000000e+00 1.735817024101899264e+01
4.000000000000000000e+00 1.734374409731558941e+01
4.000000000000000000e+00 1.731150515542177359e+01
4.000000000000000000e+00 1.726421774051933156e+01
4.000000000000000000e+00 1.719069656947240077e+01
4.000000000000000000e+00 1.717185705797741235e+01
4.000000000000000000e+00 1.717185623393877236e+01
4.000000000000000000e+00 1.702255265461206690e+01
4.000000000000000000e+00 1.699704772862542157e+01
4.000000000000000000e+00 1.690279391044210300e+01
4.000000000000000000e+00 1.690279211008756732e+01
4.000000000000000000e+00 1.689760234349711965e+01
4.000000000000000000e+00 1.689760227105698931e+01
4.000000000000000000e+00 1.687094957236128678e+01
4.000000000000000000e+00 1.671823156665864829e+01
4.000000000000000000e+00 1.671823008039698877e+01
4.000000000000000000e+00 1.664854731764022588e+01
4.000000000000000000e+00 1.664351706207100179e+01
4.000000000000000000e+00 1.660128765049542210e+01
4.000000000000000000e+00 1.660128543276531943e+01
4.000000000000000000e+00 1.655814964265414702e+01
4.000000000000000000e+00 1.653232120462948274e+01
4.000000000000000000e+00 1.646131503568862087e+01
4.000000000000000000e+00 1.646131460991930595e+01
4.000000000000000000e+00 1.613118648517364306e+01
4.000000000000000000e+00 1.613118553450568271e+01
4.000000000000000000e+00 1.597259519073400824e+01
4.000000000000000000e+00 1.597259332477235638e+01
4.000000000000000000e+00 1.596680655595912768e+01
4.000000000000000000e+00 1.572292308687765150e+01
4.000000000000000000e+00 1.535441497866550797e+01
4.000000000000000000e+00 1.426077390641002296e+01
4.000000000000000000e+00 1.175856207860718250e+01
4.000000000000000000e+00 1.175856195471027021e+01
4.000000000000000000e+00 1.054352133174930373e+01
4.000000000000000000e+00 1.040954980858520429e+01
4.000000000000000000e+00 9.890110108980634251e+00
4.000000000000000000e+00 9.099204490071075568e+00
4.000000000000000000e+00 9.002906320352005665e+00
4.000000000000000000e+00 9.002906273242405888e+00
4.500000000000000000e+00 1.715748357692466541e+01
4.500000000000000000e+00 1.715748298869268140e+01
4.500000000000000000e+00 1.651925578780816650e+01
4.500000000000000000e+00 1.651925403410354676e+01
4.500000000000000000e+00 1.616093388462837055e+01
4.500000000000000000e+00 1.616093374576191266e+01
4.500000000000000000e+00 1.608720753330503683e+01
4.500000000000000000e+00 1.608720746383914246e+01
4.500000000000000000e+00 1.573689286745115901e+01
4.500000000000000000e+00 1.573689259147121611e+01
4.500000000000000000e+00 1.573443733144631373e+01
4.500000000000000000e+00 1.573443701475540557e+01
4.500000000000000000e+00 1.543726646756907606e+01
4.500000000000000000e+00 1.543726632523284081e+01
4.500000000000000000e+00 1.529987414885908059e+01
4.500000000000000000e+00 1.529987393951571661e+01
4.500000000000000000e+00 1.497293018759323147e+01
4.500000000000000000e+00 1.497292980611279845e+01
4.500000000000000000e+00 1.492130391703702585e+01
4.500000000000000000e+00 1.492130335173470179e+01
4.500000000000000000e+00 1.486109359186765744e+01
4.500000000000000000e+00 1.486109327234897215e+01
4.500000000000000000e+00 1.463032674399582156e+01
4.500000000000000000e+00 1.463032655259951831e+01
4.500000000000000000e+00 1.433446334171440029e+01
4.500000000000000000e+00 1.433446271806772998e+01
4.500000000000000000e+00 1.429378695019531698e+01
4.500000000000000000e+00 1.429378693470883555e+01
4.500000000000000000e+00 1.405118753677023591e+01
4.500000000000000000e+00 1.405118743678227666e+01
4.500000000000000000e+00 1.400114031873668630e+01
4.500000000000000000e+00 1.400114002223774001e+01
4.500000000000000000e+00 1.345248863376708215e+01
4.500000000000000000e+00 1.345248849008517311e+01
4.500000000000000000e+00 1.334832765646224928e+01
4.500000000000000000e+00 1.334832747673415021e+01
4.500000000000000000e+00 1.321898062140921226e+01
4.500000000000000000e+00 1.321898059321687136e+01
4.500000000000000000e+00 1.202942622407776696e+01
4.500000000000000000e+00 1.202942621338416984e+01
5.000000000000000000e+00 1.849615722162550568e+01
5.000000000000000000e+00 1.849416676828049688e+01
5.000000000000000000e+00 1.844461290794124864e+01
5.000000000000000000e+00 1.841969099604157734e+01
5.000000000000000000e+00 1.841969006316354296e+01
5.000000000000000000e+00 1.829717693533515188e+01
5.000000000000000000e+00 1.829717399829537428e+01
5.000000000000000000e+00 1.828001124774370112e+01
5.000000000000000000e+00 1.828001110055876310e+01
5.000000000000000000e+00 1.825171328197478005e+01
5.000000000000000000e+00 1.821722513594149007e+01
5.000000000000000000e+00 1.807070399664429061e+01
5.000000000000000000e+00 1.807070390901313672e+01
5.000000000000000000e+00 1.804985047873931592e+01
5.000000000000000000e+00 1.804615762849120841e+01
5.000000000000000000e+00 1.793018888299012303e+01
5.000000000000000000e+00 1.781409687743977344e+01
5.000000000000000000e+00 1.765754529745626300e+01
5.000000000000000000e+00 1.757126318060404557e+01
5.000000000000000000e+00 1.750804511801381835e+01
5.000000000000000000e+00 1.750804277076271376e+01
5.000000000000000000e+00 1.746004016007751858e+01
5.000000000000000000e+00 1.741862405065261044e+01
5.000000000000000000e+00 1.741862122706303495e+01
5.000000000000000000e+00 1.721803026349903476e+01
5.000000000000000000e+00 1.721803005248157348e+01
5.000000000000000000e+00 1.719288550021254736e+01
5.000000000000000000e+00 1.719288360712700126e+01
5.000000000000000000e+00 1.708473964795712163e+01
5.000000000000000000e+00 1.691222423344306236e+01
5.000000000000000000e+00 1.687455001545456668e+01
5.000000000000000000e+00 1.686877857839911243e+01
5.000000000000000000e+00 1.667241972279776618e+01
5.000000000000000000e+00 1.667241946111448669e+01
5.000000000000000000e+00 1.657183212803606054e+01
5.000000000000000000e+00 1.653551234359948907e+01
5.000000000000000000e+00 1.611546048846236801e+01
5.000000000000000000e+00 1.596350258771052211e+01
5.000000000000000000e+00 1.596350197116663061e+01
5.000000000000000000e+00 8.515931803868081573e+00
5.500000000000000000e+00 2.095581996136122882e+01
5.500000000000000000e+00 2.095581714963191544e+01
5.500000000000000000e+00 2.092431037026662821e+01
5.500000000000000000e+00 2.092430886729359685e+01
5.500000000000000000e+00 2.085267917951140859e+01
5.500000000000000000e+00 2.085267914811073453e+01
5.500000000000000000e+00 2.078566393151971070e+01
5.500000000000000000e+00 2.078566221985342466e+01
5.500000000000000000e+00 2.062552983541614182e+01
5.500000000000000000e+00 2.062551736418431148e+01
5.500000000000000000e+00 2.060841800845565430e+01
5.500000000000000000e+00 2.060841432086827396e+01
5.500000000000000000e+00 2.043976583176241846e+01
5.500000000000000000e+00 2.043975917210385163e+01
5.500000000000000000e+00 2.030276956486002504e+01
5.500000000000000000e+00 2.030276878385522465e+01
5.500000000000000000e+00 2.011456676989558900e+01
5.500000000000000000e+00 2.011456532266524633e+01
5.500000000000000000e+00 1.973554218880693867e+01
5.500000000000000000e+00 1.973553289306262215e+01
5.500000000000000000e+00 1.919671011934100946e+01
5.500000000000000000e+00 1.919669787545071671e+01
5.500000000000000000e+00 1.881998919615479338e+01
5.500000000000000000e+00 1.881998498642068540e+01
5.500000000000000000e+00 1.678559813330088701e+01
5.500000000000000000e+00 1.678559787177702844e+01
5.500000000000000000e+00 1.672830661025697907e+01
5.500000000000000000e+00 1.672830609938459290e+01
5.500000000000000000e+00 1.620552293665957322e+01
5.500000000000000000e+00 1.620552292384584447e+01
5.500000000000000000e+00 1.539730560994777164e+01
5.500000000000000000e+00 1.539730533426020642e+01
5.500000000000000000e+00 1.516308494819580410e+01
5.500000000000000000e+00 1.516308483550008646e+01
5.500000000000000000e+00 1.364121043391505417e+01
5.500000000000000000e+00 1.364120901496733396e+01
5.500000000000000000e+00 1.349898185876278589e+01
5.500000000000000000e+00 1.349898181602760694e+01
5.500000000000000000e+00 1.292456558509899800e+01
5.500000000000000000e+00 1.292456407477779656e+01
6.000000000000000000e+00 2.012758779016198929e+01
6.000000000000000000e+00 1.993645916603004764e+01
6.000000000000000000e+00 1.979667818017297876e+01
6.000000000000000000e+00 1.979367950939711918e+01
6.000000000000000000e+00 1.974944610918314325e+01
6.000000000000000000e+00 1.973963044337593686e+01
6.000000000000000000e+00 1.973962964122775787e+01
6.000000000000000000e+00 1.972931162099992264e+01
6.000000000000000000e+00 1.963702070936089328e+01
6.000000000000000000e+00 1.962163005081885814e+01
6.000000000000000000e+00 1.945515918995107540e+01
6.000000000000000000e+00 1.931313949575558553e+01
6.000000000000000000e+00 1.931313947668110487e+01
6.000000000000000000e+00 1.924920663658278031e+01
6.000000000000000000e+00 1.923130378835282173e+01
6.000000000000000000e+00 1.923130368941520985e+01
6.000000000000000000e+00 1.921315946819115084e+01
6.000000000000000000e+00 1.909174063319364123e+01
6.000000000000000000e+00 1.909173958049551700e+01
6.000000000000000000e+00 1.902409564456070967e+01
6.000000000000000000e+00 1.873361319969367145e+01
6.000000000000000000e+00 1.844948479349408643e+01
6.000000000000000000e+00 1.838873865018938858e+01
6.000000000000000000e+00 1.838873743954939854e+01
6.000000000000000000e+00 1.828134963763221776e+01
6.000000000000000000e+00 1.816741844050555343e+01
6.000000000000000000e+00 1.816741761331633143e+01
6.000000000000000000e+00 1.809256516208203180e+01
6.000000000000000000e+00 1.801801064245161044e+01
6.000000000000000000e+00 1.800540344590528719e+01
6.000000000000000000e+00 1.788127557816016378e+01
6.000000000000000000e+00 1.788127543196860358e+01
6.000000000000000000e+00 1.776730341735837371e+01
6.000000000000000000e+00 1.776730275140595339e+01
6.000000000000000000e+00 1.755022875247188097e+01
6.000000000000000000e+00 1.692632635175066724e+01
6.000000000000000000e+00 1.674216054992690061e+01
6.000000000000000000e+00 1.674216039071761841e+01
6.000000000000000000e+00 1.651174118057483042e+01
6.000000000000000000e+00 1.599822278771203088e+01
6.500000000000000000e+00 2.270616304031133126e+01
6.500000000000000000e+00 2.270616270637736278e+01
6.500000000000000000e+00 2.259429402003595300e+01
6.500000000000000000e+00 2.259429264938063397e+01
6.500000000000000000e+00 2.250866518203585898e+01
6.500000000000000000e+00 2.250866193746314536e+01
6.500000000000000000e+00 2.237359977372992859e+01
6.500000000000000000e+00 2.237359826363267246e+01
6.500000000000000000e+00 2.229487523942275473e+01
6.500000000000000000e+00 2.229487346455466579e+01
6.500000000000000000e+00 2.228894816286407732e+01
6.500000000000000000e+00 2.228894106441309120e+01
6.500000000000000000e+00 2.224534050342941427e+01
6.500000000000000000e+00 2.224533912283803616e+01
6.500000000000000000e+00 2.210965049302483365e+01
6.500000000000000000e+00 2.210965037484035278e+01
6.500000000000000000e+00 2.199841624504306381e+01
6.500000000000000000e+00 2.199841549186560385e+01
6.500000000000000000e+00 2.169434505443027916e+01
6.500000000000000000e+00 2.169434452825784021e+01
6.500000000000000000e+00 2.147695477650585971e+01
6.500000000000000000e+00 2.147695423941071624e+01
6.500000000000000000e+00 2.127896119584940138e+01
6.500000000000000000e+00 2.127895998517244536e+01
6.500000000000000000e+00 2.113929484617261778e+01
6.500000000000000000e+00 2.113929423548197661e+01
6.500000000000000000e+00 2.110540610099493719e+01
6.500000000000000000e+00 2.110540316436073383e+01
6.500000000000000000e+00 2.081042036963937036e+01
6.500000000000000000e+00 2.081042023613184710e+01
6.500000000000000000e+00 2.059516941783557442e+01
6.500000000000000000e+00 2.059516915237190560e+01
6.500000000000000000e+00 2.055716529319839125e+01
6.500000000000000000e+00 2.055716413188650904e+01
6.500000000000000000e+00 1.993047406001863919e+01
6.500000000000000000e+00 1.993047321362410429e+01
6.500000000000000000e+00 1.499688821775638914e+01
6.500000000000000000e+00 1.499688816009579995e+01
6.500000000000000000e+00 1.310801239205893154e+01
6.500000000000000000e+00 1.310801234958953110e+01
7.000000000000000000e+00 2.402812171751509496e+01
7.000000000000000000e+00 2.399217764847949752e+01
7.000000000000000000e+00 2.391026246117951359e+01
7.000000000000000000e+00 2.370869733010875890e+01
7.000000000000000000e+00 2.370869238740325358e+01
7.000000000000000000e+00 2.352781235202605004e+01
7.000000000000000000e+00 2.351052716095009032e+01
7.000000000000000000e+00 2.350530079870619815e+01
7.000000000000000000e+00 2.332236781647496215e+01
7.000000000000000000e+00 2.332236049869034744e+01
7.000000000000000000e+00 2.316758346593441686e+01
7.000000000000000000e+00 2.316758253605942031e+01
7.000000000000000000e+00 2.315411103292095873e+01
7.000000000000000000e+00 2.312589115656141558e+01
7.000000000000000000e+00 2.289509000163844021e+01
7.000000000000000000e+00 2.245987598649896810e+01
7.000000000000000000e+00 2.220931963568585843e+01
7.000000000000000000e+00 2.159726677880815160e+01
7.000000000000000000e+00 2.159726607408749999e+01
7.000000000000000000e+00 2.149336067452571086e+01
7.000000000000000000e+00 2.120340149657409512e+01
7.000000000000000000e+00 2.091989594307562683e+01
7.000000000000000000e+00 2.091989216011854680e+01
7.000000000000000000e+00 2.019638737838635123e+01
7.000000000000000000e+00 2.004469803479200252e+01
7.000000000000000000e+00 1.985931937744306808e+01
7.000000000000000000e+00 1.957965878845306662e+01
7.000000000000000000e+00 1.956367301711983586e+01
7.000000000000000000e+00 1.956367300020384903e+01
7.000000000000000000e+00 1.929226169504812560e+01
7.000000000000000000e+00 1.929226107526363521e+01
7.000000000000000000e+00 1.916172831557058132e+01
7.000000000000000000e+00 1.823850473619114609e+01
7.000000000000000000e+00 1.823850350036155632e+01
7.000000000000000000e+00 1.806949812716974790e+01
7.000000000000000000e+00 1.786649987582958232e+01
7.000000000000000000e+00 1.778121468614542522e+01
7.000000000000000000e+00 1.724258202423600039e+01
7.000000000000000000e+00 1.724258161886756113e+01
7.000000000000000000e+00 1.716379075235410312e+01
7.500000000000000000e+00 2.478703570040771353e+01
7.500000000000000000e+00 2.478703188274616664e+01
7.500000000000000000e+00 2.445808094641830266e+01
7.500000000000000000e+00 2.445807952934859841e+01
7.500000000000000000e+00 2.436534470542592246e+01
7.500000000000000000e+00 2.436534368683952678e+01
7.500000000000000000e+00 2.427584439972186914e+01
7.500000000000000000e+00 2.427584184007496404e+01
7.500000000000000000e+00 2.419950799162858956e+01
7.500000000000000000e+00 2.419950595508661806e+01
7.500000000000000000e+00 2.409932032640111288e+01
7.500000000000000000e+00 2.409931794423905060e+01
7.500000000000000000e+00 2.392325489546742645e+01
7.500000000000000000e+00 2.392325329467844952e+01
7.500000000000000000e+00 2.374979073090426240e+01
7.500000000000000000e+00 2.374978983828295043e+01
7.500000000000000000e+00 2.352036102671999629e+01
7.500000000000000000e+00 2.352035948580591196e+01
7.500000000000000000e+00 2.348518160467941840e+01
7.500000000000000000e+00 2.348518152489147326e+01
7.500000000000000000e+00 2.339667200293029126e+01
7.500000000000000000e+00 2.339667085153888237e+01
7.500000000000000000e+00 2.309350880156318198e+01
7.500000000000000000e+00 2.309350836214259317e+01
7.500000000000000000e+00 2.303325994264828935e+01
7.500000000000000000e+00 2.303325976951033027e+01
7.500000000000000000e+00 2.299815196318036215e+01
7.500000000000000000e+00 2.299814497719726702e+01
7.500000000000000000e+00 2.281691288201204770e+01
7.500000000000000000e+00 2.281691150327752027e+01
7.500000000000000000e+00 2.271769337856178339e+01
7.500000000000000000e+00 2.271769215213971194e+01
7.500000000000000000e+00 2.253221274195223955e+01
7.500000000000000000e+00 2.253220815524642973e+01
7.500000000000000000e+00 2.233939153848486114e+01
7.500000000000000000e+00 2.233938949820171160e+01
7.500000000000000000e+00 2.145797021829033113e+01
7.500000000000000000e+00 2.145797011078050787e+01
7.500000000000000000e+00 2.065355128555522413e+01
7.500000000000000000e+00 2.065355115071708170e+01
8.000000000000000000e+00 2.755319686384075695e+01
8.000000000000000000e+00 2.755319686384074629e+01
8.000000000000000000e+00 2.730983695605436168e+01
8.000000000000000000e+00 2.725867415371899583e+01
8.000000000000000000e+00 2.725867415371896740e+01
8.000000000000000000e+00 2.697051673064511590e+01
8.000000000000000000e+00 2.657233617316899199e+01
8.000000000000000000e+00 2.657233617316896357e+01
8.000000000000000000e+00 2.652906842782653030e+01
8.000000000000000000e+00 2.652906842782652674e+01
8.000000000000000000e+00 2.636942548606729986e+01
8.000000000000000000e+00 2.617043706343594422e+01
8.000000000000000000e+00 2.606232045436643219e+01
8.000000000000000000e+00 2.599988948412585188e+01
8.000000000000000000e+00 2.589991887836962192e+01
8.000000000000000000e+00 2.582406240280101528e+01
8.000000000000000000e+00 2.561555147512600783e+01
8.000000000000000000e+00 2.545797315552741935e+01
8.000000000000000000e+00 2.545797315552739803e+01
8.000000000000000000e+00 2.520496236715116112e+01
8.000000000000000000e+00 2.518524196091044587e+01
8.000000000000000000e+00 2.518524196091044232e+01
8.000000000000000000e+00 2.491726621259180519e+01
8.000000000000000000e+00 2.484049579550760001e+01
8.000000000000000000e+00 2.471674665258142056e+01
8.000000000000000000e+00 2.467738572454178581e+01
8.000000000000000000e+00 2.467738572454178225e+01
8.000000000000000000e+00 2.466936591691267466e+01
8.000000000000000000e+00 2.437017797315230894e+01
8.000000000000000000e+00 2.398748878064597179e+01
8.000000000000000000e+00 2.311046331254316044e+01
8.000000000000000000e+00 2.051599499221214273e+01
8.000000000000000000e+00 2.002194818868932913e+01
8.000000000000000000e+00 1.973651640756428804e+01
8.000000000000000000e+00 1.973651640756428804e+01
8.000000000000000000e+00 1.960670653718863932e+01
8.000000000000000000e+00 1.714925027937588098e+01
8.500000000000000000e+00 2.654753566312712820e+01
8.500000000000000000e+00 2.654753566312712110e+01
8.500000000000000000e+00 2.638838475538712913e+01
8.500000000000000000e+00 2.638837903153150322e+01
8.500000000000000000e+00 2.574455108607370235e+01
8.500000000000000000e+00 2.574454912953293118e+01
8.500000000000000000e+00 2.558107356443890268e+01
8.500000000000000000e+00 2.558107356443889913e+01
8.500000000000000000e+00 2.548703637714550041e+01
8.500000000000000000e+00 2.548703471599873538e+01
8.500000000000000000e+00 2.504278430125375365e+01
8.500000000000000000e+00 2.504277679483726970e+01
8.500000000000000000e+00 2.443669708193019119e+01
8.500000000000000000e+00 2.443669708193018764e+01
8.500000000000000000e+00 2.440483761031745757e+01
8.500000000000000000e+00 2.440483456948882335e+01
8.500000000000000000e+00 2.427932260676638521e+01
8.500000000000000000e+00 2.427932260676638521e+01
8.500000000000000000e+00 2.427886978937785400e+01
8.500000000000000000e+00 2.427886459773632311e+01
8.500000000000000000e+00 2.418342753766766506e+01
8.500000000000000000e+00 2.418342434283008657e+01
8.500000000000000000e+00 2.395421600502522352e+01
8.500000000000000000e+00 2.395421600502521997e+01
8.500000000000000000e+00 2.235190921948640153e+01
8.500000000000000000e+00 2.235190743645331324e+01
8.500000000000000000e+00 2.156369177182363828e+01
8.500000000000000000e+00 2.156368838129547072e+01
9.000000000000000000e+00 2.744896451923342084e+01
9.000000000000000000e+00 2.733125221685396511e+01
9.000000000000000000e+00 2.732112039593290120e+01
9.000000000000000000e+00 2.732112039593290120e+01
9.500000000000000000e+00 2.582588741405037425e+01
9.500000000000000000e+00 2.582588741405037425e+01
9.500000000000000000e+00 2.430653362213699253e+01
9.500000000000000000e+00 2.430653362213699253e+01
