-1.200000000000000000e+01 2.759848717100080506e+01
-1.200000000000000000e+01 2.744567023409142692e+01
-1.200000000000000000e+01 2.398691623495702174e+01
-1.150000000000000000e+01 2.725928184976597990e+01
-1.150000000000000000e+01 2.725928184976594792e+01
-1.150000000000000000e+01 2.705431222381427503e+01
-1.150000000000000000e+01 2.705431222381422174e+01
-1.150000000000000000e+01 2.687089056347413418e+01
-1.150000000000000000e+01 2.687089056347411642e+01
-1.150000000000000000e+01 2.409327293322017027e+01
-1.150000000000000000e+01 2.409327293322016672e+01
-1.150000000000000000e+01 2.187443598094185759e+01
-1.150000000000000000e+01 2.187443598094185759e+01
-1.100000000000000000e+01 2.745079133704402707e+01
-1.100000000000000000e+01 2.745079133704402707e+01
-1.100000000000000000e+01 2.745079133704402707e+01
-1.100000000000000000e+01 2.745079133704402707e+01
-1.100000000000000000e+01 2.745079133704363272e+01
-1.100000000000000000e+01 2.742970214973076892e+01
-1.100000000000000000e+01 2.742970214973044563e+01
-1.100000000000000000e+01 2.742970214973029286e+01
-1.100000000000000000e+01 2.742970214973019338e+01
-1.100000000000000000e+01 2.742970214973019338e+01
-1.100000000000000000e+01 2.742970214973019338e+01
-1.100000000000000000e+01 2.742970214973019338e+01
-1.100000000000000000e+01 2.742970214973019338e+01
-1.100000000000000000e+01 2.742970214973019338e+01
-1.100000000000000000e+01 2.742970214973019338e+01
-1.100000000000000000e+01 2.742970214973019338e+01
-1.100000000000000000e+01 2.742970214973019338e+01
-1.100000000000000000e+01 2.742970214973019338e+01
-1.100000000000000000e+01 2.742970214973019338e+01
-1.100000000000000000e+01 2.742970214973019338e+01
-1.100000000000000000e+01 2.742970214973019338e+01
-1.100000000000000000e+01 2.734541658815769338e+01
-1.100000000000000000e+01 2.734445306961873356e+01
-1.100000000000000000e+01 2.734445306961861633e+01
-1.100000000000000000e+01 2.656494456708958651e+01
-1.100000000000000000e+01 2.632829088019961361e+01
-1.100000000000000000e+01 2.626046354643388270e+01
-1.100000000000000000e+01 2.626046354643380809e+01
-1.100000000000000000e+01 2.622092648403504711e+01
-1.100000000000000000e+01 2.621674464425598927e+01
-1.100000000000000000e+01 2.619163785385185506e+01
-1.100000000000000000e+01 2.613482262719710292e+01
-1.100000000000000000e+01 2.613482262719697147e+01
-1.100000000000000000e+01 2.577739283018007654e+01
-1.100000000000000000e+01 2.414564982965549333e+01
-1.100000000000000000e+01 2.208744342156507656e+01
-1.100000000000000000e+01 2.200614444612229548e+01
-1.100000000000000000e+01 2.200104513628145853e+01
-1.100000000000000000e+01 2.200104513628145853e+01
-1.100000000000000000e+01 1.977681006985477552e+01
-1.050000000000000000e+01 2.505393568072976862e+01
-1.050000000000000000e+01 2.505393568072976862e+01
-1.050000000000000000e+01 2.505393568072976507e+01
-1.050000000000000000e+01 2.505393568072976507e+01
-1.050000000000000000e+01 2.505393568072976507e+01
-1.050000000000000000e+01 2.505393568072976507e+01
-1.050000000000000000e+01 2.505393568072976507e+01
-1.050000000000000000e+01 2.505393568072976507e+01
-1.050000000000000000e+01 2.505393568072976507e+01
-1.050000000000000000e+01 2.505393568072976507e+01
-1.050000000000000000e+01 2.505393568072976507e+01
-1.050000000000000000e+01 2.505393568072976507e+01
-1.050000000000000000e+01 2.504439118827765398e+01
-1.050000000000000000e+01 2.504439118827764332e+01
-1.050000000000000000e+01 2.504439118827764332e+01
-1.050000000000000000e+01 2.504439118827764332e+01
-1.050000000000000000e+01 2.504439118827764332e+01
-1.050000000000000000e+01 2.504439118827764332e+01
-1.050000000000000000e+01 2.504439118827764332e+01
-1.050000000000000000e+01 2.504439118827764332e+01
-1.050000000000000000e+01 2.504439118827764332e+01
-1.050000000000000000e+01 2.504439118827764332e+01
-1.050000000000000000e+01 2.504439118827764332e+01
-1.050000000000000000e+01 2.504439118827764332e+01
-1.050000000000000000e+01 2.504439118827764332e+01
-1.050000000000000000e+01 2.504439118827763977e+01
-1.050000000000000000e+01 2.504439118827763977e+01
-1.050000000000000000e+01 2.504439118827763977e+01
-1.050000000000000000e+01 2.394690968100971773e+01
-1.050000000000000000e+01 2.394690968100971773e+01
-1.050000000000000000e+01 2.381370228207749662e+01
-1.050000000000000000e+01 2.381370228207749307e+01
-1.050000000000000000e+01 2.216854548722836427e+01
-1.050000000000000000e+01 2.216854548722836427e+01
-1.050000000000000000e+01 2.067735661732202246e+01
-1.050000000000000000e+01 2.067735661732201891e+01
-1.050000000000000000e+01 2.064319127761667261e+01
-1.050000000000000000e+01 2.064319127761666905e+01
-1.050000000000000000e+01 1.997401324991613691e+01
-1.050000000000000000e+01 1.997401324991613691e+01
-1.000000000000000000e+01 2.388378727114782407e+01
-1.000000000000000000e+01 2.388378727114781697e+01
-1.000000000000000000e+01 2.383230387543055784e+01
-1.000000000000000000e+01 2.368463533704369084e+01
-1.000000000000000000e+01 2.366910154876617511e+01
-1.000000000000000000e+01 2.364362471394220933e+01
-1.000000000000000000e+01 2.364362471394220577e+01
-1.000000000000000000e+01 2.254309001898956666e+01
-1.000000000000000000e+01 2.254309001898956666e+01
-1.000000000000000000e+01 2.254271678289718750e+01
-1.000000000000000000e+01 2.254271678289718750e+01
-1.000000000000000000e+01 2.253869625861097958e+01
-1.000000000000000000e+01 2.253869625861097958e+01
-1.000000000000000000e+01 2.253746142619539938e+01
-1.000000000000000000e+01 2.253740633499884538e+01
-1.000000000000000000e+01 2.253739972419867854e+01
-1.000000000000000000e+01 2.253734881351783059e+01
-1.000000000000000000e+01 2.253387633428184245e+01
-1.000000000000000000e+01 2.253385481709756277e+01
-1.000000000000000000e+01 2.253361354625210566e+01
-1.000000000000000000e+01 2.253359516677048191e+01
-1.000000000000000000e+01 2.252882443046810224e+01
-1.000000000000000000e+01 2.252882443046809868e+01
-1.000000000000000000e+01 2.085515517163232246e+01
-1.000000000000000000e+01 2.084986353576972107e+01
-1.000000000000000000e+01 2.084986353576972107e+01
-1.000000000000000000e+01 2.083267983761948017e+01
-1.000000000000000000e+01 2.082532972069826727e+01
-1.000000000000000000e+01 2.081893824568872020e+01
-1.000000000000000000e+01 2.077276510927212883e+01
-1.000000000000000000e+01 2.077276510927212527e+01
-1.000000000000000000e+01 2.011857431923351314e+01
-1.000000000000000000e+01 1.868359879449394256e+01
-1.000000000000000000e+01 1.866882139371080029e+01
-1.000000000000000000e+01 1.865746458702187738e+01
-1.000000000000000000e+01 1.865746458702187738e+01
-1.000000000000000000e+01 1.861668926245307176e+01
-1.000000000000000000e+01 1.861668926245307176e+01
-1.000000000000000000e+01 1.859360773055994187e+01
-1.000000000000000000e+01 1.858175488666756081e+01
-9.500000000000000000e+00 2.227989236483729485e+01
-9.500000000000000000e+00 2.227989169803187508e+01
-9.500000000000000000e+00 2.227206184413508083e+01
-9.500000000000000000e+00 2.227206114822092786e+01
-9.500000000000000000e+00 2.205732990328264975e+01
-9.500000000000000000e+00 2.205732987826600322e+01
-9.500000000000000000e+00 2.204311115820865297e+01
-9.500000000000000000e+00 2.204311115820864941e+01
-9.500000000000000000e+00 2.204276060282021632e+01
-9.500000000000000000e+00 2.204276060224221112e+01
-9.500000000000000000e+00 2.203301092931395289e+01
-9.500000000000000000e+00 2.203301092833256902e+01
-9.500000000000000000e+00 2.203270935313180345e+01
-9.500000000000000000e+00 2.203270935313180345e+01
-9.500000000000000000e+00 2.140652869177354134e+01
-9.500000000000000000e+00 2.140652868856109592e+01
-9.500000000000000000e+00 2.094629048015222850e+01
-9.500000000000000000e+00 2.094629048003999117e+01
-9.500000000000000000e+00 2.092791713262393927e+01
-9.500000000000000000e+00 2.092791713252993802e+01
-9.500000000000000000e+00 1.890501597489687313e+01
-9.500000000000000000e+00 1.890501597446512605e+01
-9.500000000000000000e+00 1.886756239919237643e+01
-9.500000000000000000e+00 1.886756239735818497e+01
-9.500000000000000000e+00 1.882214400124056652e+01
-9.500000000000000000e+00 1.882214400086344241e+01
-9.500000000000000000e+00 1.881759789279292860e+01
-9.500000000000000000e+00 1.881759789047553255e+01
-9.500000000000000000e+00 1.881140770841393817e+01
-9.500000000000000000e+00 1.881140770841393461e+01
-9.500000000000000000e+00 1.878060973785868626e+01
-9.500000000000000000e+00 1.878060973748361917e+01
-9.500000000000000000e+00 1.875494795970749706e+01
-9.500000000000000000e+00 1.875494795970749706e+01
-9.500000000000000000e+00 1.874859376847671655e+01
-9.500000000000000000e+00 1.874859376837776281e+01
-9.500000000000000000e+00 1.659931734450217533e+01
-9.500000000000000000e+00 1.659931734442004014e+01
-9.500000000000000000e+00 1.652440326680882876e+01
-9.500000000000000000e+00 1.652440326673865911e+01
-9.000000000000000000e+00 2.053536691869744857e+01
-9.000000000000000000e+00 2.050602509850769906e+01
-9.000000000000000000e+00 2.034177018304308149e+01
-9.000000000000000000e+00 2.032882161416695865e+01
-9.000000000000000000e+00 2.032882161416695510e+01
-9.000000000000000000e+00 2.029381616694736934e+01
-9.000000000000000000e+00 2.029381616694736934e+01
-9.000000000000000000e+00 2.029235188443934135e+01
-9.000000000000000000e+00 2.017838825759691801e+01
-9.000000000000000000e+00 2.010716643314995977e+01
-9.000000000000000000e+00 2.001533958006569236e+01
-9.000000000000000000e+00 2.001533958006569236e+01
-9.000000000000000000e+00 1.997374915006629337e+01
-9.000000000000000000e+00 1.997263541857114078e+01
-9.000000000000000000e+00 1.994064448425658753e+01
-9.000000000000000000e+00 1.990446287244625978e+01
-9.000000000000000000e+00 1.990446287244625623e+01
-9.000000000000000000e+00 1.989701204121533706e+01
-9.000000000000000000e+00 1.898230219250952899e+01
-9.000000000000000000e+00 1.897512616881946457e+01
-9.000000000000000000e+00 1.895479363961812425e+01
-9.000000000000000000e+00 1.895479363961812069e+01
-9.000000000000000000e+00 1.894353000410126953e+01
-9.000000000000000000e+00 1.894353000410126953e+01
-9.000000000000000000e+00 1.893025735031253021e+01
-9.000000000000000000e+00 1.889134532858419391e+01
-9.000000000000000000e+00 1.751798632138734035e+01
-9.000000000000000000e+00 1.746090017230945080e+01
-9.000000000000000000e+00 1.745720012572259705e+01
-9.000000000000000000e+00 1.745720012572259705e+01
-9.000000000000000000e+00 1.745161275013894198e+01
-9.000000000000000000e+00 1.731959104299668439e+01
-9.000000000000000000e+00 1.679626104831434574e+01
-9.000000000000000000e+00 1.679626104831434574e+01
-9.000000000000000000e+00 1.679187247319994114e+01
-9.000000000000000000e+00 1.678004113959022447e+01
-9.000000000000000000e+00 1.676540291636380786e+01
-9.000000000000000000e+00 1.674418011569174425e+01
-9.000000000000000000e+00 1.669958263074633464e+01
-9.000000000000000000e+00 1.669958263074633464e+01
-8.500000000000000000e+00 1.903202352690067301e+01
-8.500000000000000000e+00 1.903202352028205269e+01
-8.500000000000000000e+00 1.902583970736692365e+01
-8.500000000000000000e+00 1.902583970410028869e+01
-8.500000000000000000e+00 1.901390558469615399e+01
-8.500000000000000000e+00 1.901390558315990020e+01
-8.500000000000000000e+00 1.894715505707860714e+01
-8.500000000000000000e+00 1.894715504446034871e+01
-8.500000000000000000e+00 1.893997424262785501e+01
-8.500000000000000000e+00 1.893997422840986289e+01
-8.500000000000000000e+00 1.790678993716969813e+01
-8.500000000000000000e+00 1.790678993677283160e+01
-8.500000000000000000e+00 1.770325197090455305e+01
-8.500000000000000000e+00 1.770325196455010186e+01
-8.500000000000000000e+00 1.763862255577756599e+01
-8.500000000000000000e+00 1.763862255543865487e+01
-8.500000000000000000e+00 1.762289474954728874e+01
-8.500000000000000000e+00 1.762289474246321319e+01
-8.500000000000000000e+00 1.759745839565884751e+01
-8.500000000000000000e+00 1.759745838993413969e+01
-8.500000000000000000e+00 1.759729937056067683e+01
-8.500000000000000000e+00 1.759729937056067683e+01
-8.500000000000000000e+00 1.747596992096801927e+01
-8.500000000000000000e+00 1.747596991985794190e+01
-8.500000000000000000e+00 1.693746770201338947e+01
-8.500000000000000000e+00 1.693746770199206253e+01
-8.500000000000000000e+00 1.688460550436484908e+01
-8.500000000000000000e+00 1.688460550435667074e+01
-8.500000000000000000e+00 1.550409768670127164e+01
-8.500000000000000000e+00 1.550409767247105819e+01
-8.500000000000000000e+00 1.544820986158791065e+01
-8.500000000000000000e+00 1.544820985703036875e+01
-8.500000000000000000e+00 1.544472145463201151e+01
-8.500000000000000000e+00 1.544472144269159131e+01
-8.500000000000000000e+00 1.543839912444425799e+01
-8.500000000000000000e+00 1.543839912444425799e+01
-8.500000000000000000e+00 1.538963892357237739e+01
-8.500000000000000000e+00 1.538963891430794639e+01
-8.500000000000000000e+00 1.528253324633839938e+01
-8.500000000000000000e+00 1.528253323680678832e+01
-8.000000000000000000e+00 1.806186304979468105e+01
-8.000000000000000000e+00 1.805123403047022990e+01
-8.000000000000000000e+00 1.805123402792720810e+01
-8.000000000000000000e+00 1.803056757237801833e+01
-8.000000000000000000e+00 1.780879640687078691e+01
-8.000000000000000000e+00 1.773319686607941037e+01
-8.000000000000000000e+00 1.773319686440652632e+01
-8.000000000000000000e+00 1.773218441547350821e+01
-8.000000000000000000e+00 1.772851948483526385e+01
-8.000000000000000000e+00 1.758912978800887927e+01
-8.000000000000000000e+00 1.576573139264498735e+01
-8.000000000000000000e+00 1.573442400558276688e+01
-8.000000000000000000e+00 1.569507765044136249e+01
-8.000000000000000000e+00 1.569507752430124725e+01
-8.000000000000000000e+00 1.567650232388696274e+01
-8.000000000000000000e+00 1.565169643618301087e+01
-8.000000000000000000e+00 1.565169597341106567e+01
-8.000000000000000000e+00 1.562783787581944317e+01
-8.000000000000000000e+00 1.561378934616864633e+01
-8.000000000000000000e+00 1.560080376884010533e+01
-8.000000000000000000e+00 1.560032163713565190e+01
-8.000000000000000000e+00 1.560032158835018379e+01
-8.000000000000000000e+00 1.559908459098137179e+01
-8.000000000000000000e+00 1.559908458897342243e+01
-8.000000000000000000e+00 1.557775504501637975e+01
-8.000000000000000000e+00 1.557775504501637798e+01
-8.000000000000000000e+00 1.556995897838645604e+01
-8.000000000000000000e+00 1.556556787173777678e+01
-8.000000000000000000e+00 1.556556786875789378e+01
-8.000000000000000000e+00 1.555509654718882295e+01
-8.000000000000000000e+00 1.552047221869770510e+01
-8.000000000000000000e+00 1.544573486287885444e+01
-8.000000000000000000e+00 1.544426925598285827e+01
-8.000000000000000000e+00 1.544426869528922097e+01
-8.000000000000000000e+00 1.341068781443960312e+01
-8.000000000000000000e+00 1.337279637539242927e+01
-8.000000000000000000e+00 1.335388574118118576e+01
-8.000000000000000000e+00 1.335388574099124703e+01
-8.000000000000000000e+00 1.334815060702331024e+01
-8.000000000000000000e+00 1.319659755724926598e+01
-7.500000000000000000e+00 1.675832278415268561e+01
-7.500000000000000000e+00 1.675832278196730840e+01
-7.500000000000000000e+00 1.674695739986836429e+01
-7.500000000000000000e+00 1.674695738078871798e+01
-7.500000000000000000e+00 1.670396448393394095e+01
-7.500000000000000000e+00 1.670396435353006481e+01
-7.500000000000000000e+00 1.668328799308768851e+01
-7.500000000000000000e+00 1.668328795318133118e+01
-7.500000000000000000e+00 1.650052667258020733e+01
-7.500000000000000000e+00 1.650052612506171101e+01
-7.500000000000000000e+00 1.646244128030055620e+01
-7.500000000000000000e+00 1.646244092583856045e+01
-7.500000000000000000e+00 1.583518167893050865e+01
-7.500000000000000000e+00 1.583518165397267019e+01
-7.500000000000000000e+00 1.576655695381976585e+01
-7.500000000000000000e+00 1.576655695330139828e+01
-7.500000000000000000e+00 1.575493580817558126e+01
-7.500000000000000000e+00 1.575493579974678404e+01
-7.500000000000000000e+00 1.574890555484871157e+01
-7.500000000000000000e+00 1.574890553671413507e+01
-7.500000000000000000e+00 1.570593915279452801e+01
-7.500000000000000000e+00 1.570593914329812968e+01
-7.500000000000000000e+00 1.559867700731003737e+01
-7.500000000000000000e+00 1.559867700028821069e+01
-7.500000000000000000e+00 1.424630895354301430e+01
-7.500000000000000000e+00 1.424630895080781912e+01
-7.500000000000000000e+00 1.420593698486505474e+01
-7.500000000000000000e+00 1.420593698360214674e+01
-7.500000000000000000e+00 1.364050897887717539e+01
-7.500000000000000000e+00 1.364050896922184108e+01
-7.500000000000000000e+00 1.357339073128569318e+01
-7.500000000000000000e+00 1.357339072538490399e+01
-7.500000000000000000e+00 1.356596142624820267e+01
-7.500000000000000000e+00 1.356596140529424055e+01
-7.500000000000000000e+00 1.353292778106442462e+01
-7.500000000000000000e+00 1.353292776411193721e+01
-7.500000000000000000e+00 1.353177906032785849e+01
-7.500000000000000000e+00 1.353177905797539538e+01
-7.500000000000000000e+00 1.339859712169568162e+01
-7.500000000000000000e+00 1.339859711553438082e+01
-7.000000000000000000e+00 1.581110708672625442e+01
-7.000000000000000000e+00 1.580035510310873015e+01
-7.000000000000000000e+00 1.577624899623686439e+01
-7.000000000000000000e+00 1.576729209229581663e+01
-7.000000000000000000e+00 1.576729209006869148e+01
-7.000000000000000000e+00 1.576535902761350627e+01
-7.000000000000000000e+00 1.576535899627429238e+01
-7.000000000000000000e+00 1.574836170892558584e+01
-7.000000000000000000e+00 1.574817899487038808e+01
-7.000000000000000000e+00 1.564763230370861891e+01
-7.000000000000000000e+00 1.474178702093150406e+01
-7.000000000000000000e+00 1.474178702079576198e+01
-7.000000000000000000e+00 1.472618928730523002e+01
-7.000000000000000000e+00 1.470856513425612455e+01
-7.000000000000000000e+00 1.466083501109294396e+01
-7.000000000000000000e+00 1.466083500914896831e+01
-7.000000000000000000e+00 1.464459373803231479e+01
-7.000000000000000000e+00 1.458593647771272650e+01
-7.000000000000000000e+00 1.445906455945958413e+01
-7.000000000000000000e+00 1.441697687733968714e+01
-7.000000000000000000e+00 1.438393525941258133e+01
-7.000000000000000000e+00 1.438393525797397920e+01
-7.000000000000000000e+00 1.437901037857405484e+01
-7.000000000000000000e+00 1.437901037673315230e+01
-7.000000000000000000e+00 1.436928978870162510e+01
-7.000000000000000000e+00 1.436865184204986789e+01
-7.000000000000000000e+00 1.378612032249970554e+01
-7.000000000000000000e+00 1.371479775172477211e+01
-7.000000000000000000e+00 1.370998681626192273e+01
-7.000000000000000000e+00 1.370998681488476478e+01
-7.000000000000000000e+00 1.370462977864016452e+01
-7.000000000000000000e+00 1.355276982290078180e+01
-7.000000000000000000e+00 1.224102139053098348e+01
-7.000000000000000000e+00 1.224102138820746788e+01
-7.000000000000000000e+00 1.222937032257887857e+01
-7.000000000000000000e+00 1.219651596580130715e+01
-7.000000000000000000e+00 1.217362286685941264e+01
-7.000000000000000000e+00 1.216554463670738961e+01
-7.000000000000000000e+00 1.215792463068349960e+01
-7.000000000000000000e+00 1.215792463015221436e+01
-6.500000000000000000e+00 1.487199324145297474e+01
-6.500000000000000000e+00 1.487199323217743796e+01
-6.500000000000000000e+00 1.486009270333806143e+01
-6.500000000000000000e+00 1.486009266557502073e+01
-6.500000000000000000e+00 1.484354522380997921e+01
-6.500000000000000000e+00 1.484354521626380041e+01
-6.500000000000000000e+00 1.484260576674769005e+01
-6.500000000000000000e+00 1.484260573968564856e+01
-6.500000000000000000e+00 1.483714399585804777e+01
-6.500000000000000000e+00 1.483714399236477277e+01
-6.500000000000000000e+00 1.480751435920472758e+01
-6.500000000000000000e+00 1.480751435370780378e+01
-6.500000000000000000e+00 1.480139167389147303e+01
-6.500000000000000000e+00 1.480139166807257389e+01
-6.500000000000000000e+00 1.471915538681005131e+01
-6.500000000000000000e+00 1.471915531564529722e+01
-6.500000000000000000e+00 1.452362067941988499e+01
-6.500000000000000000e+00 1.452362066934110985e+01
-6.500000000000000000e+00 1.450093569715852659e+01
-6.500000000000000000e+00 1.450093569403997940e+01
-6.500000000000000000e+00 1.249468813368315523e+01
-6.500000000000000000e+00 1.249468812283448749e+01
-6.500000000000000000e+00 1.242641434918454024e+01
-6.500000000000000000e+00 1.242641433677823315e+01
-6.500000000000000000e+00 1.239498598962104481e+01
-6.500000000000000000e+00 1.239498598701630705e+01
-6.500000000000000000e+00 1.237379735380694434e+01
-6.500000000000000000e+00 1.237379735031386829e+01
-6.500000000000000000e+00 1.235087671732271453e+01
-6.500000000000000000e+00 1.235087671101518936e+01
-6.500000000000000000e+00 1.234210440581272827e+01
-6.500000000000000000e+00 1.234210440128315334e+01
-6.500000000000000000e+00 1.233730403158067013e+01
-6.500000000000000000e+00 1.233730402949411165e+01
-6.500000000000000000e+00 1.233556195785785548e+01
-6.500000000000000000e+00 1.233556195725732429e+01
-6.500000000000000000e+00 1.013414018198508515e+01
-6.500000000000000000e+00 1.013414017049275806e+01
-6.500000000000000000e+00 1.007934873429879730e+01
-6.500000000000000000e+00 1.007934872358885592e+01
-6.000000000000000000e+00 1.364602363159375109e+01
-6.000000000000000000e+00 1.363006167592439155e+01
-6.000000000000000000e+00 1.362539166210473418e+01
-6.000000000000000000e+00 1.362539166076212993e+01
-6.000000000000000000e+00 1.362100382408881138e+01
-6.000000000000000000e+00 1.362100382397779796e+01
-6.000000000000000000e+00 1.361082678186970263e+01
-6.000000000000000000e+00 1.361082677976904876e+01
-6.000000000000000000e+00 1.360007990484388252e+01
-6.000000000000000000e+00 1.354792384453974385e+01
-6.000000000000000000e+00 1.353237886828249970e+01
-6.000000000000000000e+00 1.352252524008952683e+01
-6.000000000000000000e+00 1.352252523779377213e+01
-6.000000000000000000e+00 1.352138280984512519e+01
-6.000000000000000000e+00 1.349336741614614077e+01
-6.000000000000000000e+00 1.348749497133530184e+01
-6.000000000000000000e+00 1.348434551579102347e+01
-6.000000000000000000e+00 1.348434551261494008e+01
-6.000000000000000000e+00 1.342626530026747034e+01
-6.000000000000000000e+00 1.342626526465313752e+01
-6.000000000000000000e+00 1.342249847950593455e+01
-6.000000000000000000e+00 1.334161693337997967e+01
-6.000000000000000000e+00 1.306068997548933730e+01
-6.000000000000000000e+00 1.255853867681867797e+01
-6.000000000000000000e+00 1.255853861270660055e+01
-6.000000000000000000e+00 1.254786929012247043e+01
-6.000000000000000000e+00 1.253093434244216731e+01
-6.000000000000000000e+00 1.251096131040660531e+01
-6.000000000000000000e+00 1.249362879882193944e+01
-6.000000000000000000e+00 1.249362872560920756e+01
-6.000000000000000000e+00 1.248137343162320612e+01
-6.000000000000000000e+00 1.100013246770047459e+01
-6.000000000000000000e+00 1.039179330167608661e+01
-6.000000000000000000e+00 1.034496172049407292e+01
-6.000000000000000000e+00 1.030592749666356944e+01
-6.000000000000000000e+00 1.030592748616382615e+01
-6.000000000000000000e+00 1.029884265949622169e+01
-6.000000000000000000e+00 1.029884263931151800e+01
-6.000000000000000000e+00 1.028382375028387408e+01
-6.000000000000000000e+00 1.028198969924289052e+01
-5.500000000000000000e+00 1.366954682737010707e+01
-5.500000000000000000e+00 1.366954682328307236e+01
-5.500000000000000000e+00 1.364813665134812304e+01
-5.500000000000000000e+00 1.364813665005107879e+01
-5.500000000000000000e+00 1.364016152052718311e+01
-5.500000000000000000e+00 1.364016151535461852e+01
-5.500000000000000000e+00 1.363791966660638089e+01
-5.500000000000000000e+00 1.363791963813370423e+01
-5.500000000000000000e+00 1.359700095607870196e+01
-5.500000000000000000e+00 1.359700095174625645e+01
-5.500000000000000000e+00 1.356396048251635200e+01
-5.500000000000000000e+00 1.356396048078222449e+01
-5.500000000000000000e+00 1.352718278317724909e+01
-5.500000000000000000e+00 1.352718273474127386e+01
-5.500000000000000000e+00 1.326820613777850077e+01
-5.500000000000000000e+00 1.326820609513826277e+01
-5.500000000000000000e+00 1.254401638235333039e+01
-5.500000000000000000e+00 1.254401637626387256e+01
-5.500000000000000000e+00 1.253315519178299553e+01
-5.500000000000000000e+00 1.253315518930505412e+01
-5.500000000000000000e+00 1.152144345818936699e+01
-5.500000000000000000e+00 1.152144342326074167e+01
-5.500000000000000000e+00 1.150042079705813514e+01
-5.500000000000000000e+00 1.150042077786360117e+01
-5.500000000000000000e+00 1.149709453528832270e+01
-5.500000000000000000e+00 1.149709453487334976e+01
-5.500000000000000000e+00 1.148133064686743587e+01
-5.500000000000000000e+00 1.148133064491369737e+01
-5.500000000000000000e+00 1.140026153247251806e+01
-5.500000000000000000e+00 1.140026152929838510e+01
-5.500000000000000000e+00 1.129773944677769570e+01
-5.500000000000000000e+00 1.129773940657841180e+01
-5.500000000000000000e+00 1.117205048873869622e+01
-5.500000000000000000e+00 1.117205048595664962e+01
-5.500000000000000000e+00 1.049298396776011444e+01
-5.500000000000000000e+00 1.049298396225485597e+01
-5.500000000000000000e+00 1.045565679917546476e+01
-5.500000000000000000e+00 1.045565679474837140e+01
-5.500000000000000000e+00 8.962138939494948886e+00
-5.500000000000000000e+00 8.962138938148090261e+00
-5.000000000000000000e+00 1.232290115199917580e+01
-5.000000000000000000e+00 1.231337881445212723e+01
-5.000000000000000000e+00 1.182774518591471136e+01
-5.000000000000000000e+00 1.181186104566910622e+01
-5.000000000000000000e+00 1.180428002265135667e+01
-5.000000000000000000e+00 1.179805218490806062e+01
-5.000000000000000000e+00 1.179805217913692772e+01
-5.000000000000000000e+00 1.172059214743663169e+01
-5.000000000000000000e+00 1.172049107938022949e+01
-5.000000000000000000e+00 1.171652679907943728e+01
-5.000000000000000000e+00 1.171652679416551734e+01
-5.000000000000000000e+00 1.168423033551579238e+01
-5.000000000000000000e+00 1.168168243699594910e+01
-5.000000000000000000e+00 1.166348546032065236e+01
-5.000000000000000000e+00 1.166348545861517216e+01
-5.000000000000000000e+00 1.166309809586091717e+01
-5.000000000000000000e+00 1.166309807689249389e+01
-5.000000000000000000e+00 1.165076897525893607e+01
-5.000000000000000000e+00 1.165076896964809983e+01
-5.000000000000000000e+00 1.162099112398276546e+01
-5.000000000000000000e+00 1.162099110031768134e+01
-5.000000000000000000e+00 1.161652459952262006e+01
-5.000000000000000000e+00 1.161294232926175418e+01
-5.000000000000000000e+00 1.161269350114686993e+01
-5.000000000000000000e+00 1.161269350019057001e+01
-5.000000000000000000e+00 1.160458827392883308e+01
-5.000000000000000000e+00 1.160331242577073319e+01
-5.000000000000000000e+00 1.159162940483169457e+01
-5.000000000000000000e+00 1.159162939755952770e+01
-5.000000000000000000e+00 1.158859038066633040e+01
-5.000000000000000000e+00 1.157616936886740078e+01
-5.000000000000000000e+00 1.152353385722899581e+01
-5.000000000000000000e+00 1.147383111280335299e+01
-5.000000000000000000e+00 1.147383109373299526e+01
-5.000000000000000000e+00 1.129585013840092422e+01
-5.000000000000000000e+00 9.212059711934104556e+00
-5.000000000000000000e+00 9.136013919422541818e+00
-5.000000000000000000e+00 9.135291450747205388e+00
-5.000000000000000000e+00 9.135291450608166386e+00
-5.000000000000000000e+00 6.861558158072345925e+00
-4.500000000000000000e+00 1.183908685640843217e+01
-4.500000000000000000e+00 1.183908685027146035e+01
-4.500000000000000000e+00 1.182621025180714192e+01
-4.500000000000000000e+00 1.182621021867872457e+01
-4.500000000000000000e+00 1.181614995877263041e+01
-4.500000000000000000e+00 1.181614994671186558e+01
-4.500000000000000000e+00 1.180175562947608370e+01
-4.500000000000000000e+00 1.180175562768235231e+01
-4.500000000000000000e+00 1.179252573348041366e+01
-4.500000000000000000e+00 1.179252571388819959e+01
-4.500000000000000000e+00 1.176718598573239660e+01
-4.500000000000000000e+00 1.176718594576550103e+01
-4.500000000000000000e+00 1.175903511272338342e+01
-4.500000000000000000e+00 1.175903506589917846e+01
-4.500000000000000000e+00 1.167772756327160266e+01
-4.500000000000000000e+00 1.167772754215526554e+01
-4.500000000000000000e+00 1.072342560752464991e+01
-4.500000000000000000e+00 1.072342560740306538e+01
-4.500000000000000000e+00 1.048442419476175935e+01
-4.500000000000000000e+00 1.048442418991095870e+01
-4.500000000000000000e+00 1.041880910460738718e+01
-4.500000000000000000e+00 1.041880909674207345e+01
-4.500000000000000000e+00 1.040024033386283975e+01
-4.500000000000000000e+00 1.040024033021149208e+01
-4.500000000000000000e+00 1.032646686889288468e+01
-4.500000000000000000e+00 1.032646686556081761e+01
-4.500000000000000000e+00 1.030389875755187035e+01
-4.500000000000000000e+00 1.030389875094666685e+01
-4.500000000000000000e+00 1.029534480486761971e+01
-4.500000000000000000e+00 1.029534479891916376e+01
-4.500000000000000000e+00 1.028423563316937006e+01
-4.500000000000000000e+00 1.028423562378322842e+01
-4.500000000000000000e+00 1.027569305701593017e+01
-4.500000000000000000e+00 1.027569305497140917e+01
-4.500000000000000000e+00 1.021269893559953168e+01
-4.500000000000000000e+00 1.021269893347960256e+01
-4.500000000000000000e+00 9.299119442003984659e+00
-4.500000000000000000e+00 9.299119440033406292e+00
-4.500000000000000000e+00 7.075598748770280721e+00
-4.500000000000000000e+00 7.075598748350294009e+00
-4.000000000000000000e+00 1.058848844856679960e+01
-4.000000000000000000e+00 1.058848843923582983e+01
-4.000000000000000000e+00 1.057886172630081845e+01
-4.000000000000000000e+00 1.056430916511991569e+01
-4.000000000000000000e+00 1.055822779918930365e+01
-4.000000000000000000e+00 1.055822779394251754e+01
-4.000000000000000000e+00 1.052847436235658662e+01
-4.000000000000000000e+00 1.051936474412324607e+01
-4.000000000000000000e+00 1.051936474362218377e+01
-4.000000000000000000e+00 1.050983684074451041e+01
-4.000000000000000000e+00 1.050494807544392373e+01
-4.000000000000000000e+00 1.049166043349794641e+01
-4.000000000000000000e+00 1.049166043080547972e+01
-4.000000000000000000e+00 1.048847180529549661e+01
-4.000000000000000000e+00 1.048152405365545370e+01
-4.000000000000000000e+00 1.047677582676302777e+01
-4.000000000000000000e+00 1.046636900974291429e+01
-4.000000000000000000e+00 1.046636897679539402e+01
-4.000000000000000000e+00 1.046163035546724984e+01
-4.000000000000000000e+00 1.046163035458503821e+01
-4.000000000000000000e+00 1.045326310675187464e+01
-4.000000000000000000e+00 1.044629557444077150e+01
-4.000000000000000000e+00 1.044629555472364046e+01
-4.000000000000000000e+00 1.044627822520452654e+01
-4.000000000000000000e+00 1.044627822087280045e+01
-4.000000000000000000e+00 1.043167598722309108e+01
-4.000000000000000000e+00 1.043167597844137084e+01
-4.000000000000000000e+00 1.042021713489431534e+01
-4.000000000000000000e+00 1.042021710820269931e+01
-4.000000000000000000e+00 1.039153562714591672e+01
-4.000000000000000000e+00 1.039054613806593785e+01
-4.000000000000000000e+00 8.265395085072146486e+00
-4.000000000000000000e+00 8.265395061432297297e+00
-4.000000000000000000e+00 8.257170165291050523e+00
-4.000000000000000000e+00 8.181792728228261424e+00
-4.000000000000000000e+00 8.181792723832854719e+00
-4.000000000000000000e+00 8.168537932641564581e+00
-4.000000000000000000e+00 8.165442229273168095e+00
-4.000000000000000000e+00 8.150864198238517488e+00
-4.000000000000000000e+00 7.241029043008652799e+00
-3.500000000000000000e+00 1.068859781254391450e+01
-3.500000000000000000e+00 1.068859780824093342e+01
-3.500000000000000000e+00 1.066563243016021900e+01
-3.500000000000000000e+00 1.066563239930076534e+01
-3.500000000000000000e+00 1.066104426558694307e+01
-3.500000000000000000e+00 1.066104425178077086e+01
-3.500000000000000000e+00 1.065980865659825838e+01
-3.500000000000000000e+00 1.065980864668826200e+01
-3.500000000000000000e+00 1.065487346673559266e+01
-3.500000000000000000e+00 1.065487345726329771e+01
-3.500000000000000000e+00 1.063169056807265456e+01
-3.500000000000000000e+00 1.063169052077953225e+01
-3.500000000000000000e+00 1.061136032400439255e+01
-3.500000000000000000e+00 1.061136031937128621e+01
-3.500000000000000000e+00 1.059764840615972048e+01
-3.500000000000000000e+00 1.059764836999142013e+01
-3.500000000000000000e+00 1.057217664382812217e+01
-3.500000000000000000e+00 1.057217660879325649e+01
-3.500000000000000000e+00 9.432000457582718767e+00
-3.500000000000000000e+00 9.432000395362440059e+00
-3.500000000000000000e+00 9.122080193571502349e+00
-3.500000000000000000e+00 9.122080186269444724e+00
-3.500000000000000000e+00 8.580216457755495796e+00
-3.500000000000000000e+00 8.580216452989219533e+00
-3.500000000000000000e+00 8.468192371715270284e+00
-3.500000000000000000e+00 8.468192367015500821e+00
-3.500000000000000000e+00 8.464827829741492948e+00
-3.500000000000000000e+00 8.464827811590199147e+00
-3.500000000000000000e+00 8.406006816110654256e+00
-3.500000000000000000e+00 8.406006800443392990e+00
-3.500000000000000000e+00 8.403444816539645146e+00
-3.500000000000000000e+00 8.403444814020714304e+00
-3.500000000000000000e+00 8.391546737814495671e+00
-3.500000000000000000e+00 8.391546723601356561e+00
-3.500000000000000000e+00 8.380059148440658134e+00
-3.500000000000000000e+00 8.380059147846695922e+00
-3.500000000000000000e+00 8.373927757915595294e+00
-3.500000000000000000e+00 8.373927720579384726e+00
-3.500000000000000000e+00 8.335159626827834956e+00
-3.500000000000000000e+00 8.335159620215303988e+00
-3.000000000000000000e+00 1.064668367340148514e+01
-3.000000000000000000e+00 1.061949765591481132e+01
-3.000000000000000000e+00 1.061760649876058160e+01
-3.000000000000000000e+00 1.061649346585782716e+01
-3.000000000000000000e+00 1.061649345699984615e+01
-3.000000000000000000e+00 1.060643131957394836e+01
-3.000000000000000000e+00 1.021706280507195608e+01
-3.000000000000000000e+00 1.012152188389241303e+01
-3.000000000000000000e+00 1.011841247993005410e+01
-3.000000000000000000e+00 1.011841247401385502e+01
-3.000000000000000000e+00 9.653957451325842598e+00
-3.000000000000000000e+00 9.629176189505342265e+00
-3.000000000000000000e+00 9.629001029890925878e+00
-3.000000000000000000e+00 9.629001013710675849e+00
-3.000000000000000000e+00 9.546356340428676646e+00
-3.000000000000000000e+00 9.545775451568436765e+00
-3.000000000000000000e+00 9.500599111417908915e+00
-3.000000000000000000e+00 9.500599109963278721e+00
-3.000000000000000000e+00 9.496333505347038795e+00
-3.000000000000000000e+00 9.370934700392254513e+00
-3.000000000000000000e+00 9.325035234074096735e+00
-3.000000000000000000e+00 9.321755619440704521e+00
-3.000000000000000000e+00 9.268158032559194126e+00
-3.000000000000000000e+00 9.268158015580908682e+00
-3.000000000000000000e+00 8.668359868390801637e+00
-3.000000000000000000e+00 8.663653034161269417e+00
-3.000000000000000000e+00 8.663653028679293655e+00
-3.000000000000000000e+00 8.620274247911940080e+00
-3.000000000000000000e+00 8.620274215846070121e+00
-3.000000000000000000e+00 8.586619085774589877e+00
-3.000000000000000000e+00 8.586619070208824311e+00
-3.000000000000000000e+00 8.581282491952434199e+00
-3.000000000000000000e+00 8.571499602462694156e+00
-3.000000000000000000e+00 8.558220984547936894e+00
-3.000000000000000000e+00 8.549720208350436224e+00
-3.000000000000000000e+00 8.544714154285534491e+00
-3.000000000000000000e+00 7.096844431032212519e+00
-3.000000000000000000e+00 7.096844414923018540e+00
-3.000000000000000000e+00 7.090463999537724327e+00
-3.000000000000000000e+00 7.001062918061065510e+00
-2.500000000000000000e+00 9.789063968110353287e+00
-2.500000000000000000e+00 9.789063928857254737e+00
-2.500000000000000000e+00 9.767055965691627151e+00
-2.500000000000000000e+00 9.767055951617244602e+00
-2.500000000000000000e+00 9.746488610188661639e+00
-2.500000000000000000e+00 9.746488500104746322e+00
-2.500000000000000000e+00 9.740336028067623886e+00
-2.500000000000000000e+00 9.740335976890802883e+00
-2.500000000000000000e+00 9.730852857354271634e+00
-2.500000000000000000e+00 9.730852851225595401e+00
-2.500000000000000000e+00 9.722185821208784162e+00
-2.500000000000000000e+00 9.722185807890911136e+00
-2.500000000000000000e+00 9.716895850819286196e+00
-2.500000000000000000e+00 9.716895848043256123e+00
-2.500000000000000000e+00 9.707912165397479143e+00
-2.500000000000000000e+00 9.707912063201259656e+00
-2.500000000000000000e+00 9.653363000976513675e+00
-2.500000000000000000e+00 9.653362955667059708e+00
-2.500000000000000000e+00 9.643174539450445337e+00
-2.500000000000000000e+00 9.643174531058438248e+00
-2.500000000000000000e+00 9.636567647278576842e+00
-2.500000000000000000e+00 9.636567626439887846e+00
-2.500000000000000000e+00 9.555253018273523580e+00
-2.500000000000000000e+00 9.555253005708820524e+00
-2.500000000000000000e+00 9.443546814988255989e+00
-2.500000000000000000e+00 9.443546811198396895e+00
-2.500000000000000000e+00 8.762959649086115022e+00
-2.500000000000000000e+00 8.762959648164093451e+00
-2.500000000000000000e+00 8.068762483581350509e+00
-2.500000000000000000e+00 8.068762480705276019e+00
-2.500000000000000000e+00 7.388120126646280816e+00
-2.500000000000000000e+00 7.388120121798885442e+00
-2.500000000000000000e+00 7.280791607754825812e+00
-2.500000000000000000e+00 7.280791589184182122e+00
-2.500000000000000000e+00 7.243272935146126912e+00
-2.500000000000000000e+00 7.243272901989663559e+00
-2.500000000000000000e+00 7.198524498483727996e+00
-2.500000000000000000e+00 7.198524485208483092e+00
-2.500000000000000000e+00 4.945604415717737901e+00
-2.500000000000000000e+00 4.945604411387402699e+00
-2.000000000000000000e+00 9.880713056074529987e+00
-2.000000000000000000e+00 9.880713035530630961e+00
-2.000000000000000000e+00 9.878797748207965412e+00
-2.000000000000000000e+00 9.876963221373154411e+00
-2.000000000000000000e+00 9.862501641643797612e+00
-2.000000000000000000e+00 9.862501632343313673e+00
-2.000000000000000000e+00 9.860745734383597139e+00
-2.000000000000000000e+00 9.860609673275305909e+00
-2.000000000000000000e+00 9.846108296178563535e+00
-2.000000000000000000e+00 9.846108281162759823e+00
-2.000000000000000000e+00 9.815151333593782113e+00
-2.000000000000000000e+00 9.733380485790055658e+00
-2.000000000000000000e+00 8.851100390633419579e+00
-2.000000000000000000e+00 8.843857206271787064e+00
-2.000000000000000000e+00 8.843857176577428092e+00
-2.000000000000000000e+00 8.792696795178883917e+00
-2.000000000000000000e+00 8.583189188275506254e+00
-2.000000000000000000e+00 8.554768510390905689e+00
-2.000000000000000000e+00 8.554768482907672222e+00
-2.000000000000000000e+00 8.543810000412101147e+00
-2.000000000000000000e+00 8.424850666062695836e+00
-2.000000000000000000e+00 8.424850646915517771e+00
-2.000000000000000000e+00 8.411607896170986365e+00
-2.000000000000000000e+00 8.361690475132435907e+00
-2.000000000000000000e+00 8.327869293481056090e+00
-2.000000000000000000e+00 8.327710917412403546e+00
-2.000000000000000000e+00 8.311660440239551306e+00
-2.000000000000000000e+00 8.311660417153323266e+00
-2.000000000000000000e+00 8.303250573915681443e+00
-2.000000000000000000e+00 8.303250565779380921e+00
-2.000000000000000000e+00 8.241680395906261225e+00
-2.000000000000000000e+00 8.193805370792219378e+00
-2.000000000000000000e+00 7.462327110118670781e+00
-2.000000000000000000e+00 7.462327103244948745e+00
-2.000000000000000000e+00 7.458106214825694025e+00
-2.000000000000000000e+00 7.361057344633743504e+00
-2.000000000000000000e+00 5.249460098213587500e+00
-2.000000000000000000e+00 5.187786080692961654e+00
-2.000000000000000000e+00 5.132642890560648041e+00
-2.000000000000000000e+00 5.132642878650253593e+00
-1.500000000000000000e+00 8.861035509314705294e+00
-1.500000000000000000e+00 8.861035504517744243e+00
-1.500000000000000000e+00 8.798247055976016640e+00
-1.500000000000000000e+00 8.798247048461945496e+00
-1.500000000000000000e+00 8.747302648589979412e+00
-1.500000000000000000e+00 8.747302555874334473e+00
-1.500000000000000000e+00 8.742235749183478788e+00
-1.500000000000000000e+00 8.742235746745928182e+00
-1.500000000000000000e+00 8.727146910710745331e+00
-1.500000000000000000e+00 8.727146871565061303e+00
-1.500000000000000000e+00 8.676164667931757890e+00
-1.500000000000000000e+00 8.676164585418844055e+00
-1.500000000000000000e+00 8.620857701368752402e+00
-1.500000000000000000e+00 8.620857673499223495e+00
-1.500000000000000000e+00 8.620370801605178102e+00
-1.500000000000000000e+00 8.620370771379736397e+00
-1.500000000000000000e+00 8.606263411510314043e+00
-1.500000000000000000e+00 8.606263398593032576e+00
-1.500000000000000000e+00 8.604828228693845560e+00
-1.500000000000000000e+00 8.604828224251324542e+00
-1.500000000000000000e+00 8.543492425636653564e+00
-1.500000000000000000e+00 8.543492407235218522e+00
-1.500000000000000000e+00 8.533881649937352876e+00
-1.500000000000000000e+00 8.533881649244364098e+00
-1.500000000000000000e+00 8.527176732162292438e+00
-1.500000000000000000e+00 8.527176725949749070e+00
-1.500000000000000000e+00 8.525523922981864899e+00
-1.500000000000000000e+00 8.525523922779740360e+00
-1.500000000000000000e+00 8.515796328057078313e+00
-1.500000000000000000e+00 8.515796327899019857e+00
-1.500000000000000000e+00 8.491611143024265118e+00
-1.500000000000000000e+00 8.491611110165674603e+00
-1.500000000000000000e+00 8.407749446791138226e+00
-1.500000000000000000e+00 8.407749445882476635e+00
-1.500000000000000000e+00 6.264253193833487998e+00
-1.500000000000000000e+00 6.264253167656146815e+00
-1.500000000000000000e+00 6.184718169719797487e+00
-1.500000000000000000e+00 6.184718140557573740e+00
-1.500000000000000000e+00 5.356583367747114188e+00
-1.500000000000000000e+00 5.356583364758444432e+00
-1.000000000000000000e+00 8.951791880349889041e+00
-1.000000000000000000e+00 8.897139028046815667e+00
-1.000000000000000000e+00 8.897139026055354449e+00
-1.000000000000000000e+00 8.816064496878086132e+00
-1.000000000000000000e+00 8.816064468509981822e+00
-1.000000000000000000e+00 8.802174188875090621e+00
-1.000000000000000000e+00 8.789736947782779808e+00
-1.000000000000000000e+00 8.789736923665390833e+00
-1.000000000000000000e+00 8.784188640396571657e+00
-1.000000000000000000e+00 8.773480519035173231e+00
-1.000000000000000000e+00 8.765211310916930287e+00
-1.000000000000000000e+00 8.765211301811824285e+00
-1.000000000000000000e+00 8.753814490016990746e+00
-1.000000000000000000e+00 8.727592323828336163e+00
-1.000000000000000000e+00 8.727592321167328748e+00
-1.000000000000000000e+00 8.725144771272866251e+00
-1.000000000000000000e+00 8.716531294566136623e+00
-1.000000000000000000e+00 8.716531282870992214e+00
-1.000000000000000000e+00 8.710782811680532589e+00
-1.000000000000000000e+00 8.706287050757717694e+00
-1.000000000000000000e+00 8.706286989210358485e+00
-1.000000000000000000e+00 8.683528890783156484e+00
-1.000000000000000000e+00 8.658754775853591212e+00
-1.000000000000000000e+00 7.580387158395272884e+00
-1.000000000000000000e+00 7.565409745569659172e+00
-1.000000000000000000e+00 7.565409744141559756e+00
-1.000000000000000000e+00 7.472270721723491604e+00
-1.000000000000000000e+00 7.167235772766209934e+00
-1.000000000000000000e+00 6.593259719951067410e+00
-1.000000000000000000e+00 6.518412984020145906e+00
-1.000000000000000000e+00 6.510276200403118274e+00
-1.000000000000000000e+00 6.508554225402374271e+00
-1.000000000000000000e+00 6.490391540398811721e+00
-1.000000000000000000e+00 6.490391520170560646e+00
-1.000000000000000000e+00 6.443811624230080248e+00
-1.000000000000000000e+00 6.443811598443204502e+00
-1.000000000000000000e+00 6.416483096469064229e+00
-1.000000000000000000e+00 6.415651502749757817e+00
-1.000000000000000000e+00 6.405175028579567886e+00
-1.000000000000000000e+00 6.405175027100042939e+00
-5.000000000000000000e-01 8.914138799424042858e+00
-5.000000000000000000e-01 8.914138785213378213e+00
-5.000000000000000000e-01 8.867847904355814492e+00
-5.000000000000000000e-01 8.867847893778845858e+00
-5.000000000000000000e-01 8.662407947162328981e+00
-5.000000000000000000e-01 8.662407922212945977e+00
-5.000000000000000000e-01 8.610444071991015136e+00
-5.000000000000000000e-01 8.610444046352080605e+00
-5.000000000000000000e-01 8.438687054419041544e+00
-5.000000000000000000e-01 8.438687052210161355e+00
-5.000000000000000000e-01 8.259581718289943808e+00
-5.000000000000000000e-01 8.259581717561882641e+00
-5.000000000000000000e-01 8.255238666202126652e+00
-5.000000000000000000e-01 8.255238665375191687e+00
-5.000000000000000000e-01 8.222384349741091114e+00
-5.000000000000000000e-01 8.222384345009231765e+00
-5.000000000000000000e-01 7.851227632165304726e+00
-5.000000000000000000e-01 7.851227631934844631e+00
-5.000000000000000000e-01 7.786179905850590721e+00
-5.000000000000000000e-01 7.786179905394435607e+00
-5.000000000000000000e-01 7.740473408655138776e+00
-5.000000000000000000e-01 7.740473391194929498e+00
-5.000000000000000000e-01 7.678947160368347902e+00
-5.000000000000000000e-01 7.678947151436411822e+00
-5.000000000000000000e-01 7.369360294465175265e+00
-5.000000000000000000e-01 7.369360288373373535e+00
-5.000000000000000000e-01 6.839402488188100371e+00
-5.000000000000000000e-01 6.839402484258195969e+00
-5.000000000000000000e-01 6.715788884954863924e+00
-5.000000000000000000e-01 6.715788830424592959e+00
-5.000000000000000000e-01 6.671426591172020082e+00
-5.000000000000000000e-01 6.671426561506600628e+00
-5.000000000000000000e-01 6.646221657364462132e+00
-5.000000000000000000e-01 6.646221636495782015e+00
-5.000000000000000000e-01 6.637293793678383125e+00
-5.000000000000000000e-01 6.637293755177651633e+00
-5.000000000000000000e-01 6.626860190235989378e+00
-5.000000000000000000e-01 6.626860188483099101e+00
-5.000000000000000000e-01 5.105679687047192772e+00
-5.000000000000000000e-01 5.105679686957556029e+00
0.000000000000000000e+00 8.624722888777252905e+00
0.000000000000000000e+00 8.624722881173582323e+00
0.000000000000000000e+00 8.466756329571055062e+00
0.000000000000000000e+00 8.466756329560674033e+00
0.000000000000000000e+00 8.434667439106693365e+00
0.000000000000000000e+00 8.434667437733137874e+00
0.000000000000000000e+00 8.433175846090191996e+00
0.000000000000000000e+00 8.430671840347985224e+00
0.000000000000000000e+00 8.430671832740715743e+00
0.000000000000000000e+00 8.421817527576088480e+00
0.000000000000000000e+00 8.410255992100040601e+00
0.000000000000000000e+00 8.410255988278654726e+00
0.000000000000000000e+00 8.389910402124973743e+00
0.000000000000000000e+00 8.330340696841521009e+00
0.000000000000000000e+00 7.971138412528360639e+00
0.000000000000000000e+00 7.957397022670600784e+00
0.000000000000000000e+00 7.957397019941520711e+00
0.000000000000000000e+00 7.866425622583426147e+00
0.000000000000000000e+00 7.856564107613873027e+00
0.000000000000000000e+00 7.775018684072703579e+00
0.000000000000000000e+00 7.775018650231634076e+00
0.000000000000000000e+00 7.766157742110728179e+00
0.000000000000000000e+00 7.730415992727709629e+00
0.000000000000000000e+00 7.716269877587935255e+00
0.000000000000000000e+00 7.716269850376471062e+00
0.000000000000000000e+00 7.684576262175075279e+00
0.000000000000000000e+00 7.519281984311581901e+00
0.000000000000000000e+00 6.936255437063268303e+00
0.000000000000000000e+00 6.921994345973970120e+00
0.000000000000000000e+00 6.835642312593975589e+00
0.000000000000000000e+00 6.835642308052819693e+00
0.000000000000000000e+00 6.314630877587509517e+00
0.000000000000000000e+00 6.157914322562318077e+00
0.000000000000000000e+00 6.157914319006716930e+00
0.000000000000000000e+00 6.153550394051936934e+00
0.000000000000000000e+00 5.392468962440474023e+00
0.000000000000000000e+00 5.309450874088195604e+00
0.000000000000000000e+00 5.309450871327774379e+00
0.000000000000000000e+00 5.308538484602792984e+00
0.000000000000000000e+00 2.947065812002931828e+00
5.000000000000000000e-01 8.597078248025448843e+00
5.000000000000000000e-01 8.597078217528963506e+00
5.000000000000000000e-01 8.588260388327071837e+00
5.000000000000000000e-01 8.588260385561007126e+00
5.000000000000000000e-01 8.545494300093492868e+00
5.000000000000000000e-01 8.545494281533240866e+00
5.000000000000000000e-01 8.141556349774223378e+00
5.000000000000000000e-01 8.141556327903359147e+00
5.000000000000000000e-01 8.008258488719341983e+00
5.000000000000000000e-01 8.008258444094824569e+00
5.000000000000000000e-01 8.002212682956642453e+00
5.000000000000000000e-01 8.002212679545930740e+00
5.000000000000000000e-01 7.998922084718957493e+00
5.000000000000000000e-01 7.998922081373112114e+00
5.000000000000000000e-01 7.986070817825944523e+00
5.000000000000000000e-01 7.986070695120576879e+00
5.000000000000000000e-01 7.977044449265672910e+00
5.000000000000000000e-01 7.977044348714169786e+00
5.000000000000000000e-01 7.931362235829870322e+00
5.000000000000000000e-01 7.931362114215233738e+00
5.000000000000000000e-01 7.929809344341157917e+00
5.000000000000000000e-01 7.929809296665992768e+00
5.000000000000000000e-01 7.916672174541536045e+00
5.000000000000000000e-01 7.916672146990322290e+00
5.000000000000000000e-01 6.868743051283052736e+00
5.000000000000000000e-01 6.868742985455553729e+00
5.000000000000000000e-01 6.563353608032440611e+00
5.000000000000000000e-01 6.563353591675001653e+00
5.000000000000000000e-01 6.551651910051367267e+00
5.000000000000000000e-01 6.551651853863973862e+00
5.000000000000000000e-01 6.374037803358894472e+00
5.000000000000000000e-01 6.374037792290210724e+00
5.000000000000000000e-01 6.364060746922588940e+00
5.000000000000000000e-01 6.364060737249510602e+00
5.000000000000000000e-01 6.320839525793645386e+00
5.000000000000000000e-01 6.320839517712833810e+00
5.000000000000000000e-01 5.505390275893188523e+00
5.000000000000000000e-01 5.505390261231736915e+00
5.000000000000000000e-01 3.198059624826370406e+00
5.000000000000000000e-01 3.198059600728079488e+00
1.000000000000000000e+00 8.214729472697984036e+00
1.000000000000000000e+00 8.207313587981673209e+00
1.000000000000000000e+00 8.192295975654680262e+00
1.000000000000000000e+00 8.192295942544200571e+00
1.000000000000000000e+00 8.169783185956045912e+00
1.000000000000000000e+00 8.166093278344197515e+00
1.000000000000000000e+00 8.156318662351832671e+00
1.000000000000000000e+00 8.156318654982669614e+00
1.000000000000000000e+00 8.145208195705293974e+00
1.000000000000000000e+00 8.145208158399437792e+00
1.000000000000000000e+00 8.134538144109713542e+00
1.000000000000000000e+00 7.738446046833328040e+00
1.000000000000000000e+00 7.738446017550932865e+00
1.000000000000000000e+00 7.736622491326039075e+00
1.000000000000000000e+00 7.669260074493013946e+00
1.000000000000000000e+00 7.610645074788279452e+00
1.000000000000000000e+00 7.526428252196378565e+00
1.000000000000000000e+00 7.517626428181428011e+00
1.000000000000000000e+00 7.517626422387552410e+00
1.000000000000000000e+00 7.486515004952439156e+00
1.000000000000000000e+00 7.470984099244851073e+00
1.000000000000000000e+00 7.455115372203558799e+00
1.000000000000000000e+00 7.455115345657955750e+00
1.000000000000000000e+00 7.119559279593071111e+00
1.000000000000000000e+00 7.107238597688352755e+00
1.000000000000000000e+00 7.095672536447038325e+00
1.000000000000000000e+00 7.095672509467865652e+00
1.000000000000000000e+00 6.810328317774514417e+00
1.000000000000000000e+00 6.810328274829398509e+00
1.000000000000000000e+00 6.796347902643659289e+00
1.000000000000000000e+00 6.794278885081691755e+00
1.000000000000000000e+00 6.680300482237560900e+00
1.000000000000000000e+00 6.668164852186943214e+00
1.000000000000000000e+00 6.636725452670483527e+00
1.000000000000000000e+00 6.610433130607122898e+00
1.000000000000000000e+00 6.610433109423882847e+00
1.000000000000000000e+00 6.537437162508946464e+00
1.000000000000000000e+00 6.537437154150422813e+00
1.000000000000000000e+00 6.522731265594996941e+00
1.000000000000000000e+00 3.398666851270525591e+00
1.500000000000000000e+00 7.878990913656750195e+00
1.500000000000000000e+00 7.878990907457491311e+00
1.500000000000000000e+00 7.872513034614144978e+00
1.500000000000000000e+00 7.872512965831392151e+00
1.500000000000000000e+00 7.767411280002363583e+00
1.500000000000000000e+00 7.767411233287470296e+00
1.500000000000000000e+00 7.736744033797577025e+00
1.500000000000000000e+00 7.736743997554752283e+00
1.500000000000000000e+00 7.736095498710453988e+00
1.500000000000000000e+00 7.736095446396099362e+00
1.500000000000000000e+00 7.734296094927274545e+00
1.500000000000000000e+00 7.734296063841208380e+00
1.500000000000000000e+00 7.698298028077374511e+00
1.500000000000000000e+00 7.698298027042067559e+00
1.500000000000000000e+00 7.690324054664352538e+00
1.500000000000000000e+00 7.690324027778112637e+00
1.500000000000000000e+00 7.679314392085743179e+00
1.500000000000000000e+00 7.679314391455403843e+00
1.500000000000000000e+00 7.675029221187588568e+00
1.500000000000000000e+00 7.675029179945308755e+00
1.500000000000000000e+00 7.623706552837838046e+00
1.500000000000000000e+00 7.623706531422568489e+00
1.500000000000000000e+00 7.619437406455768169e+00
1.500000000000000000e+00 7.619437395999830720e+00
1.500000000000000000e+00 7.297688420151563271e+00
1.500000000000000000e+00 7.297688411117866814e+00
1.500000000000000000e+00 7.005108877123382705e+00
1.500000000000000000e+00 7.005108867043623455e+00
1.500000000000000000e+00 6.937234311627031857e+00
1.500000000000000000e+00 6.937234286963787966e+00
1.500000000000000000e+00 6.844053927998853482e+00
1.500000000000000000e+00 6.844053910924437822e+00
1.500000000000000000e+00 6.821255346751108561e+00
1.500000000000000000e+00 6.821255344009449217e+00
1.500000000000000000e+00 6.806284531523000503e+00
1.500000000000000000e+00 6.806284523710327328e+00
1.500000000000000000e+00 5.586811927862410876e+00
1.500000000000000000e+00 5.586811921656440916e+00
1.500000000000000000e+00 4.488840559697219845e+00
1.500000000000000000e+00 4.488840547559971306e+00
2.000000000000000000e+00 8.070314692657523992e+00
2.000000000000000000e+00 8.067596850088357030e+00
2.000000000000000000e+00 8.049211525983384519e+00
2.000000000000000000e+00 8.039624174279978774e+00
2.000000000000000000e+00 7.995501286333603019e+00
2.000000000000000000e+00 7.941302715397133838e+00
2.000000000000000000e+00 7.941302714509873795e+00
2.000000000000000000e+00 7.931292973434835858e+00
2.000000000000000000e+00 7.931292963050617928e+00
2.000000000000000000e+00 7.909127679747120609e+00
2.000000000000000000e+00 7.908756368436196560e+00
2.000000000000000000e+00 7.901983519560588753e+00
2.000000000000000000e+00 7.893087282550151684e+00
2.000000000000000000e+00 7.879864697161077736e+00
2.000000000000000000e+00 7.865330511311208639e+00
2.000000000000000000e+00 7.865330503400863371e+00
2.000000000000000000e+00 7.863146167499166062e+00
2.000000000000000000e+00 7.863146160522193284e+00
2.000000000000000000e+00 7.859774397301879212e+00
2.000000000000000000e+00 7.855812558374925203e+00
2.000000000000000000e+00 7.855812554167401984e+00
2.000000000000000000e+00 7.847171791619515169e+00
2.000000000000000000e+00 7.798199301655985849e+00
2.000000000000000000e+00 7.798199286723745516e+00
2.000000000000000000e+00 7.058854635443016612e+00
2.000000000000000000e+00 7.031633814930069448e+00
2.000000000000000000e+00 7.005796723545613780e+00
2.000000000000000000e+00 7.005796720078935280e+00
2.000000000000000000e+00 6.438386964475374619e+00
2.000000000000000000e+00 6.353674995593688202e+00
2.000000000000000000e+00 6.347770076874121870e+00
2.000000000000000000e+00 6.347770075479284735e+00
2.000000000000000000e+00 5.841294547077675148e+00
2.000000000000000000e+00 5.819908623195697572e+00
2.000000000000000000e+00 5.819908623132933556e+00
2.000000000000000000e+00 5.815039403859868727e+00
2.000000000000000000e+00 4.765473924951601603e+00
2.000000000000000000e+00 4.765473921955501346e+00
2.000000000000000000e+00 4.711520214633673653e+00
2.000000000000000000e+00 4.693339518443994329e+00
2.500000000000000000e+00 8.634292367573593197e+00
2.500000000000000000e+00 8.634292287172286251e+00
2.500000000000000000e+00 8.599212222592415245e+00
2.500000000000000000e+00 8.599212165024200161e+00
2.500000000000000000e+00 8.581339027435786804e+00
2.500000000000000000e+00 8.581338998318932099e+00
2.500000000000000000e+00 8.387936446047641326e+00
2.500000000000000000e+00 8.387936355179361314e+00
2.500000000000000000e+00 8.366988285186076624e+00
2.500000000000000000e+00 8.366988213733703716e+00
2.500000000000000000e+00 8.318350214538854814e+00
2.500000000000000000e+00 8.318350204268096348e+00
2.500000000000000000e+00 8.303189920966387305e+00
2.500000000000000000e+00 8.303189844202149672e+00
2.500000000000000000e+00 8.249760002599627384e+00
2.500000000000000000e+00 8.249759977876937711e+00
2.500000000000000000e+00 8.118754182037584144e+00
2.500000000000000000e+00 8.118754158309506863e+00
2.500000000000000000e+00 8.069286124316551678e+00
2.500000000000000000e+00 8.069286105433338463e+00
2.500000000000000000e+00 8.058908501986437045e+00
2.500000000000000000e+00 8.058908498014130117e+00
2.500000000000000000e+00 8.007739332234168117e+00
2.500000000000000000e+00 8.007739325591854751e+00
2.500000000000000000e+00 7.368171619251151050e+00
2.500000000000000000e+00 7.368171614614393405e+00
2.500000000000000000e+00 6.692247631134624619e+00
2.500000000000000000e+00 6.692247624292145147e+00
2.500000000000000000e+00 6.578959403232678582e+00
2.500000000000000000e+00 6.578959395983385861e+00
2.500000000000000000e+00 6.537978522703315143e+00
2.500000000000000000e+00 6.537978518584855792e+00
2.500000000000000000e+00 6.506198649227132869e+00
2.500000000000000000e+00 6.506198642985993708e+00
2.500000000000000000e+00 6.013403139212962323e+00
2.500000000000000000e+00 6.013403126515744823e+00
2.500000000000000000e+00 4.929906462203592632e+00
2.500000000000000000e+00 4.929906456501521816e+00
2.500000000000000000e+00 4.244894822874038631e+00
2.500000000000000000e+00 4.244894822459903239e+00
3.000000000000000000e+00 9.146134316697544620e+00
3.000000000000000000e+00 9.128139508208002795e+00
3.000000000000000000e+00 8.854429724986152550e+00
3.000000000000000000e+00 8.796315988921923790e+00
3.000000000000000000e+00 8.796315963511059266e+00
3.000000000000000000e+00 8.794949086588490061e+00
3.000000000000000000e+00 8.554432835789175016e+00
3.000000000000000000e+00 8.550036606886896706e+00
3.000000000000000000e+00 8.550036599048715047e+00
3.000000000000000000e+00 8.515446892213873298e+00
3.000000000000000000e+00 8.391441417502816691e+00
3.000000000000000000e+00 8.318936010017427662e+00
3.000000000000000000e+00 8.318935905707606437e+00
3.000000000000000000e+00 8.317237555547047023e+00
3.000000000000000000e+00 8.186394765874704049e+00
3.000000000000000000e+00 8.178267721637247689e+00
3.000000000000000000e+00 8.115056542799052863e+00
3.000000000000000000e+00 8.115056528026151739e+00
3.000000000000000000e+00 8.100239682838683564e+00
3.000000000000000000e+00 7.870505732658824805e+00
3.000000000000000000e+00 7.860746251593285550e+00
3.000000000000000000e+00 7.860746246935695680e+00
3.000000000000000000e+00 7.835993882410209110e+00
3.000000000000000000e+00 7.641609445511230447e+00
3.000000000000000000e+00 7.564480063123824038e+00
3.000000000000000000e+00 7.521902043481009770e+00
3.000000000000000000e+00 7.521902040553618995e+00
3.000000000000000000e+00 7.126986905313654752e+00
3.000000000000000000e+00 7.125655122336009839e+00
3.000000000000000000e+00 7.125655091334982316e+00
3.000000000000000000e+00 7.121568404067341262e+00
3.000000000000000000e+00 6.801090123719206737e+00
3.000000000000000000e+00 6.720890724307223785e+00
3.000000000000000000e+00 6.715701573845450412e+00
3.000000000000000000e+00 6.715701573817254300e+00
3.000000000000000000e+00 5.989902493472441414e+00
3.000000000000000000e+00 4.522051932376080607e+00
3.000000000000000000e+00 4.522051931718164219e+00
3.000000000000000000e+00 4.461241350288545071e+00
3.000000000000000000e+00 4.401592699621356353e+00
3.500000000000000000e+00 8.427077708809276757e+00
3.500000000000000000e+00 8.427077672233105332e+00
3.500000000000000000e+00 8.405355475275081645e+00
3.500000000000000000e+00 8.405355438346477470e+00
3.500000000000000000e+00 8.389818766473814193e+00
3.500000000000000000e+00 8.389818737744933586e+00
3.500000000000000000e+00 8.330815638108601817e+00
3.500000000000000000e+00 8.330815613565572875e+00
3.500000000000000000e+00 8.281529249542938231e+00
3.500000000000000000e+00 8.281529224920332055e+00
3.500000000000000000e+00 8.134509793150089152e+00
3.500000000000000000e+00 8.134509753146280886e+00
3.500000000000000000e+00 8.127088246760878931e+00
3.500000000000000000e+00 8.127088217602173259e+00
3.500000000000000000e+00 8.073166555806018607e+00
3.500000000000000000e+00 8.073166551825577741e+00
3.500000000000000000e+00 8.011597214012274648e+00
3.500000000000000000e+00 8.011597203655075106e+00
3.500000000000000000e+00 8.005819390305756400e+00
3.500000000000000000e+00 8.005819377033773776e+00
3.500000000000000000e+00 7.908316223247674692e+00
3.500000000000000000e+00 7.908316222323461098e+00
3.500000000000000000e+00 7.845568799780195945e+00
3.500000000000000000e+00 7.845568797237495673e+00
3.500000000000000000e+00 7.839059025312209883e+00
3.500000000000000000e+00 7.839059021972413888e+00
3.500000000000000000e+00 7.711371210254789332e+00
3.500000000000000000e+00 7.711371205068743961e+00
3.500000000000000000e+00 7.393361913176487832e+00
3.500000000000000000e+00 7.393361903484266584e+00
3.500000000000000000e+00 7.384408720115751557e+00
3.500000000000000000e+00 7.384408709699348705e+00
3.500000000000000000e+00 7.334894915990671116e+00
3.500000000000000000e+00 7.334894911020808372e+00
3.500000000000000000e+00 7.318229327763181580e+00
3.500000000000000000e+00 7.318229317110391818e+00
3.500000000000000000e+00 6.230071752796370710e+00
3.500000000000000000e+00 6.230071741381660644e+00
3.500000000000000000e+00 4.659960991634950922e+00
3.500000000000000000e+00 4.659960991389339391e+00
4.000000000000000000e+00 8.837920948372348207e+00
4.000000000000000000e+00 8.837920930541521614e+00
4.000000000000000000e+00 8.585907493127546530e+00
4.000000000000000000e+00 8.577336460817708286e+00
4.000000000000000000e+00 8.534353601760644281e+00
4.000000000000000000e+00 8.534353600568843845e+00
4.000000000000000000e+00 8.514556683636987700e+00
4.000000000000000000e+00 8.298915269776477643e+00
4.000000000000000000e+00 8.298915264400399394e+00
4.000000000000000000e+00 8.285200789603635485e+00
4.000000000000000000e+00 8.271022036203484973e+00
4.000000000000000000e+00 8.271022036184017878e+00
4.000000000000000000e+00 8.250198023071135367e+00
4.000000000000000000e+00 8.172815409354608818e+00
4.000000000000000000e+00 8.166443365960187606e+00
4.000000000000000000e+00 8.166443362283693830e+00
4.000000000000000000e+00 8.146763788628510028e+00
4.000000000000000000e+00 8.073545384605566255e+00
4.000000000000000000e+00 8.062670349175881768e+00
4.000000000000000000e+00 8.062670336289682993e+00
4.000000000000000000e+00 8.046558013225896033e+00
4.000000000000000000e+00 8.042067404598265412e+00
4.000000000000000000e+00 8.042067402853328772e+00
4.000000000000000000e+00 8.029946121157331973e+00
4.000000000000000000e+00 8.027720980724367905e+00
4.000000000000000000e+00 8.004671317992844592e+00
4.000000000000000000e+00 8.004671287437529870e+00
4.000000000000000000e+00 7.546247121217797726e+00
4.000000000000000000e+00 7.543854314854645082e+00
4.000000000000000000e+00 7.543854306984065339e+00
4.000000000000000000e+00 7.540408274818367396e+00
4.000000000000000000e+00 6.905812429762850257e+00
4.000000000000000000e+00 6.838388293274441310e+00
4.000000000000000000e+00 6.838388256128758336e+00
4.000000000000000000e+00 6.824746856394066974e+00
4.000000000000000000e+00 6.421384954279746538e+00
4.000000000000000000e+00 5.840245339979418304e+00
4.000000000000000000e+00 5.840245337577544937e+00
4.000000000000000000e+00 5.735696956794321011e+00
4.000000000000000000e+00 5.726122748627687109e+00
4.500000000000000000e+00 9.224958336133614267e+00
4.500000000000000000e+00 9.224958302623827322e+00
4.500000000000000000e+00 9.114209433007301797e+00
4.500000000000000000e+00 9.114209422819770978e+00
4.500000000000000000e+00 9.061111535993045862e+00
4.500000000000000000e+00 9.061111512080136876e+00
4.500000000000000000e+00 9.055864751728652351e+00
4.500000000000000000e+00 9.055864749125506208e+00
4.500000000000000000e+00 9.040650334510431207e+00
4.500000000000000000e+00 9.040650293908555568e+00
4.500000000000000000e+00 9.033083524169089884e+00
4.500000000000000000e+00 9.033083513146921817e+00
4.500000000000000000e+00 8.624992161572837546e+00
4.500000000000000000e+00 8.624992132144020829e+00
4.500000000000000000e+00 8.362051555949804538e+00
4.500000000000000000e+00 8.362051505931519912e+00
4.500000000000000000e+00 8.268228266405069249e+00
4.500000000000000000e+00 8.268228231043162069e+00
4.500000000000000000e+00 8.209825493998360812e+00
4.500000000000000000e+00 8.209825477150515027e+00
4.500000000000000000e+00 8.200210865577558295e+00
4.500000000000000000e+00 8.200210862178252569e+00
4.500000000000000000e+00 7.564217911447056686e+00
4.500000000000000000e+00 7.564217909359656211e+00
4.500000000000000000e+00 7.150043491159501663e+00
4.500000000000000000e+00 7.150043476283608257e+00
4.500000000000000000e+00 7.098557469931995989e+00
4.500000000000000000e+00 7.098557456398576271e+00
4.500000000000000000e+00 7.045078664346555719e+00
4.500000000000000000e+00 7.045078660787237546e+00
4.500000000000000000e+00 7.001410770932762873e+00
4.500000000000000000e+00 7.001410754464737707e+00
4.500000000000000000e+00 6.140220414725024334e+00
4.500000000000000000e+00 6.140220398258779966e+00
4.500000000000000000e+00 6.007251247996057586e+00
4.500000000000000000e+00 6.007251234634709114e+00
4.500000000000000000e+00 5.969939119145194262e+00
4.500000000000000000e+00 5.969939107431473602e+00
4.500000000000000000e+00 5.929370779482712628e+00
4.500000000000000000e+00 5.929370767569048795e+00
5.000000000000000000e+00 9.761314284867207647e+00
5.000000000000000000e+00 9.743096033668775746e+00
5.000000000000000000e+00 9.743096016484003030e+00
5.000000000000000000e+00 9.645980811859500292e+00
5.000000000000000000e+00 9.632181392137088238e+00
5.000000000000000000e+00 9.632181338717503039e+00
5.000000000000000000e+00 9.610894808850563464e+00
5.000000000000000000e+00 9.589317399373591400e+00
5.000000000000000000e+00 9.589317341502193059e+00
5.000000000000000000e+00 9.585292152653023479e+00
5.000000000000000000e+00 9.577942531828592010e+00
5.000000000000000000e+00 9.552676041931613682e+00
5.000000000000000000e+00 9.551017641249824663e+00
5.000000000000000000e+00 9.551017610884825260e+00
5.000000000000000000e+00 9.521309136898292280e+00
5.000000000000000000e+00 9.453785276027957707e+00
5.000000000000000000e+00 9.372053329644938202e+00
5.000000000000000000e+00 9.366516587757686807e+00
5.000000000000000000e+00 9.366516587630606239e+00
5.000000000000000000e+00 9.283586212300404483e+00
5.000000000000000000e+00 9.281146396296657386e+00
5.000000000000000000e+00 9.195958233633080070e+00
5.000000000000000000e+00 9.195958207019645059e+00
5.000000000000000000e+00 8.870112553395831156e+00
5.000000000000000000e+00 8.850547802961738597e+00
5.000000000000000000e+00 8.850547788751798706e+00
5.000000000000000000e+00 8.844430042847239548e+00
5.000000000000000000e+00 7.819688245606674748e+00
5.000000000000000000e+00 7.736540583555803430e+00
5.000000000000000000e+00 7.735824952051479464e+00
5.000000000000000000e+00 7.735824944104077616e+00
5.000000000000000000e+00 7.298109636697133418e+00
5.000000000000000000e+00 7.236328523201992269e+00
5.000000000000000000e+00 7.236328492184840755e+00
5.000000000000000000e+00 7.224307408105207884e+00
5.000000000000000000e+00 6.242030340123087662e+00
5.000000000000000000e+00 6.242030297837915853e+00
5.000000000000000000e+00 6.140621709232423342e+00
5.000000000000000000e+00 6.136510847834032667e+00
5.000000000000000000e+00 5.460468554576650035e+00
5.500000000000000000e+00 9.982605105983969551e+00
5.500000000000000000e+00 9.982605104688701658e+00
5.500000000000000000e+00 9.865491896590416587e+00
5.500000000000000000e+00 9.865491834969542850e+00
5.500000000000000000e+00 9.855717548548936335e+00
5.500000000000000000e+00 9.855717539564798457e+00
5.500000000000000000e+00 9.755342377239834661e+00
5.500000000000000000e+00 9.755342374027522467e+00
5.500000000000000000e+00 9.751199059663864688e+00
5.500000000000000000e+00 9.751199051234673121e+00
5.500000000000000000e+00 9.697895575028351089e+00
5.500000000000000000e+00 9.697895552370690453e+00
5.500000000000000000e+00 9.592634549618653139e+00
5.500000000000000000e+00 9.592634548256556926e+00
5.500000000000000000e+00 9.553022067545882123e+00
5.500000000000000000e+00 9.553022065637289728e+00
5.500000000000000000e+00 9.515097503207119445e+00
5.500000000000000000e+00 9.515097494588216520e+00
5.500000000000000000e+00 9.416389477137748543e+00
5.500000000000000000e+00 9.416389476912273793e+00
5.500000000000000000e+00 9.318146422790874794e+00
5.500000000000000000e+00 9.318146421979605520e+00
5.500000000000000000e+00 9.080016928244230456e+00
5.500000000000000000e+00 9.080016927686921591e+00
5.500000000000000000e+00 9.036205313659632310e+00
5.500000000000000000e+00 9.036205270960815383e+00
5.500000000000000000e+00 8.468795751979902420e+00
5.500000000000000000e+00 8.468795748455651307e+00
5.500000000000000000e+00 8.431930101056568816e+00
5.500000000000000000e+00 8.431930100052262844e+00
5.500000000000000000e+00 8.338704711126794678e+00
5.500000000000000000e+00 8.338704699658265440e+00
5.500000000000000000e+00 8.326188727961639557e+00
5.500000000000000000e+00 8.326188723232794686e+00
5.500000000000000000e+00 7.902724029709871978e+00
5.500000000000000000e+00 7.902724028459740424e+00
5.500000000000000000e+00 7.286158448146808020e+00
5.500000000000000000e+00 7.286158445388519311e+00
5.500000000000000000e+00 5.677157249268152128e+00
5.500000000000000000e+00 5.677157248218406060e+00
6.000000000000000000e+00 9.726656124398727954e+00
6.000000000000000000e+00 9.721609595728299524e+00
6.000000000000000000e+00 9.721609581494865537e+00
6.000000000000000000e+00 9.670152844063428788e+00
6.000000000000000000e+00 9.670152753309217530e+00
6.000000000000000000e+00 9.616678238503753917e+00
6.000000000000000000e+00 9.564394425859850557e+00
6.000000000000000000e+00 9.541491508859881066e+00
6.000000000000000000e+00 9.537500675632635705e+00
6.000000000000000000e+00 9.536744763820697912e+00
6.000000000000000000e+00 9.536744755104964000e+00
6.000000000000000000e+00 9.294552751314446581e+00
6.000000000000000000e+00 9.294552744310689008e+00
6.000000000000000000e+00 9.294016872722435707e+00
6.000000000000000000e+00 9.288810965009776766e+00
6.000000000000000000e+00 9.124715847989703477e+00
6.000000000000000000e+00 9.100227128499607687e+00
6.000000000000000000e+00 9.074130743070131899e+00
6.000000000000000000e+00 9.074130743001761701e+00
6.000000000000000000e+00 8.753766606887475987e+00
6.000000000000000000e+00 8.753766554741636341e+00
6.000000000000000000e+00 8.714771669746735228e+00
6.000000000000000000e+00 8.714771559081922803e+00
6.000000000000000000e+00 8.643351367715006006e+00
6.000000000000000000e+00 8.632832261214966607e+00
6.000000000000000000e+00 8.594630944848772103e+00
6.000000000000000000e+00 8.594630922778785376e+00
6.000000000000000000e+00 8.563384040926569796e+00
6.000000000000000000e+00 8.552894008186830987e+00
6.000000000000000000e+00 8.552893956154635546e+00
6.000000000000000000e+00 8.547521513314766395e+00
6.000000000000000000e+00 8.531944804611510946e+00
6.000000000000000000e+00 8.531944738001568496e+00
6.000000000000000000e+00 8.528983824364473776e+00
6.000000000000000000e+00 8.524704000537438375e+00
6.000000000000000000e+00 7.552413737118452097e+00
6.000000000000000000e+00 7.552413710444105810e+00
6.000000000000000000e+00 7.494180000960246169e+00
6.000000000000000000e+00 7.430316445390071856e+00
6.000000000000000000e+00 5.845650486371996024e+00
6.500000000000000000e+00 1.105219320324338028e+01
6.500000000000000000e+00 1.105219315742711572e+01
6.500000000000000000e+00 1.072834357750432055e+01
6.500000000000000000e+00 1.072834357291446850e+01
6.500000000000000000e+00 1.038561929630658121e+01
6.500000000000000000e+00 1.038561927499280557e+01
6.500000000000000000e+00 1.030542807832035912e+01
6.500000000000000000e+00 1.030542806876070472e+01
6.500000000000000000e+00 1.030429453295177922e+01
6.500000000000000000e+00 1.030429452900063403e+01
6.500000000000000000e+00 1.026731532975281880e+01
6.500000000000000000e+00 1.026731532654930668e+01
6.500000000000000000e+00 9.798434580165295671e+00
6.500000000000000000e+00 9.798434542769824063e+00
6.500000000000000000e+00 9.710629952779367358e+00
6.500000000000000000e+00 9.710629945096011184e+00
6.500000000000000000e+00 9.459706273874525451e+00
6.500000000000000000e+00 9.459706264255313357e+00
6.500000000000000000e+00 9.367130695143849550e+00
6.500000000000000000e+00 9.367130674852854000e+00
6.500000000000000000e+00 9.274196209513823064e+00
6.500000000000000000e+00 9.274196204181887282e+00
6.500000000000000000e+00 9.250368652063833963e+00
6.500000000000000000e+00 9.250368651202014902e+00
6.500000000000000000e+00 9.237542339310165218e+00
6.500000000000000000e+00 9.237542335377588287e+00
6.500000000000000000e+00 8.852812108668546287e+00
6.500000000000000000e+00 8.852812092937126565e+00
6.500000000000000000e+00 8.817697563528088978e+00
6.500000000000000000e+00 8.817697561699111120e+00
6.500000000000000000e+00 8.729631006362634338e+00
6.500000000000000000e+00 8.729630973510086989e+00
6.500000000000000000e+00 8.718893570681251148e+00
6.500000000000000000e+00 8.718893559243941382e+00
6.500000000000000000e+00 8.043369578785254603e+00
6.500000000000000000e+00 8.043369561773355159e+00
6.500000000000000000e+00 7.681331477529140805e+00
6.500000000000000000e+00 7.681331472182939102e+00
6.500000000000000000e+00 6.999774659627564510e+00
6.500000000000000000e+00 6.999774639667966980e+00
7.000000000000000000e+00 1.157459085074947680e+01
7.000000000000000000e+00 1.151852766783759208e+01
7.000000000000000000e+00 1.151852764234921800e+01
7.000000000000000000e+00 1.150049049942783874e+01
7.000000000000000000e+00 1.132346466425806497e+01
7.000000000000000000e+00 1.131317245438774854e+01
7.000000000000000000e+00 1.131317245052907872e+01
7.000000000000000000e+00 1.127682760442765719e+01
7.000000000000000000e+00 1.100586531711050498e+01
7.000000000000000000e+00 1.100586531662589707e+01
7.000000000000000000e+00 1.090813449432918603e+01
7.000000000000000000e+00 1.090432524996614028e+01
7.000000000000000000e+00 1.088029483039223777e+01
7.000000000000000000e+00 1.083267668238428882e+01
7.000000000000000000e+00 1.083267666663386741e+01
7.000000000000000000e+00 1.082928090065674631e+01
7.000000000000000000e+00 1.063901819547309557e+01
7.000000000000000000e+00 1.063026201250467295e+01
7.000000000000000000e+00 1.063026199579361375e+01
7.000000000000000000e+00 1.060233621358287692e+01
7.000000000000000000e+00 1.047223416865135448e+01
7.000000000000000000e+00 1.047223414364549576e+01
7.000000000000000000e+00 1.046990454051516828e+01
7.000000000000000000e+00 1.041370506511148264e+01
7.000000000000000000e+00 9.944496771748287500e+00
7.000000000000000000e+00 9.881924119213421065e+00
7.000000000000000000e+00 9.881924113140001964e+00
7.000000000000000000e+00 9.863301245076497636e+00
7.000000000000000000e+00 9.456419943699051700e+00
7.000000000000000000e+00 9.433292080233549370e+00
7.000000000000000000e+00 9.406267597617675946e+00
7.000000000000000000e+00 9.406267579776017129e+00
7.000000000000000000e+00 8.269888155880913416e+00
7.000000000000000000e+00 8.247246790508802050e+00
7.000000000000000000e+00 8.247246766288993669e+00
7.000000000000000000e+00 8.246839338728475965e+00
7.000000000000000000e+00 7.242821206857835037e+00
7.000000000000000000e+00 7.242821199430142798e+00
7.000000000000000000e+00 7.188271010869302202e+00
7.000000000000000000e+00 7.170239546751307813e+00
7.500000000000000000e+00 1.161000928861666459e+01
7.500000000000000000e+00 1.161000928545341893e+01
7.500000000000000000e+00 1.128190147551119793e+01
7.500000000000000000e+00 1.128190146085002965e+01
7.500000000000000000e+00 1.116051926419576823e+01
7.500000000000000000e+00 1.116051926237356184e+01
7.500000000000000000e+00 1.112823942238516395e+01
7.500000000000000000e+00 1.112823942147443290e+01
7.500000000000000000e+00 1.111155627190964346e+01
7.500000000000000000e+00 1.111155623438611251e+01
7.500000000000000000e+00 1.109263550411192689e+01
7.500000000000000000e+00 1.109263550180717495e+01
7.500000000000000000e+00 1.107608164443236021e+01
7.500000000000000000e+00 1.107608164430629216e+01
7.500000000000000000e+00 1.103107415332508623e+01
7.500000000000000000e+00 1.103107409452589316e+01
7.500000000000000000e+00 1.100878181442372927e+01
7.500000000000000000e+00 1.100878177517237688e+01
7.500000000000000000e+00 1.086913858890361517e+01
7.500000000000000000e+00 1.086913858795666066e+01
7.500000000000000000e+00 1.086257292737030511e+01
7.500000000000000000e+00 1.086257288734291748e+01
7.500000000000000000e+00 1.081080162216110807e+01
7.500000000000000000e+00 1.081080158542703096e+01
7.500000000000000000e+00 1.079255401975940032e+01
7.500000000000000000e+00 1.079255399307827901e+01
7.500000000000000000e+00 1.058355081481379401e+01
7.500000000000000000e+00 1.058355080930223302e+01
7.500000000000000000e+00 1.017997012288529568e+01
7.500000000000000000e+00 1.017997011260339768e+01
7.500000000000000000e+00 1.013317270664269998e+01
7.500000000000000000e+00 1.013317269926560371e+01
7.500000000000000000e+00 1.007836603210846782e+01
7.500000000000000000e+00 1.007836603111117668e+01
7.500000000000000000e+00 1.003204035743437395e+01
7.500000000000000000e+00 1.003204035664971450e+01
7.500000000000000000e+00 8.415102231984944225e+00
7.500000000000000000e+00 8.415102225788411161e+00
7.500000000000000000e+00 7.375133502656359141e+00
7.500000000000000000e+00 7.375133496258582610e+00
8.000000000000000000e+00 1.191928353080417047e+01
8.000000000000000000e+00 1.191928352482734610e+01
8.000000000000000000e+00 1.184483777587361608e+01
8.000000000000000000e+00 1.184483777571874619e+01
8.000000000000000000e+00 1.182954988630751636e+01
8.000000000000000000e+00 1.182954988201921331e+01
8.000000000000000000e+00 1.182121711933066344e+01
8.000000000000000000e+00 1.181547308158976328e+01
8.000000000000000000e+00 1.181492271535112693e+01
8.000000000000000000e+00 1.181492271403986116e+01
8.000000000000000000e+00 1.181128186708968997e+01
8.000000000000000000e+00 1.181128186462073337e+01
8.000000000000000000e+00 1.177037226630263511e+01
8.000000000000000000e+00 1.176334097013986302e+01
8.000000000000000000e+00 1.137803636818047437e+01
8.000000000000000000e+00 1.137803636445069344e+01
8.000000000000000000e+00 1.128617232266597448e+01
8.000000000000000000e+00 1.128004256347483469e+01
8.000000000000000000e+00 1.126532091140012781e+01
8.000000000000000000e+00 1.121056883871581000e+01
8.000000000000000000e+00 1.121056880526537114e+01
8.000000000000000000e+00 1.120600524105362972e+01
8.000000000000000000e+00 1.101094459878755139e+01
8.000000000000000000e+00 1.100083203113053010e+01
8.000000000000000000e+00 1.100083199245796983e+01
8.000000000000000000e+00 1.097492009049330264e+01
8.000000000000000000e+00 1.082609306608940081e+01
8.000000000000000000e+00 1.075097100038860631e+01
8.000000000000000000e+00 1.075030191209853037e+01
8.000000000000000000e+00 1.075030190993231649e+01
8.000000000000000000e+00 1.058589733419595547e+01
8.000000000000000000e+00 1.032111189705699950e+01
8.000000000000000000e+00 1.026277933265184750e+01
8.000000000000000000e+00 1.026277933056782565e+01
8.000000000000000000e+00 1.024661824337299620e+01
8.000000000000000000e+00 9.587491215487716545e+00
8.000000000000000000e+00 9.583830290224627291e+00
8.000000000000000000e+00 9.583830289189629426e+00
8.000000000000000000e+00 9.579113724610827774e+00
8.000000000000000000e+00 8.498004235519793781e+00
8.500000000000000000e+00 1.339669498905959699e+01
8.500000000000000000e+00 1.339669497159601974e+01
8.500000000000000000e+00 1.323309844861273099e+01
8.500000000000000000e+00 1.323309841285591659e+01
8.500000000000000000e+00 1.318813389503284128e+01
8.500000000000000000e+00 1.318813382937169898e+01
8.500000000000000000e+00 1.318041278643376302e+01
8.500000000000000000e+00 1.318041276924986960e+01
8.500000000000000000e+00 1.316093715247499674e+01
8.500000000000000000e+00 1.316093713952843025e+01
8.500000000000000000e+00 1.297470409872110153e+01
8.500000000000000000e+00 1.297470409806040159e+01
8.500000000000000000e+00 1.245871562211020489e+01
8.500000000000000000e+00 1.245871561037906794e+01
8.500000000000000000e+00 1.233035744903845199e+01
8.500000000000000000e+00 1.233035744583371773e+01
8.500000000000000000e+00 1.213094649645424639e+01
8.500000000000000000e+00 1.213094647709733565e+01
8.500000000000000000e+00 1.202020332418817894e+01
8.500000000000000000e+00 1.202020331746852122e+01
8.500000000000000000e+00 1.199858197985947683e+01
8.500000000000000000e+00 1.199858197696718243e+01
8.500000000000000000e+00 1.197768259794681533e+01
8.500000000000000000e+00 1.197768259728821860e+01
8.500000000000000000e+00 1.193412706038565751e+01
8.500000000000000000e+00 1.193412705588141165e+01
8.500000000000000000e+00 1.090966219880990984e+01
8.500000000000000000e+00 1.090966219853234520e+01
8.500000000000000000e+00 1.078927430991564762e+01
8.500000000000000000e+00 1.078927430800351495e+01
8.500000000000000000e+00 9.826161296807420342e+00
8.500000000000000000e+00 9.826161294896152754e+00
8.500000000000000000e+00 9.813319434419472742e+00
8.500000000000000000e+00 9.813319433439341211e+00
8.500000000000000000e+00 9.765830449199793151e+00
8.500000000000000000e+00 9.765830446786630148e+00
8.500000000000000000e+00 9.747311634837611649e+00
8.500000000000000000e+00 9.747311632810847115e+00
8.500000000000000000e+00 8.704705542713680799e+00
8.500000000000000000e+00 8.704705542432535026e+00
9.000000000000000000e+00 1.356898483682345180e+01
9.000000000000000000e+00 1.356508753519313792e+01
9.000000000000000000e+00 1.346148313527491780e+01
9.000000000000000000e+00 1.346148311944757658e+01
9.000000000000000000e+00 1.343662478461827092e+01
9.000000000000000000e+00 1.341582154929938042e+01
9.000000000000000000e+00 1.341302502630265359e+01
9.000000000000000000e+00 1.341302493253444439e+01
9.000000000000000000e+00 1.340523057429580511e+01
9.000000000000000000e+00 1.339794817285195627e+01
9.000000000000000000e+00 1.339794816322612370e+01
9.000000000000000000e+00 1.337716051576986764e+01
9.000000000000000000e+00 1.336304272641771718e+01
9.000000000000000000e+00 1.336304272258597869e+01
9.000000000000000000e+00 1.334329171403227043e+01
9.000000000000000000e+00 1.334329171161210859e+01
9.000000000000000000e+00 1.334144179676730779e+01
9.000000000000000000e+00 1.333323271183567549e+01
9.000000000000000000e+00 1.316767495600547022e+01
9.000000000000000000e+00 1.316767494060493426e+01
9.000000000000000000e+00 1.316679051024103764e+01
9.000000000000000000e+00 1.311118962938804522e+01
9.000000000000000000e+00 1.270419346596884047e+01
9.000000000000000000e+00 1.270419344764025915e+01
9.000000000000000000e+00 1.265332339164387676e+01
9.000000000000000000e+00 1.259749306059535989e+01
9.000000000000000000e+00 1.254188801011417809e+01
9.000000000000000000e+00 1.253760293012987859e+01
9.000000000000000000e+00 1.253517683947529449e+01
9.000000000000000000e+00 1.253517683389538817e+01
9.000000000000000000e+00 1.233839807154169677e+01
9.000000000000000000e+00 1.233839806603092981e+01
9.000000000000000000e+00 1.233586109837632883e+01
9.000000000000000000e+00 1.233011165175519430e+01
9.000000000000000000e+00 1.094623735951420507e+01
9.000000000000000000e+00 9.951822097305212722e+00
9.000000000000000000e+00 9.946138711556207213e+00
9.000000000000000000e+00 9.946138711502403140e+00
9.000000000000000000e+00 9.942810331898662923e+00
9.000000000000000000e+00 8.864424970535678128e+00
9.500000000000000000e+00 1.436214445463047973e+01
9.500000000000000000e+00 1.436214445417683905e+01
9.500000000000000000e+00 1.433855739344641655e+01
9.500000000000000000e+00 1.433855739057406531e+01
9.500000000000000000e+00 1.432708828285097624e+01
9.500000000000000000e+00 1.432708828052964378e+01
9.500000000000000000e+00 1.383640396525964888e+01
9.500000000000000000e+00 1.383640396452203980e+01
9.500000000000000000e+00 1.379924874100552046e+01
9.500000000000000000e+00 1.379924873233356486e+01
9.500000000000000000e+00 1.377437234678325240e+01
9.500000000000000000e+00 1.377437234349164896e+01
9.500000000000000000e+00 1.376494223009712847e+01
9.500000000000000000e+00 1.376494221949253927e+01
9.500000000000000000e+00 1.359029613793614999e+01
9.500000000000000000e+00 1.359029612888468463e+01
9.500000000000000000e+00 1.354453941932844074e+01
9.500000000000000000e+00 1.354453941002288175e+01
9.500000000000000000e+00 1.353953967496876842e+01
9.500000000000000000e+00 1.353953966973331369e+01
9.500000000000000000e+00 1.351950499508638792e+01
9.500000000000000000e+00 1.351950498130234557e+01
9.500000000000000000e+00 1.339978137400527736e+01
9.500000000000000000e+00 1.339978137390750845e+01
9.500000000000000000e+00 1.332548498610800713e+01
9.500000000000000000e+00 1.332548498606230147e+01
9.500000000000000000e+00 1.332422301545182108e+01
9.500000000000000000e+00 1.332422301533809872e+01
9.500000000000000000e+00 1.328841788453935102e+01
9.500000000000000000e+00 1.328841788239148691e+01
9.500000000000000000e+00 1.282637534061727891e+01
9.500000000000000000e+00 1.282637533547796238e+01
9.500000000000000000e+00 1.269741220516032421e+01
9.500000000000000000e+00 1.269741219357675810e+01
9.500000000000000000e+00 1.249552811952488440e+01
9.500000000000000000e+00 1.249552810676477499e+01
9.500000000000000000e+00 1.212746950911074428e+01
9.500000000000000000e+00 1.212746950857791184e+01
9.500000000000000000e+00 1.108457402863466079e+01
9.500000000000000000e+00 1.108457402855904661e+01
1.000000000000000000e+01 1.641646009318249355e+01
1.000000000000000000e+01 1.641646008567047232e+01
1.000000000000000000e+01 1.639585482526358007e+01
1.000000000000000000e+01 1.638259653011560246e+01
1.000000000000000000e+01 1.632813993182507062e+01
1.000000000000000000e+01 1.632738975255882252e+01
1.000000000000000000e+01 1.632738975246084223e+01
1.000000000000000000e+01 1.603640817814850905e+01
1.000000000000000000e+01 1.600174474246533052e+01
1.000000000000000000e+01 1.596355869225095603e+01
1.000000000000000000e+01 1.596355868874388406e+01
1.000000000000000000e+01 1.595828968386468105e+01
1.000000000000000000e+01 1.572944481450968546e+01
1.000000000000000000e+01 1.572474481354283427e+01
1.000000000000000000e+01 1.572474481036937988e+01
1.000000000000000000e+01 1.570369109298134980e+01
1.000000000000000000e+01 1.493301589950328001e+01
1.000000000000000000e+01 1.493301589777723670e+01
1.000000000000000000e+01 1.489988213832544517e+01
1.000000000000000000e+01 1.489793555766105726e+01
1.000000000000000000e+01 1.473289528451810959e+01
1.000000000000000000e+01 1.469222150380299752e+01
1.000000000000000000e+01 1.469222150250350722e+01
1.000000000000000000e+01 1.467652731763038609e+01
1.000000000000000000e+01 1.453043890156784457e+01
1.000000000000000000e+01 1.451101579286332033e+01
1.000000000000000000e+01 1.448553292438604068e+01
1.000000000000000000e+01 1.448553292308768370e+01
1.000000000000000000e+01 1.348521494824145783e+01
1.000000000000000000e+01 1.348521494727939896e+01
1.000000000000000000e+01 1.348484328237921304e+01
1.000000000000000000e+01 1.342912521160989314e+01
1.000000000000000000e+01 1.235585091789597456e+01
1.000000000000000000e+01 1.235585091546529668e+01
1.000000000000000000e+01 1.230338841082140000e+01
1.000000000000000000e+01 1.229024606759314509e+01
1.000000000000000000e+01 1.130184215047487939e+01
1.000000000000000000e+01 1.128031362862386189e+01
1.000000000000000000e+01 1.128031362791399417e+01
1.000000000000000000e+01 1.127792865631061403e+01
1.050000000000000000e+01 1.702754203818986412e+01
1.050000000000000000e+01 1.702754202404499750e+01
1.050000000000000000e+01 1.621797311610217207e+01
1.050000000000000000e+01 1.621797287695214962e+01
1.050000000000000000e+01 1.619140724206100401e+01
1.050000000000000000e+01 1.619140724206100401e+01
1.050000000000000000e+01 1.614630938712788222e+01
1.050000000000000000e+01 1.614630932931644836e+01
1.050000000000000000e+01 1.613095793717956283e+01
1.050000000000000000e+01 1.613095791248043653e+01
1.050000000000000000e+01 1.594639105253888012e+01
1.050000000000000000e+01 1.594639105253887834e+01
1.050000000000000000e+01 1.594046577036469614e+01
1.050000000000000000e+01 1.594046553808524891e+01
1.050000000000000000e+01 1.589144992265456402e+01
1.050000000000000000e+01 1.589144991671159346e+01
1.050000000000000000e+01 1.587941677634449889e+01
1.050000000000000000e+01 1.587941674258707536e+01
1.050000000000000000e+01 1.568541123635155010e+01
1.050000000000000000e+01 1.568541123570141593e+01
1.050000000000000000e+01 1.514285787655618520e+01
1.050000000000000000e+01 1.514285785486578995e+01
1.050000000000000000e+01 1.512738707685672246e+01
1.050000000000000000e+01 1.512738707685672068e+01
1.050000000000000000e+01 1.510114023035120567e+01
1.050000000000000000e+01 1.510114015654727915e+01
1.050000000000000000e+01 1.509615727836641952e+01
1.050000000000000000e+01 1.509615707937483364e+01
1.050000000000000000e+01 1.493494244420159411e+01
1.050000000000000000e+01 1.493494240351900082e+01
1.050000000000000000e+01 1.489135560832973049e+01
1.050000000000000000e+01 1.489135544752477536e+01
1.050000000000000000e+01 1.488646045211305236e+01
1.050000000000000000e+01 1.488646045211305058e+01
1.050000000000000000e+01 1.487233365376862082e+01
1.050000000000000000e+01 1.487233357901321007e+01
1.050000000000000000e+01 1.247979806062189922e+01
1.050000000000000000e+01 1.247979805928479635e+01
1.050000000000000000e+01 1.143998673398978028e+01
1.050000000000000000e+01 1.143998673345354256e+01
1.100000000000000000e+01 1.879117395563144299e+01
1.100000000000000000e+01 1.879117395563144299e+01
1.100000000000000000e+01 1.875225992637904682e+01
1.100000000000000000e+01 1.875225992637904682e+01
1.100000000000000000e+01 1.873331933116720904e+01
1.100000000000000000e+01 1.873331933116720549e+01
1.100000000000000000e+01 1.873022004360477766e+01
1.100000000000000000e+01 1.872932711982987541e+01
1.100000000000000000e+01 1.872332334823429534e+01
1.100000000000000000e+01 1.872332334823429534e+01
1.100000000000000000e+01 1.871783917765825578e+01
1.100000000000000000e+01 1.871723840497665137e+01
1.100000000000000000e+01 1.871723840497665137e+01
1.100000000000000000e+01 1.871165289890053884e+01
1.100000000000000000e+01 1.844641582992809603e+01
1.100000000000000000e+01 1.843880754486036366e+01
1.100000000000000000e+01 1.843300731308618623e+01
1.100000000000000000e+01 1.843300731308618268e+01
1.100000000000000000e+01 1.795878412481214070e+01
1.100000000000000000e+01 1.636263307710908066e+01
1.100000000000000000e+01 1.631784537488208287e+01
1.100000000000000000e+01 1.631784537488207931e+01
1.100000000000000000e+01 1.631071087204288972e+01
1.100000000000000000e+01 1.607865867050489683e+01
1.100000000000000000e+01 1.606846387309864710e+01
1.100000000000000000e+01 1.606846387309864710e+01
1.100000000000000000e+01 1.604557761657031278e+01
1.100000000000000000e+01 1.591456082256507543e+01
1.100000000000000000e+01 1.584506463277427279e+01
1.100000000000000000e+01 1.584493946388414365e+01
1.100000000000000000e+01 1.584493946388414187e+01
1.100000000000000000e+01 1.528920580334778023e+01
1.100000000000000000e+01 1.528920580334777846e+01
1.100000000000000000e+01 1.525717486748637164e+01
1.100000000000000000e+01 1.525439561007824274e+01
1.100000000000000000e+01 1.508498955640732753e+01
1.100000000000000000e+01 1.504376653928262364e+01
1.100000000000000000e+01 1.504376653928262009e+01
1.100000000000000000e+01 1.502894269491401680e+01
1.100000000000000000e+01 1.363082386607168317e+01
1.150000000000000000e+01 1.968170921810499863e+01
1.150000000000000000e+01 1.968170921810499863e+01
1.150000000000000000e+01 1.968142992204196418e+01
1.150000000000000000e+01 1.968142992204196418e+01
1.150000000000000000e+01 1.967227620334233507e+01
1.150000000000000000e+01 1.967227620334233507e+01
1.150000000000000000e+01 1.963807812679407760e+01
1.150000000000000000e+01 1.963807812679407760e+01
1.150000000000000000e+01 1.963787585606487340e+01
1.150000000000000000e+01 1.963787585606486985e+01
1.150000000000000000e+01 1.957665467728662634e+01
1.150000000000000000e+01 1.957665467728662634e+01
1.150000000000000000e+01 1.950484542913295272e+01
1.150000000000000000e+01 1.950484542913295272e+01
1.150000000000000000e+01 1.945053770836213403e+01
1.150000000000000000e+01 1.945053770836212692e+01
1.150000000000000000e+01 1.942306120097707023e+01
1.150000000000000000e+01 1.942306120097706668e+01
1.150000000000000000e+01 1.942281378322498497e+01
1.150000000000000000e+01 1.942281378322498497e+01
1.150000000000000000e+01 1.907205960956146029e+01
1.150000000000000000e+01 1.907205960956145319e+01
1.150000000000000000e+01 1.894850817513137642e+01
1.150000000000000000e+01 1.894850817513137642e+01
1.150000000000000000e+01 1.889292105374521213e+01
1.150000000000000000e+01 1.889292105374521213e+01
1.150000000000000000e+01 1.888002353631680919e+01
1.150000000000000000e+01 1.888002353631680563e+01
1.150000000000000000e+01 1.887250905504507514e+01
1.150000000000000000e+01 1.887250905504507514e+01
1.150000000000000000e+01 1.857951472479260602e+01
1.150000000000000000e+01 1.857951472479260246e+01
1.150000000000000000e+01 1.746326971914765025e+01
1.150000000000000000e+01 1.746326971914764670e+01
1.150000000000000000e+01 1.723052492054897300e+01
1.150000000000000000e+01 1.723052492054897300e+01
1.150000000000000000e+01 1.599530338663726425e+01
1.150000000000000000e+01 1.599530338663726425e+01
1.150000000000000000e+01 1.382604876251119563e+01
1.150000000000000000e+01 1.382604876251119386e+01
1.200000000000000000e+01 2.324319064868684848e+01
1.200000000000000000e+01 2.324319064868684848e+01
1.200000000000000000e+01 2.324182602145782184e+01
1.200000000000000000e+01 2.324182602145781473e+01
1.200000000000000000e+01 2.304709465637246524e+01
1.200000000000000000e+01 2.298717234916205143e+01
1.200000000000000000e+01 2.298701101818550896e+01
1.200000000000000000e+01 2.298701101818550185e+01
1.200000000000000000e+01 2.297596939234340141e+01
1.200000000000000000e+01 2.265065385103289941e+01
1.200000000000000000e+01 2.265065385103288520e+01
1.200000000000000000e+01 2.264143935005468933e+01
1.200000000000000000e+01 2.264034611669615771e+01
1.200000000000000000e+01 2.251813586165329184e+01
1.200000000000000000e+01 2.251813586165328473e+01
1.200000000000000000e+01 2.251000854288391295e+01
1.200000000000000000e+01 2.250900833767563114e+01
1.200000000000000000e+01 2.124058806185374593e+01
1.200000000000000000e+01 2.111707970047291383e+01
1.200000000000000000e+01 2.106715526565714569e+01
1.200000000000000000e+01 2.106715526565714569e+01
1.200000000000000000e+01 2.106655836583468755e+01
1.200000000000000000e+01 2.078550000296853995e+01
1.200000000000000000e+01 1.983528223956477987e+01
1.200000000000000000e+01 1.983528223956477632e+01
1.200000000000000000e+01 1.983309227827668408e+01
1.200000000000000000e+01 1.982327042881838253e+01
1.200000000000000000e+01 1.960188029936137610e+01
1.200000000000000000e+01 1.957071992784118564e+01
1.200000000000000000e+01 1.957071992784118208e+01
1.200000000000000000e+01 1.957052284498110239e+01
1.200000000000000000e+01 1.766432995362585956e+01
1.200000000000000000e+01 1.765725089944246662e+01
1.200000000000000000e+01 1.765725089944246307e+01
1.200000000000000000e+01 1.765663524083678482e+01
1.200000000000000000e+01 1.742164246323912735e+01
1.200000000000000000e+01 1.742124553480806526e+01
1.200000000000000000e+01 1.742124553480806171e+01
1.200000000000000000e+01 1.741840980984736831e+01
1.200000000000000000e+01 1.397635397778655708e+01
1.250000000000000000e+01 2.716871612740765940e+01
1.250000000000000000e+01 2.716871612740764874e+01
1.250000000000000000e+01 2.713442521022931331e+01
1.250000000000000000e+01 2.713442521022930976e+01
1.250000000000000000e+01 2.703000762311053862e+01
1.250000000000000000e+01 2.703000762311044269e+01
1.250000000000000000e+01 2.699956217462350949e+01
1.250000000000000000e+01 2.699956217462342423e+01
1.250000000000000000e+01 2.504355447342663865e+01
1.250000000000000000e+01 2.504355447342653562e+01
1.250000000000000000e+01 2.488093601511183550e+01
1.250000000000000000e+01 2.488093601511183195e+01
1.250000000000000000e+01 2.354668531660523101e+01
1.250000000000000000e+01 2.354668531660522746e+01
1.250000000000000000e+01 2.349783078280908910e+01
1.250000000000000000e+01 2.349783078280908910e+01
1.250000000000000000e+01 2.341684179084688466e+01
1.250000000000000000e+01 2.341684179084686335e+01
1.250000000000000000e+01 2.341420660142214771e+01
1.250000000000000000e+01 2.341420660142214771e+01
1.250000000000000000e+01 2.339490156910549246e+01
1.250000000000000000e+01 2.339490156910549246e+01
1.250000000000000000e+01 2.313991305706361601e+01
1.250000000000000000e+01 2.313991305706356627e+01
1.250000000000000000e+01 2.141585528193323995e+01
1.250000000000000000e+01 2.141585528193322929e+01
1.250000000000000000e+01 2.131464481317056681e+01
1.250000000000000000e+01 2.131464481317055615e+01
1.250000000000000000e+01 2.126704518321781379e+01
1.250000000000000000e+01 2.126704518321780668e+01
1.250000000000000000e+01 2.125258415438587889e+01
1.250000000000000000e+01 2.125258415438587178e+01
1.250000000000000000e+01 2.125027365449555816e+01
1.250000000000000000e+01 2.125027365449555461e+01
1.250000000000000000e+01 2.098352842679148367e+01
1.250000000000000000e+01 2.098352842679148011e+01
1.250000000000000000e+01 1.780984366709220978e+01
1.250000000000000000e+01 1.780984366709220978e+01
1.250000000000000000e+01 1.756892283841485991e+01
1.250000000000000000e+01 1.756892283841485991e+01
1.300000000000000000e+01 2.726054327086172080e+01
1.300000000000000000e+01 2.726054327086166751e+01
1.300000000000000000e+01 2.719043553619967923e+01
1.300000000000000000e+01 2.718298256805664082e+01
1.300000000000000000e+01 2.711597018494500233e+01
1.300000000000000000e+01 2.711597018494495970e+01
1.300000000000000000e+01 2.697036087463927956e+01
1.300000000000000000e+01 2.696276723044667634e+01
1.300000000000000000e+01 2.525771323441902183e+01
1.300000000000000000e+01 2.520583623935016249e+01
1.300000000000000000e+01 2.517940283069770757e+01
1.300000000000000000e+01 2.517940283069770047e+01
1.300000000000000000e+01 2.512587653011533106e+01
1.300000000000000000e+01 2.509906000316472330e+01
1.300000000000000000e+01 2.504558815478178246e+01
1.300000000000000000e+01 2.504558815478177536e+01
1.300000000000000000e+01 2.161279277568488411e+01
1.300000000000000000e+01 2.145861527965457327e+01
1.300000000000000000e+01 2.140858407005097419e+01
1.300000000000000000e+01 2.140390055580811079e+01
1.300000000000000000e+01 2.140390055580811079e+01
1.300000000000000000e+01 2.108265342991334990e+01
1.350000000000000000e+01 2.509600380199287883e+01
1.350000000000000000e+01 2.509600380199287883e+01
1.350000000000000000e+01 2.509600380199288239e+01
1.350000000000000000e+01 2.509600380199288239e+01
