-1.450000000000000000e+01 4.220874491396117700e-03
-1.450000000000000000e+01 4.220877782229022490e-03
-1.450000000000000000e+01 9.954456206790348594e-01
-1.450000000000000000e+01 9.954456242286947587e-01
-1.350000000000000000e+01 1.534948776640191566e-03
-1.350000000000000000e+01 1.534949464179027976e-03
-1.350000000000000000e+01 1.790955259204860374e-03
-1.350000000000000000e+01 1.790956237626765719e-03
-1.350000000000000000e+01 9.978643105415127001e-01
-1.350000000000000000e+01 9.978643122501370533e-01
-1.350000000000000000e+01 9.983985856716836027e-01
-1.350000000000000000e+01 9.983985882692407721e-01
-1.250000000000000000e+01 2.217442569584055455e-04
-1.250000000000000000e+01 2.217442859956051922e-04
-1.250000000000000000e+01 2.620166989152326615e-04
-1.250000000000000000e+01 2.620167747162199475e-04
-1.250000000000000000e+01 4.603974996918988594e-03
-1.250000000000000000e+01 4.603976475141305716e-03
-1.250000000000000000e+01 9.947833919606544617e-01
-1.250000000000000000e+01 9.947833934927476918e-01
-1.250000000000000000e+01 9.996889816614898949e-01
-1.250000000000000000e+01 9.996889820743213306e-01
-1.250000000000000000e+01 9.997496652534803019e-01
-1.250000000000000000e+01 9.997496655272891664e-01
-1.150000000000000000e+01 2.653480102946068159e-05
-1.150000000000000000e+01 2.653489867627177614e-05
-1.150000000000000000e+01 2.907512828516031845e-05
-1.150000000000000000e+01 2.907523933905386068e-05
-1.150000000000000000e+01 1.973274573277381417e-03
-1.150000000000000000e+01 1.973276129540046161e-03
-1.150000000000000000e+01 2.711883707653961473e-03
-1.150000000000000000e+01 2.711884416493844530e-03
-1.150000000000000000e+01 9.965103648300547290e-01
-1.150000000000000000e+01 9.965103660171215072e-01
-1.150000000000000000e+01 9.979360285219657234e-01
-1.150000000000000000e+01 9.979360293358497946e-01
-1.150000000000000000e+01 9.999647991234377198e-01
-1.150000000000000000e+01 9.999647991493644250e-01
-1.150000000000000000e+01 9.999680415006785283e-01
-1.150000000000000000e+01 9.999680415308868087e-01
-1.050000000000000000e+01 3.123110554667625615e-06
-1.050000000000000000e+01 3.123116850517596991e-06
-1.050000000000000000e+01 3.195797700410825046e-06
-1.050000000000000000e+01 3.195803360512466238e-06
-1.050000000000000000e+01 4.053179407444654908e-04
-1.050000000000000000e+01 4.053184405840789834e-04
-1.050000000000000000e+01 5.380377770100436535e-04
-1.050000000000000000e+01 5.380382168401714842e-04
-1.050000000000000000e+01 5.141378158315279556e-03
-1.050000000000000000e+01 5.141381097371365734e-03
-1.050000000000000000e+01 9.937570104155938333e-01
-1.050000000000000000e+01 9.937570130499984167e-01
-1.050000000000000000e+01 9.993417775539940040e-01
-1.050000000000000000e+01 9.993417779864127715e-01
-1.050000000000000000e+01 9.995330684069090310e-01
-1.050000000000000000e+01 9.995330687347168119e-01
-1.050000000000000000e+01 9.999960000570564667e-01
-1.050000000000000000e+01 9.999960000623328016e-01
-1.050000000000000000e+01 9.999960635324448566e-01
-1.050000000000000000e+01 9.999960635366940132e-01
-9.500000000000000000e+00 3.753446029697425996e-07
-9.500000000000000000e+00 3.753582779706748139e-07
-9.500000000000000000e+00 3.767150780267331411e-07
-9.500000000000000000e+00 3.767287113433413594e-07
-9.500000000000000000e+00 6.638689062058572826e-05
-9.500000000000000000e+00 6.638712335266556551e-05
-9.500000000000000000e+00 7.657074236977221633e-05
-9.500000000000000000e+00 7.657108122691821310e-05
-9.500000000000000000e+00 2.234065104220488499e-03
-9.500000000000000000e+00 2.234067004291636228e-03
-9.500000000000000000e+00 3.733282279974521525e-03
-9.500000000000000000e+00 3.733283993985348891e-03
-9.500000000000000000e+00 9.947070445035793851e-01
-9.500000000000000000e+00 9.947070460773658196e-01
-9.500000000000000000e+00 9.976469843802524551e-01
-9.500000000000000000e+00 9.976469853001850296e-01
-9.500000000000000000e+00 9.999044310019263859e-01
-9.500000000000000000e+00 9.999044315503059499e-01
-9.500000000000000000e+00 9.999165895186183928e-01
-9.500000000000000000e+00 9.999165899187646422e-01
-9.500000000000000000e+00 9.999995070852173429e-01
-9.500000000000000000e+00 9.999995071170714178e-01
-9.500000000000000000e+00 9.999995111578849905e-01
-9.500000000000000000e+00 9.999995111893210664e-01
-8.500000000000000000e+00 4.801403970443385691e-08
-8.500000000000000000e+00 4.802557377890742627e-08
-8.500000000000000000e+00 4.822840613735752676e-08
-8.500000000000000000e+00 4.824000457169636626e-08
-8.500000000000000000e+00 1.026504708601554972e-05
-8.500000000000000000e+00 1.026519823571827721e-05
-8.500000000000000000e+00 1.048570165061112420e-05
-8.500000000000000000e+00 1.048585492275206489e-05
-8.500000000000000000e+00 5.797871704677218718e-04
-8.500000000000000000e+00 5.797874347951175638e-04
-8.500000000000000000e+00 8.506503022205026340e-04
-8.500000000000000000e+00 8.506510756489296231e-04
-8.500000000000000000e+00 5.996219099870478755e-03
-8.500000000000000000e+00 5.996221800941702214e-03
-8.500000000000000000e+00 9.918449337345832673e-01
-8.500000000000000000e+00 9.918449358705917485e-01
-8.500000000000000000e+00 9.989439587194923753e-01
-8.500000000000000000e+00 9.989439599768271671e-01
-8.500000000000000000e+00 9.993092767836861956e-01
-8.500000000000000000e+00 9.993092777280127015e-01
-8.500000000000000000e+00 9.999863497213489216e-01
-8.500000000000000000e+00 9.999863498138231721e-01
-8.500000000000000000e+00 9.999863545202523074e-01
-8.500000000000000000e+00 9.999863546106244616e-01
-8.500000000000000000e+00 9.999999344528990308e-01
-8.500000000000000000e+00 9.999999344660454037e-01
-8.500000000000000000e+00 9.999999347839182429e-01
-8.500000000000000000e+00 9.999999347970313091e-01
-7.500000000000000000e+00 6.751216205441043323e-09
-7.500000000000000000e+00 6.757475643828747876e-09
-7.500000000000000000e+00 6.761347418285797746e-09
-7.500000000000000000e+00 6.767621307208508301e-09
-7.500000000000000000e+00 1.540340817345610023e-06
-7.500000000000000000e+00 1.540417670286494115e-06
-7.500000000000000000e+00 1.567711311094310440e-06
-7.500000000000000000e+00 1.567789472027037479e-06
-7.500000000000000000e+00 1.225431159585802442e-04
-7.500000000000000000e+00 1.225433987740408564e-04
-7.500000000000000000e+00 1.446150111104279093e-04
-7.500000000000000000e+00 1.446154379555594424e-04
-7.500000000000000000e+00 2.438886777431084705e-03
-7.500000000000000000e+00 2.438889869674107109e-03
-7.500000000000000000e+00 5.197421640894331341e-03
-7.500000000000000000e+00 5.197425831334053122e-03
-7.500000000000000000e+00 9.915158945041685490e-01
-7.500000000000000000e+00 9.915158959871994693e-01
-7.500000000000000000e+00 9.973961445082224486e-01
-7.500000000000000000e+00 9.973961482335280682e-01
-7.500000000000000000e+00 9.998138594408306767e-01
-7.500000000000000000e+00 9.998138600292189038e-01
-7.500000000000000000e+00 9.998358407983881646e-01
-7.500000000000000000e+00 9.998358413970118708e-01
-7.500000000000000000e+00 9.999978266490576750e-01
-7.500000000000000000e+00 9.999978267432072521e-01
-7.500000000000000000e+00 9.999978836588374609e-01
-7.500000000000000000e+00 9.999978837485127281e-01
-7.500000000000000000e+00 9.999999904144902807e-01
-7.500000000000000000e+00 9.999999904200557177e-01
-7.500000000000000000e+00 9.999999904220423508e-01
-7.500000000000000000e+00 9.999999904276087870e-01
-6.500000000000000000e+00 1.061295979462783959e-09
-6.500000000000000000e+00 1.061517181446669327e-09
-6.500000000000000000e+00 1.062229113416504629e-09
-6.500000000000000000e+00 1.062450393660031709e-09
-6.500000000000000000e+00 2.484046041705830647e-07
-6.500000000000000000e+00 2.484274410252817530e-07
-6.500000000000000000e+00 2.506080981557779100e-07
-6.500000000000000000e+00 2.506311263174721010e-07
-6.500000000000000000e+00 2.385173857268426244e-05
-6.500000000000000000e+00 2.385183706292773320e-05
-6.500000000000000000e+00 2.401921118949216867e-05
-6.500000000000000000e+00 2.401931017040212718e-05
-6.500000000000000000e+00 7.725588095190915293e-04
-6.500000000000000000e+00 7.725598874723397852e-04
-6.500000000000000000e+00 1.209390048601327464e-03
-6.500000000000000000e+00 1.209391586307754932e-03
-6.500000000000000000e+00 7.520903286477038062e-03
-6.500000000000000000e+00 7.520910726318405168e-03
-6.500000000000000000e+00 9.876017542814288230e-01
-6.500000000000000000e+00 9.876017666573586595e-01
-6.500000000000000000e+00 9.985071157372251704e-01
-6.500000000000000000e+00 9.985071170770972726e-01
-6.500000000000000000e+00 9.990223601139845977e-01
-6.500000000000000000e+00 9.990223612512667550e-01
-6.500000000000000000e+00 9.999655533003457553e-01
-6.500000000000000000e+00 9.999655538882056272e-01
-6.500000000000000000e+00 9.999672487713018310e-01
-6.500000000000000000e+00 9.999672493493635406e-01
-6.500000000000000000e+00 9.999996361649842180e-01
-6.500000000000000000e+00 9.999996361696971148e-01
-6.500000000000000000e+00 9.999996388825064253e-01
-6.500000000000000000e+00 9.999996388869849540e-01
-6.500000000000000000e+00 9.999999984225921290e-01
-6.500000000000000000e+00 9.999999984240485196e-01
-6.500000000000000000e+00 9.999999984253988838e-01
-6.500000000000000000e+00 9.999999984268495012e-01
-5.500000000000000000e+00 1.897143916866120902e-10
-5.500000000000000000e+00 1.899813855894845937e-10
-5.500000000000000000e+00 1.905747070599560450e-10
-5.500000000000000000e+00 1.908429605619954905e-10
-5.500000000000000000e+00 4.421061858508781173e-08
-5.500000000000000000e+00 4.422757699483839782e-08
-5.500000000000000000e+00 4.429256091005834978e-08
-5.500000000000000000e+00 4.430959184095958508e-08
-5.500000000000000000e+00 4.346121271022577201e-06
-5.500000000000000000e+00 4.346167046592337013e-06
-5.500000000000000000e+00 4.519637542917516168e-06
-5.500000000000000000e+00 4.519685613493829859e-06
-5.500000000000000000e+00 2.087699936306243193e-04
-5.500000000000000000e+00 2.087703002543398324e-04
-5.500000000000000000e+00 2.401912424072637274e-04
-5.500000000000000000e+00 2.401916004914490506e-04
-5.500000000000000000e+00 2.635901716511625161e-03
-5.500000000000000000e+00 2.635902797913492954e-03
-5.500000000000000000e+00 7.654695251938315251e-03
-5.500000000000000000e+00 7.654707269939335819e-03
-5.500000000000000000e+00 9.843165123492176871e-01
-5.500000000000000000e+00 9.843165467034269422e-01
-5.500000000000000000e+00 9.971003814973365964e-01
-5.500000000000000000e+00 9.971003829899428572e-01
-5.500000000000000000e+00 9.996793472257353708e-01
-5.500000000000000000e+00 9.996793476138114976e-01
-5.500000000000000000e+00 9.996889678509647270e-01
-5.500000000000000000e+00 9.996889684440698476e-01
-5.500000000000000000e+00 9.999932058075884367e-01
-5.500000000000000000e+00 9.999932058760845344e-01
-5.500000000000000000e+00 9.999935185889801126e-01
-5.500000000000000000e+00 9.999935186540125365e-01
-5.500000000000000000e+00 9.999999318030269313e-01
-5.500000000000000000e+00 9.999999318151600036e-01
-5.500000000000000000e+00 9.999999320703041317e-01
-5.500000000000000000e+00 9.999999320823431681e-01
-5.500000000000000000e+00 9.999999997027118059e-01
-5.500000000000000000e+00 9.999999997032181787e-01
-5.500000000000000000e+00 9.999999997032564814e-01
-5.500000000000000000e+00 9.999999997037619659e-01
-4.500000000000000000e+00 3.940996844704705150e-11
-4.500000000000000000e+00 3.963080342321142618e-11
-4.500000000000000000e+00 3.974526976127461694e-11
-4.500000000000000000e+00 3.996750026619842109e-11
-4.500000000000000000e+00 8.897198479937614966e-09
-4.500000000000000000e+00 8.898854594330341078e-09
-4.500000000000000000e+00 8.910964052106323257e-09
-4.500000000000000000e+00 8.912625011268983945e-09
-4.500000000000000000e+00 8.871623078303013089e-07
-4.500000000000000000e+00 8.872156429153391070e-07
-4.500000000000000000e+00 8.924266145247100215e-07
-4.500000000000000000e+00 8.924782648544654075e-07
-4.500000000000000000e+00 4.779415660405162948e-05
-4.500000000000000000e+00 4.779445779632782734e-05
-4.500000000000000000e+00 5.118268463480025337e-05
-4.500000000000000000e+00 5.118299882664784805e-05
-4.500000000000000000e+00 1.026131121811815414e-03
-4.500000000000000000e+00 1.026132251969280639e-03
-4.500000000000000000e+00 1.597276272752827173e-03
-4.500000000000000000e+00 1.597277344675489567e-03
-4.500000000000000000e+00 1.051394547500379348e-02
-4.500000000000000000e+00 1.051395484575677955e-02
-4.500000000000000000e+00 9.758706958739845616e-01
-4.500000000000000000e+00 9.758707333819431895e-01
-4.500000000000000000e+00 9.980664313489999717e-01
-4.500000000000000000e+00 9.980664333572163427e-01
-4.500000000000000000e+00 9.985250396257854266e-01
-4.500000000000000000e+00 9.985250420547396866e-01
-4.500000000000000000e+00 9.999178902894619858e-01
-4.500000000000000000e+00 9.999178907472631161e-01
-4.500000000000000000e+00 9.999283285764375417e-01
-4.500000000000000000e+00 9.999283290138170077e-01
-4.500000000000000000e+00 9.999985631075258841e-01
-4.500000000000000000e+00 9.999985631835431876e-01
-4.500000000000000000e+00 9.999985689623717144e-01
-4.500000000000000000e+00 9.999985690404042948e-01
-4.500000000000000000e+00 9.999999853826290197e-01
-4.500000000000000000e+00 9.999999853899111946e-01
-4.500000000000000000e+00 9.999999854098916563e-01
-4.500000000000000000e+00 9.999999854171676139e-01
-4.500000000000000000e+00 9.999999999339506118e-01
-4.500000000000000000e+00 9.999999999345915436e-01
-4.500000000000000000e+00 9.999999999345982049e-01
-4.500000000000000000e+00 9.999999999352313651e-01
-3.500000000000000000e+00 9.710369775855904766e-12
-3.500000000000000000e+00 9.824414315198285579e-12
-3.500000000000000000e+00 9.824821430867688220e-12
-3.500000000000000000e+00 9.939657763041928507e-12
-3.500000000000000000e+00 2.081028073752255954e-09
-3.500000000000000000e+00 2.081418481563254607e-09
-3.500000000000000000e+00 2.082143840930505554e-09
-3.500000000000000000e+00 2.082532620924785786e-09
-3.500000000000000000e+00 1.999528711107406102e-07
-3.500000000000000000e+00 1.999707733949479398e-07
-3.500000000000000000e+00 2.016619083138379161e-07
-3.500000000000000000e+00 2.016799288888815830e-07
-3.500000000000000000e+00 1.102765186967661341e-05
-3.500000000000000000e+00 1.102776234262568681e-05
-3.500000000000000000e+00 1.163538075716006719e-05
-3.500000000000000000e+00 1.163551403185736208e-05
-3.500000000000000000e+00 3.602990584613524725e-04
-3.500000000000000000e+00 3.602999086490594376e-04
-3.500000000000000000e+00 3.739879219419057349e-04
-3.500000000000000000e+00 3.739887167628988822e-04
-3.500000000000000000e+00 2.868299951922055439e-03
-3.500000000000000000e+00 2.868303801137970632e-03
-3.500000000000000000e+00 1.221290898356807916e-02
-3.500000000000000000e+00 1.221292103176347364e-02
-3.500000000000000000e+00 9.620462851026496676e-01
-3.500000000000000000e+00 9.620463149279876447e-01
-3.500000000000000000e+00 9.965523341087517695e-01
-3.500000000000000000e+00 9.965523359776788936e-01
-3.500000000000000000e+00 9.993525253161571476e-01
-3.500000000000000000e+00 9.993525295238865347e-01
-3.500000000000000000e+00 9.994679155828639638e-01
-3.500000000000000000e+00 9.994679180331633717e-01
-3.500000000000000000e+00 9.999802219908274781e-01
-3.500000000000000000e+00 9.999802220781967010e-01
-3.500000000000000000e+00 9.999809324644649555e-01
-3.500000000000000000e+00 9.999809325581228148e-01
-3.500000000000000000e+00 9.999996453194468504e-01
-3.500000000000000000e+00 9.999996453320524337e-01
-3.500000000000000000e+00 9.999996491775889895e-01
-3.500000000000000000e+00 9.999996491901766982e-01
-3.500000000000000000e+00 9.999999963227242938e-01
-3.500000000000000000e+00 9.999999963246912760e-01
-3.500000000000000000e+00 9.999999963286166915e-01
-3.500000000000000000e+00 9.999999963305771233e-01
-3.500000000000000000e+00 9.999999999826665320e-01
-3.500000000000000000e+00 9.999999999827846597e-01
-3.500000000000000000e+00 9.999999999828024233e-01
-3.500000000000000000e+00 9.999999999829187747e-01
-2.500000000000000000e+00 2.874010971525653561e-12
-2.500000000000000000e+00 2.925813374173612196e-12
-2.500000000000000000e+00 2.926984255874037473e-12
-2.500000000000000000e+00 2.979383207064130512e-12
-2.500000000000000000e+00 5.754786252333766415e-10
-2.500000000000000000e+00 5.756205488801673257e-10
-2.500000000000000000e+00 5.757870375978838188e-10
-2.500000000000000000e+00 5.759317991963444562e-10
-2.500000000000000000e+00 5.217035046638359582e-08
-2.500000000000000000e+00 5.217712423469278324e-08
-2.500000000000000000e+00 5.218188610384991902e-08
-2.500000000000000000e+00 5.218875024627967145e-08
-2.500000000000000000e+00 2.827507372807529542e-06
-2.500000000000000000e+00 2.827605992037451104e-06
-2.500000000000000000e+00 2.870678009290188463e-06
-2.500000000000000000e+00 2.870769382071762542e-06
-2.500000000000000000e+00 9.216885643111904570e-05
-2.500000000000000000e+00 9.217013172308184405e-05
-2.500000000000000000e+00 1.070527480658573237e-04
-2.500000000000000000e+00 1.070544439183072059e-04
-2.500000000000000000e+00 1.423199975785195692e-03
-2.500000000000000000e+00 1.423206163731702452e-03
-2.500000000000000000e+00 1.966269943624639888e-03
-2.500000000000000000e+00 1.966274895365897803e-03
-2.500000000000000000e+00 1.626429738922146109e-02
-2.500000000000000000e+00 1.626431089917703202e-02
-2.500000000000000000e+00 9.299107023649463288e-01
-2.500000000000000000e+00 9.299107822406678103e-01
-2.500000000000000000e+00 9.971448602972964315e-01
-2.500000000000000000e+00 9.971448644735533273e-01
-2.500000000000000000e+00 9.976307294316563157e-01
-2.500000000000000000e+00 9.976307331204673501e-01
-2.500000000000000000e+00 9.997979144402908691e-01
-2.500000000000000000e+00 9.997979156237708498e-01
-2.500000000000000000e+00 9.998325290729374037e-01
-2.500000000000000000e+00 9.998325300972327190e-01
-2.500000000000000000e+00 9.999943564510530569e-01
-2.500000000000000000e+00 9.999943566718332288e-01
-2.500000000000000000e+00 9.999945743054923231e-01
-2.500000000000000000e+00 9.999945745199158020e-01
-2.500000000000000000e+00 9.999998980787686564e-01
-2.500000000000000000e+00 9.999998980862502274e-01
-2.500000000000000000e+00 9.999998984288119841e-01
-2.500000000000000000e+00 9.999998984364504295e-01
-2.500000000000000000e+00 9.999999988917495086e-01
-2.500000000000000000e+00 9.999999988937008366e-01
-2.500000000000000000e+00 9.999999988937385842e-01
-2.500000000000000000e+00 9.999999988956869146e-01
-2.500000000000000000e+00 9.999999999944171325e-01
-2.500000000000000000e+00 9.999999999944724216e-01
-2.500000000000000000e+00 9.999999999945639040e-01
-2.500000000000000000e+00 9.999999999946155294e-01
-1.500000000000000000e+00 1.009751067932054109e-12
-1.500000000000000000e+00 1.041950083838383305e-12
-1.500000000000000000e+00 1.046758068763253439e-12
-1.500000000000000000e+00 1.080404519447573673e-12
-1.500000000000000000e+00 1.867599761493404501e-10
-1.500000000000000000e+00 1.877278370079695680e-10
-1.500000000000000000e+00 1.878505721639240591e-10
-1.500000000000000000e+00 1.888289832273647794e-10
-1.500000000000000000e+00 1.557845165461788943e-08
-1.500000000000000000e+00 1.558692484465458939e-08
-1.500000000000000000e+00 1.560938791871379727e-08
-1.500000000000000000e+00 1.561789571327362448e-08
-1.500000000000000000e+00 7.896018994690334132e-07
-1.500000000000000000e+00 7.896565200080847912e-07
-1.500000000000000000e+00 7.986185488350558095e-07
-1.500000000000000000e+00 7.986713950413908693e-07
-1.500000000000000000e+00 2.678572217859348531e-05
-1.500000000000000000e+00 2.678590962275916685e-05
-1.500000000000000000e+00 2.755873525303631396e-05
-1.500000000000000000e+00 2.755892468354090801e-05
-1.500000000000000000e+00 5.449311006766007544e-04
-1.500000000000000000e+00 5.449338001115133345e-04
-1.500000000000000000e+00 6.254992408052228309e-04
-1.500000000000000000e+00 6.255025146240868368e-04
-1.500000000000000000e+00 3.169023276634737665e-03
-1.500000000000000000e+00 3.169026989761447848e-03
-1.500000000000000000e+00 1.882105135652706665e-02
-1.500000000000000000e+00 1.882107060401572510e-02
-1.500000000000000000e+00 8.530764948887887833e-01
-1.500000000000000000e+00 8.530765099817958497e-01
-1.500000000000000000e+00 9.942354400152546567e-01
-1.500000000000000000e+00 9.942354456520944295e-01
-1.500000000000000000e+00 9.985411939070839571e-01
-1.500000000000000000e+00 9.985411963795118861e-01
-1.500000000000000000e+00 9.990601761737262221e-01
-1.500000000000000000e+00 9.990601776788298194e-01
-1.500000000000000000e+00 9.999360331664125523e-01
-1.500000000000000000e+00 9.999360334878537593e-01
-1.500000000000000000e+00 9.999405607287709108e-01
-1.500000000000000000e+00 9.999405610534861655e-01
-1.500000000000000000e+00 9.999981795396644113e-01
-1.500000000000000000e+00 9.999981796844991111e-01
-1.500000000000000000e+00 9.999981817548981855e-01
-1.500000000000000000e+00 9.999981818967073055e-01
-1.500000000000000000e+00 9.999999652068836120e-01
-1.500000000000000000e+00 9.999999652208998446e-01
-1.500000000000000000e+00 9.999999652604184552e-01
-1.500000000000000000e+00 9.999999652744221423e-01
-1.500000000000000000e+00 9.999999995971674549e-01
-1.500000000000000000e+00 9.999999995987053358e-01
-1.500000000000000000e+00 9.999999996013078096e-01
-1.500000000000000000e+00 9.999999996028294813e-01
-1.500000000000000000e+00 9.999999999976784126e-01
-1.500000000000000000e+00 9.999999999978335108e-01
-1.500000000000000000e+00 9.999999999979363174e-01
-1.500000000000000000e+00 9.999999999980782039e-01
-5.000000000000000000e-01 3.666344278445106530e-13
-5.000000000000000000e-01 4.194656094233015304e-13
-5.000000000000000000e-01 4.203605190579678488e-13
-5.000000000000000000e-01 4.812344868209392691e-13
-5.000000000000000000e-01 6.638071831644279853e-11
-5.000000000000000000e-01 6.713162587527605297e-11
-5.000000000000000000e-01 6.716338535887164937e-11
-5.000000000000000000e-01 6.792612676670196566e-11
-5.000000000000000000e-01 4.898704785164863057e-09
-5.000000000000000000e-01 4.902161997480869599e-09
-5.000000000000000000e-01 4.912858122939485393e-09
-5.000000000000000000e-01 4.916324950669455636e-09
-5.000000000000000000e-01 2.211117635205790797e-07
-5.000000000000000000e-01 2.211444056371163436e-07
-5.000000000000000000e-01 2.227112428379300886e-07
-5.000000000000000000e-01 2.227439401674056263e-07
-5.000000000000000000e-01 6.916699530992179645e-06
-5.000000000000000000e-01 6.917163929593665428e-06
-5.000000000000000000e-01 7.208241972923426079e-06
-5.000000000000000000e-01 7.208740627446583087e-06
-5.000000000000000000e-01 1.475294955360392617e-04
-5.000000000000000000e-01 1.475309034652147152e-04
-5.000000000000000000e-01 1.772153806645420597e-04
-5.000000000000000000e-01 1.772170134908199191e-04
-5.000000000000000000e-01 1.781266674668369665e-03
-5.000000000000000000e-01 1.781269439102683289e-03
-5.000000000000000000e-01 2.162431213085121411e-03
-5.000000000000000000e-01 2.162432621741869516e-03
-5.000000000000000000e-01 1.828970749116026751e-02
-5.000000000000000000e-01 1.828973721627002308e-02
-5.000000000000000000e-01 6.595781167124478150e-01
-5.000000000000000000e-01 6.595783356682398679e-01
-5.000000000000000000e-01 9.902922181898360376e-01
-5.000000000000000000e-01 9.902922233122525286e-01
-5.000000000000000000e-01 9.970917317957369574e-01
-5.000000000000000000e-01 9.970917362346246593e-01
-5.000000000000000000e-01 9.995238036582312358e-01
-5.000000000000000000e-01 9.995238057573865298e-01
-5.000000000000000000e-01 9.995360756875313335e-01
-5.000000000000000000e-01 9.995360780756611385e-01
-5.000000000000000000e-01 9.999773944237246859e-01
-5.000000000000000000e-01 9.999773947071927127e-01
-5.000000000000000000e-01 9.999783186149423519e-01
-5.000000000000000000e-01 9.999783188432178616e-01
-5.000000000000000000e-01 9.999993297370490808e-01
-5.000000000000000000e-01 9.999993297898470690e-01
-5.000000000000000000e-01 9.999993377249267734e-01
-5.000000000000000000e-01 9.999993377781029036e-01
-5.000000000000000000e-01 9.999999865166524504e-01
-5.000000000000000000e-01 9.999999865180786429e-01
-5.000000000000000000e-01 9.999999865490856177e-01
-5.000000000000000000e-01 9.999999865504982655e-01
-5.000000000000000000e-01 9.999999998328540363e-01
-5.000000000000000000e-01 9.999999998337416596e-01
-5.000000000000000000e-01 9.999999998342128382e-01
-5.000000000000000000e-01 9.999999998350949104e-01
-5.000000000000000000e-01 9.999999999989664934e-01
-5.000000000000000000e-01 9.999999999989741539e-01
-5.000000000000000000e-01 9.999999999991360244e-01
-5.000000000000000000e-01 9.999999999991417976e-01
5.000000000000000000e-01 8.753593815085057194e-13
5.000000000000000000e-01 9.384696841683462696e-13
5.000000000000000000e-01 9.414210383476660902e-13
5.000000000000000000e-01 1.011057502303786163e-12
5.000000000000000000e-01 1.657765636136266522e-10
5.000000000000000000e-01 1.660025124277064516e-10
5.000000000000000000e-01 1.660366262193038365e-10
5.000000000000000000e-01 1.662620022533871950e-10
5.000000000000000000e-01 1.345009617567048792e-08
5.000000000000000000e-01 1.345495878970190625e-08
5.000000000000000000e-01 1.347785706474747218e-08
5.000000000000000000e-01 1.348273518008545701e-08
5.000000000000000000e-01 6.622389411401931669e-07
5.000000000000000000e-01 6.623277181191572692e-07
5.000000000000000000e-01 6.701561982071731276e-07
5.000000000000000000e-01 6.702458070833407296e-07
5.000000000000000000e-01 2.168091210444070117e-05
5.000000000000000000e-01 2.168130773705684677e-05
5.000000000000000000e-01 2.260535685632523927e-05
5.000000000000000000e-01 2.260579612720664097e-05
5.000000000000000000e-01 4.639245325976141220e-04
5.000000000000000000e-01 4.639259646237311129e-04
5.000000000000000000e-01 4.761925861262073672e-04
5.000000000000000000e-01 4.761937992163159297e-04
5.000000000000000000e-01 2.908261759723837318e-03
5.000000000000000000e-01 2.908265217389741347e-03
5.000000000000000000e-01 9.707785389703809178e-03
5.000000000000000000e-01 9.707793883411690306e-03
5.000000000000000000e-01 3.404213654406474387e-01
5.000000000000000000e-01 3.404214657865021754e-01
5.000000000000000000e-01 9.817103351910523301e-01
5.000000000000000000e-01 9.817103514223768368e-01
5.000000000000000000e-01 9.978375672969481691e-01
5.000000000000000000e-01 9.978375698933730220e-01
5.000000000000000000e-01 9.982187265973343493e-01
5.000000000000000000e-01 9.982187293160603714e-01
5.000000000000000000e-01 9.998227833776424101e-01
5.000000000000000000e-01 9.998227852870562593e-01
5.000000000000000000e-01 9.998524685193757033e-01
5.000000000000000000e-01 9.998524700837198020e-01
5.000000000000000000e-01 9.999927910361406935e-01
5.000000000000000000e-01 9.999927912549282372e-01
5.000000000000000000e-01 9.999930833110843853e-01
5.000000000000000000e-01 9.999930835247917704e-01
5.000000000000000000e-01 9.999997771915664080e-01
5.000000000000000000e-01 9.999997772951533248e-01
5.000000000000000000e-01 9.999997788495449402e-01
5.000000000000000000e-01 9.999997789520211899e-01
5.000000000000000000e-01 9.999999950817811678e-01
5.000000000000000000e-01 9.999999950846597541e-01
5.000000000000000000e-01 9.999999951003385457e-01
5.000000000000000000e-01 9.999999951032030321e-01
5.000000000000000000e-01 9.999999999319880706e-01
5.000000000000000000e-01 9.999999999327913169e-01
5.000000000000000000e-01 9.999999999329121092e-01
5.000000000000000000e-01 9.999999999336952605e-01
5.000000000000000000e-01 9.999999999995689004e-01
5.000000000000000000e-01 9.999999999995738964e-01
5.000000000000000000e-01 9.999999999995830002e-01
5.000000000000000000e-01 9.999999999995881073e-01
1.500000000000000000e+00 2.004731718067555056e-12
1.500000000000000000e+00 2.111083830080161351e-12
1.500000000000000000e+00 2.112387198902239287e-12
1.500000000000000000e+00 2.225110457358773066e-12
1.500000000000000000e+00 3.992525074169509059e-10
1.500000000000000000e+00 3.999279034901083064e-10
1.500000000000000000e+00 4.000440312664101661e-10
1.500000000000000000e+00 4.007234216849837844e-10
1.500000000000000000e+00 3.473214649654074884e-08
1.500000000000000000e+00 3.474275730471784038e-08
1.500000000000000000e+00 3.477592298782463439e-08
1.500000000000000000e+00 3.478661538974845180e-08
1.500000000000000000e+00 1.818033774952626735e-06
1.500000000000000000e+00 1.818063733109837361e-06
1.500000000000000000e+00 1.820502312337488312e-06
1.500000000000000000e+00 1.820533216027598004e-06
1.500000000000000000e+00 5.943855494433240584e-05
1.500000000000000000e+00 5.943952049975129598e-05
1.500000000000000000e+00 6.396621057673897897e-05
1.500000000000000000e+00 6.396725116272369523e-05
1.500000000000000000e+00 9.398208455459772671e-04
1.500000000000000000e+00 9.398214341265156329e-04
1.500000000000000000e+00 1.458806091995968127e-03
1.500000000000000000e+00 1.458807663229654255e-03
1.500000000000000000e+00 5.764556531944776095e-03
1.500000000000000000e+00 5.764561012185431994e-03
1.500000000000000000e+00 1.469233302979792988e-01
1.500000000000000000e+00 1.469236009004585564e-01
1.500000000000000000e+00 9.811789306848033299e-01
1.500000000000000000e+00 9.811789442819889295e-01
1.500000000000000000e+00 9.968309742828475040e-01
1.500000000000000000e+00 9.968309774752748265e-01
1.500000000000000000e+00 9.993745009985187666e-01
1.500000000000000000e+00 9.993745032896533820e-01
1.500000000000000000e+00 9.994550644420953089e-01
1.500000000000000000e+00 9.994550653775289284e-01
1.500000000000000000e+00 9.999724411110876288e-01
1.500000000000000000e+00 9.999724413274304613e-01
1.500000000000000000e+00 9.999732140600525732e-01
1.500000000000000000e+00 9.999732142507878896e-01
1.500000000000000000e+00 9.999992013405124558e-01
1.500000000000000000e+00 9.999992014584199174e-01
1.500000000000000000e+00 9.999992102668374683e-01
1.500000000000000000e+00 9.999992103831328860e-01
1.500000000000000000e+00 9.999999843763854868e-01
1.500000000000000000e+00 9.999999843834530555e-01
1.500000000000000000e+00 9.999999844201772348e-01
1.500000000000000000e+00 9.999999844272463578e-01
1.500000000000000000e+00 9.999999998111329669e-01
1.500000000000000000e+00 9.999999998118566102e-01
1.500000000000000000e+00 9.999999998125577161e-01
1.500000000000000000e+00 9.999999998132685919e-01
1.500000000000000000e+00 9.999999999989163113e-01
1.500000000000000000e+00 9.999999999989255262e-01
1.500000000000000000e+00 9.999999999989811483e-01
1.500000000000000000e+00 9.999999999989895860e-01
2.500000000000000000e+00 5.375690676343649563e-12
2.500000000000000000e+00 5.482071029348998270e-12
2.500000000000000000e+00 5.482892815718772096e-12
2.500000000000000000e+00 5.591755338825590990e-12
2.500000000000000000e+00 1.104046813997404888e-09
2.500000000000000000e+00 1.106185873983785054e-09
2.500000000000000000e+00 1.106372345600591006e-09
2.500000000000000000e+00 1.108518824066871666e-09
2.500000000000000000e+00 1.015303777192553282e-07
2.500000000000000000e+00 1.015512980762035470e-07
2.500000000000000000e+00 1.019336705968697589e-07
2.500000000000000000e+00 1.019547247756827102e-07
2.500000000000000000e+00 5.425619250488380920e-06
2.500000000000000000e+00 5.425644875964898885e-06
2.500000000000000000e+00 5.643379091120684094e-06
2.500000000000000000e+00 5.643403475497545508e-06
2.500000000000000000e+00 1.674700795937875283e-04
2.500000000000000000e+00 1.674705168748417223e-04
2.500000000000000000e+00 2.020849416017589915e-04
2.500000000000000000e+00 2.020854282986399221e-04
2.500000000000000000e+00 2.369264218158325004e-03
2.500000000000000000e+00 2.369268512186169674e-03
2.500000000000000000e+00 2.855137618765068476e-03
2.500000000000000000e+00 2.855143922967547966e-03
2.500000000000000000e+00 7.008922604438333481e-02
2.500000000000000000e+00 7.008924664916972580e-02
2.500000000000000000e+00 9.837356955486661336e-01
2.500000000000000000e+00 9.837357072388405177e-01
2.500000000000000000e+00 9.980337240313716940e-01
2.500000000000000000e+00 9.980337282873511517e-01
2.500000000000000000e+00 9.985767954815359948e-01
2.500000000000000000e+00 9.985767998406904766e-01
2.500000000000000000e+00 9.998929448011651955e-01
2.500000000000000000e+00 9.998929458297199924e-01
2.500000000000000000e+00 9.999078309196895997e-01
2.500000000000000000e+00 9.999078317636886926e-01
2.500000000000000000e+00 9.999971291181578570e-01
2.500000000000000000e+00 9.999971292210283469e-01
2.500000000000000000e+00 9.999971725033404146e-01
2.500000000000000000e+00 9.999971726010840056e-01
2.500000000000000000e+00 9.999999478161394340e-01
2.500000000000000000e+00 9.999999478197286740e-01
2.500000000000000000e+00 9.999999478211630821e-01
2.500000000000000000e+00 9.999999478247523221e-01
2.500000000000000000e+00 9.999999994231827394e-01
2.500000000000000000e+00 9.999999994240073020e-01
2.500000000000000000e+00 9.999999994245704071e-01
2.500000000000000000e+00 9.999999994254037405e-01
2.500000000000000000e+00 9.999999999969987341e-01
2.500000000000000000e+00 9.999999999970360376e-01
2.500000000000000000e+00 9.999999999971076470e-01
2.500000000000000000e+00 9.999999999971446174e-01
3.500000000000000000e+00 1.710124669929669309e-11
3.500000000000000000e+00 1.720636314149480010e-11
3.500000000000000000e+00 1.720792385189888988e-11
3.500000000000000000e+00 1.731317380630083466e-11
3.500000000000000000e+00 3.668065952444780775e-09
3.500000000000000000e+00 3.671208575387489597e-09
3.500000000000000000e+00 3.675484605256284489e-09
3.500000000000000000e+00 3.678638619572091694e-09
3.500000000000000000e+00 3.508182991536912542e-07
3.500000000000000000e+00 3.508421674854269153e-07
3.500000000000000000e+00 3.546475078108771064e-07
3.500000000000000000e+00 3.546720605655141295e-07
3.500000000000000000e+00 1.906738210210487904e-05
3.500000000000000000e+00 1.906753747879611163e-05
3.500000000000000000e+00 1.977791274280183171e-05
3.500000000000000000e+00 1.977808721511677397e-05
3.500000000000000000e+00 5.320821226265789409e-04
3.500000000000000000e+00 5.320836441649919989e-04
3.500000000000000000e+00 6.474721157342691298e-04
3.500000000000000000e+00 6.474733116686812867e-04
3.500000000000000000e+00 3.447662932543634970e-03
3.500000000000000000e+00 3.447664509648272393e-03
3.500000000000000000e+00 3.795370654961401080e-02
3.500000000000000000e+00 3.795370929755942369e-02
3.500000000000000000e+00 9.877870755796976932e-01
3.500000000000000000e+00 9.877870933062413705e-01
3.500000000000000000e+00 9.971316955283712202e-01
3.500000000000000000e+00 9.971317013878264746e-01
3.500000000000000000e+00 9.996260119400353084e-01
3.500000000000000000e+00 9.996260127712763843e-01
3.500000000000000000e+00 9.996396994656838730e-01
3.500000000000000000e+00 9.996397005943157277e-01
3.500000000000000000e+00 9.999883646544953653e-01
3.500000000000000000e+00 9.999883648001046677e-01
3.500000000000000000e+00 9.999889720618038158e-01
3.500000000000000000e+00 9.999889721906267681e-01
3.500000000000000000e+00 9.999997983157186132e-01
3.500000000000000000e+00 9.999997983444816052e-01
3.500000000000000000e+00 9.999998000228924599e-01
3.500000000000000000e+00 9.999998000516053809e-01
3.500000000000000000e+00 9.999999979150288043e-01
3.500000000000000000e+00 9.999999979180328458e-01
3.500000000000000000e+00 9.999999979183973320e-01
3.500000000000000000e+00 9.999999979214008183e-01
3.500000000000000000e+00 9.999999999899291669e-01
3.500000000000000000e+00 9.999999999899864545e-01
3.500000000000000000e+00 9.999999999903592673e-01
3.500000000000000000e+00 9.999999999904156667e-01
4.500000000000000000e+00 6.530554001801752131e-11
4.500000000000000000e+00 6.540254422985231835e-11
4.500000000000000000e+00 6.541022479618317933e-11
4.500000000000000000e+00 6.550756095851364433e-11
4.500000000000000000e+00 1.458975671160754808e-08
4.500000000000000000e+00 1.459313848615715216e-08
4.500000000000000000e+00 1.460700378247965876e-08
4.500000000000000000e+00 1.461041487839215448e-08
4.500000000000000000e+00 1.430992751568377323e-06
4.500000000000000000e+00 1.431044378590700218e-06
4.500000000000000000e+00 1.436808843342967185e-06
4.500000000000000000e+00 1.436861058080638532e-06
4.500000000000000000e+00 7.167062458685904936e-05
4.500000000000000000e+00 7.167115638410219978e-05
4.500000000000000000e+00 8.210955491742655363e-05
4.500000000000000000e+00 8.211010212820080546e-05
4.500000000000000000e+00 1.474959328477642301e-03
4.500000000000000000e+00 1.474962003629770547e-03
4.500000000000000000e+00 1.933565151232877503e-03
4.500000000000000000e+00 1.933567099229195141e-03
4.500000000000000000e+00 2.412924770429481641e-02
4.500000000000000000e+00 2.412927958323744793e-02
4.500000000000000000e+00 9.894860496442333675e-01
4.500000000000000000e+00 9.894860600441096610e-01
4.500000000000000000e+00 9.984027228552966315e-01
4.500000000000000000e+00 9.984027247290273577e-01
4.500000000000000000e+00 9.989738670679556565e-01
4.500000000000000000e+00 9.989738688570118930e-01
4.500000000000000000e+00 9.999488169890520251e-01
4.500000000000000000e+00 9.999488184518714462e-01
4.500000000000000000e+00 9.999522044869060267e-01
4.500000000000000000e+00 9.999522058741732167e-01
4.500000000000000000e+00 9.999991075449572442e-01
4.500000000000000000e+00 9.999991075970280363e-01
4.500000000000000000e+00 9.999991127613656605e-01
4.500000000000000000e+00 9.999991128139398278e-01
4.500000000000000000e+00 9.999999910884834753e-01
4.500000000000000000e+00 9.999999910909964651e-01
4.500000000000000000e+00 9.999999910991930197e-01
4.500000000000000000e+00 9.999999911017142251e-01
4.500000000000000000e+00 9.999999999597258826e-01
4.500000000000000000e+00 9.999999999601482115e-01
4.500000000000000000e+00 9.999999999604735068e-01
4.500000000000000000e+00 9.999999999608889523e-01
5.500000000000000000e+00 2.965898915575440591e-10
5.500000000000000000e+00 2.967598486927299334e-10
5.500000000000000000e+00 2.967646256094215865e-10
5.500000000000000000e+00 2.969349328159332370e-10
5.500000000000000000e+00 6.791760333947867112e-08
5.500000000000000000e+00 6.792179195986011865e-08
5.500000000000000000e+00 6.819281465115812090e-08
5.500000000000000000e+00 6.819702658086500660e-08
5.500000000000000000e+00 6.481253797138771208e-06
5.500000000000000000e+00 6.481371277179195109e-06
5.500000000000000000e+00 6.794159889566528431e-06
5.500000000000000000e+00 6.794283636573046419e-06
5.500000000000000000e+00 3.110320021121495797e-04
5.500000000000000000e+00 3.110328540112084709e-04
5.500000000000000000e+00 3.206514693749759289e-04
5.500000000000000000e+00 3.206523328800470326e-04
5.500000000000000000e+00 2.899617484575625018e-03
5.500000000000000000e+00 2.899618509002945335e-03
5.500000000000000000e+00 1.568345862490888587e-02
5.500000000000000000e+00 1.568346817528406406e-02
5.500000000000000000e+00 9.923452984244334196e-01
5.500000000000000000e+00 9.923453040524936597e-01
5.500000000000000000e+00 9.973640967704580085e-01
5.500000000000000000e+00 9.973640979646059002e-01
5.500000000000000000e+00 9.997598090248480673e-01
5.500000000000000000e+00 9.997598096737819739e-01
5.500000000000000000e+00 9.997912289688333232e-01
5.500000000000000000e+00 9.997912295105209068e-01
5.500000000000000000e+00 9.999954801211933253e-01
5.500000000000000000e+00 9.999954802658521658e-01
5.500000000000000000e+00 9.999956539304233338e-01
5.500000000000000000e+00 9.999956540684238337e-01
5.500000000000000000e+00 9.999999556936460809e-01
5.500000000000000000e+00 9.999999557182778220e-01
5.500000000000000000e+00 9.999999557615707468e-01
5.500000000000000000e+00 9.999999557861612987e-01
5.500000000000000000e+00 9.999999998088576758e-01
5.500000000000000000e+00 9.999999998094631914e-01
5.500000000000000000e+00 9.999999998099782239e-01
5.500000000000000000e+00 9.999999998105808530e-01
6.500000000000000000e+00 1.573979412700202313e-09
6.500000000000000000e+00 1.574604974049979815e-09
6.500000000000000000e+00 1.575948870880334053e-09
6.500000000000000000e+00 1.576577060809214541e-09
6.500000000000000000e+00 3.611228232774610641e-07
6.500000000000000000e+00 3.611580929857424274e-07
6.500000000000000000e+00 3.637897915917719321e-07
6.500000000000000000e+00 3.638245461650739213e-07
6.500000000000000000e+00 3.275062005857165662e-05
6.500000000000000000e+00 3.275082378320843987e-05
6.500000000000000000e+00 3.444654815938127105e-05
6.500000000000000000e+00 3.444676557418353097e-05
6.500000000000000000e+00 9.776386120727629907e-04
6.500000000000000000e+00 9.776403338995433203e-04
6.500000000000000000e+00 1.492881693767621632e-03
6.500000000000000000e+00 1.492883945749025072e-03
6.500000000000000000e+00 1.239823079046069136e-02
6.500000000000000000e+00 1.239823625739579910e-02
6.500000000000000000e+00 9.924790933515454938e-01
6.500000000000000000e+00 9.924790978109839790e-01
6.500000000000000000e+00 9.987906091258927921e-01
6.500000000000000000e+00 9.987906152712826557e-01
6.500000000000000000e+00 9.992274370263021233e-01
6.500000000000000000e+00 9.992274407680814541e-01
6.500000000000000000e+00 9.999759804870962387e-01
6.500000000000000000e+00 9.999759809003168076e-01
6.500000000000000000e+00 9.999761480382616252e-01
6.500000000000000000e+00 9.999761484493924213e-01
6.500000000000000000e+00 9.999997493542148730e-01
6.500000000000000000e+00 9.999997493748484789e-01
6.500000000000000000e+00 9.999997515892922184e-01
6.500000000000000000e+00 9.999997516102687722e-01
6.500000000000000000e+00 9.999999989358588914e-01
6.500000000000000000e+00 9.999999989378970389e-01
6.500000000000000000e+00 9.999999989383574484e-01
6.500000000000000000e+00 9.999999989403883793e-01
7.500000000000000000e+00 9.577015108409404488e-09
7.500000000000000000e+00 9.578919552776841290e-09
7.500000000000000000e+00 9.578970266905188341e-09
7.500000000000000000e+00 9.580881271913221378e-09
7.500000000000000000e+00 2.116337958138269885e-06
7.500000000000000000e+00 2.116392737259112027e-06
7.500000000000000000e+00 2.173204208339799783e-06
7.500000000000000000e+00 2.173261366453311968e-06
7.500000000000000000e+00 1.641586928243716267e-04
7.500000000000000000e+00 1.641588457375009154e-04
7.500000000000000000e+00 1.861401294923457775e-04
7.500000000000000000e+00 1.861405155274884046e-04
7.500000000000000000e+00 2.603851742188121633e-03
7.500000000000000000e+00 2.603853286164894455e-03
7.500000000000000000e+00 8.484103676466353203e-03
7.500000000000000000e+00 8.484109360860787527e-03
7.500000000000000000e+00 9.948025724451511342e-01
7.500000000000000000e+00 9.948025776950049082e-01
7.500000000000000000e+00 9.975611114988923722e-01
7.500000000000000000e+00 9.975611137649502691e-01
7.500000000000000000e+00 9.998553839451783665e-01
7.500000000000000000e+00 9.998553848371638519e-01
7.500000000000000000e+00 9.998774568604150703e-01
7.500000000000000000e+00 9.998774573998088222e-01
7.500000000000000000e+00 9.999984322342055920e-01
7.500000000000000000e+00 9.999984322479922305e-01
7.500000000000000000e+00 9.999984596228509437e-01
7.500000000000000000e+00 9.999984596359398070e-01
7.500000000000000000e+00 9.999999932388761170e-01
7.500000000000000000e+00 9.999999932404790570e-01
7.500000000000000000e+00 9.999999932406953285e-01
7.500000000000000000e+00 9.999999932423027094e-01
8.500000000000000000e+00 6.519579310237894050e-08
8.500000000000000000e+00 6.520215582617931066e-08
8.500000000000000000e+00 6.554799441680605738e-08
8.500000000000000000e+00 6.555440514855110896e-08
8.500000000000000000e+00 1.364527185105881214e-05
8.500000000000000000e+00 1.364537387785678890e-05
8.500000000000000000e+00 1.365028914509462660e-05
8.500000000000000000e+00 1.365039571943377661e-05
8.500000000000000000e+00 6.907225350344850913e-04
8.500000000000000000e+00 6.907230785584840115e-04
8.500000000000000000e+00 1.056040024049358919e-03
8.500000000000000000e+00 1.056040654797976101e-03
8.500000000000000000e+00 8.155054688295195267e-03
8.500000000000000000e+00 8.155067754837746347e-03
8.500000000000000000e+00 9.940037777291158561e-01
8.500000000000000000e+00 9.940037881019309074e-01
8.500000000000000000e+00 9.991493476768230630e-01
8.500000000000000000e+00 9.991493487148286334e-01
8.500000000000000000e+00 9.994202132377375536e-01
8.500000000000000000e+00 9.994202138143820635e-01
8.500000000000000000e+00 9.999895141105222818e-01
8.500000000000000000e+00 9.999895142929315917e-01
8.500000000000000000e+00 9.999897348131966401e-01
8.500000000000000000e+00 9.999897349833498650e-01
8.500000000000000000e+00 9.999999517532024429e-01
8.500000000000000000e+00 9.999999517626190215e-01
8.500000000000000000e+00 9.999999519833145945e-01
8.500000000000000000e+00 9.999999519926735525e-01
9.500000000000000000e+00 4.888455809910545355e-07
9.500000000000000000e+00 4.888702632424268751e-07
9.500000000000000000e+00 4.928545949491911671e-07
9.500000000000000000e+00 4.928793907051142324e-07
9.500000000000000000e+00 8.341020884288318882e-05
9.500000000000000000e+00 8.341049005150451908e-05
9.500000000000000000e+00 9.556852101752812947e-05
9.500000000000000000e+00 9.556878029007845809e-05
9.500000000000000000e+00 2.353016078914017557e-03
9.500000000000000000e+00 2.353016611143874965e-03
9.500000000000000000e+00 5.292953670203802592e-03
9.500000000000000000e+00 5.292956111317881698e-03
9.500000000000000000e+00 9.962667164334128023e-01
9.500000000000000000e+00 9.962667182760680529e-01
9.500000000000000000e+00 9.977659330895684020e-01
9.500000000000000000e+00 9.977659332750826726e-01
9.500000000000000000e+00 9.999234290759072552e-01
9.500000000000000000e+00 9.999234294269765400e-01
9.500000000000000000e+00 9.999336126372468936e-01
9.500000000000000000e+00 9.999336130133819056e-01
9.500000000000000000e+00 9.999996232656307438e-01
9.500000000000000000e+00 9.999996232808384677e-01
9.500000000000000000e+00 9.999996246459512683e-01
9.500000000000000000e+00 9.999996246610027839e-01
1.050000000000000000e+01 3.936438877165302304e-06
1.050000000000000000e+01 3.936474215746374603e-06
1.050000000000000000e+01 3.999931278886548498e-06
1.050000000000000000e+01 3.999967805649089634e-06
1.050000000000000000e+01 4.669317071699658882e-04
1.050000000000000000e+01 4.669319114441827876e-04
1.050000000000000000e+01 6.582216159072886699e-04
1.050000000000000000e+01 6.582221600695447239e-04
1.050000000000000000e+01 6.242990176682905630e-03
1.050000000000000000e+01 6.242990340382899295e-03
1.050000000000000000e+01 9.948586202987761418e-01
1.050000000000000000e+01 9.948586209198192476e-01
1.050000000000000000e+01 9.994619612014766785e-01
1.050000000000000000e+01 9.994619622821013794e-01
1.050000000000000000e+01 9.995946813616399806e-01
1.050000000000000000e+01 9.995946821543877370e-01
1.050000000000000000e+01 9.999968041854043754e-01
1.050000000000000000e+01 9.999968042082206798e-01
1.050000000000000000e+01 9.999968768772925509e-01
1.050000000000000000e+01 9.999968768998578339e-01
1.150000000000000000e+01 3.195848798001037775e-05
1.150000000000000000e+01 3.195856578876319964e-05
1.150000000000000000e+01 3.520076951011988554e-05
1.150000000000000000e+01 3.520085052755389873e-05
1.150000000000000000e+01 2.063971148811692084e-03
1.150000000000000000e+01 2.063971716877594561e-03
1.150000000000000000e+01 3.489633737168076812e-03
1.150000000000000000e+01 3.489634999090951168e-03
1.150000000000000000e+01 9.972881172065838351e-01
1.150000000000000000e+01 9.972881176031298534e-01
1.150000000000000000e+01 9.980267232498997165e-01
1.150000000000000000e+01 9.980267237615118026e-01
1.150000000000000000e+01 9.999709246604835400e-01
1.150000000000000000e+01 9.999709248357547819e-01
1.150000000000000000e+01 9.999734651338265667e-01
1.150000000000000000e+01 9.999734652965031056e-01
1.250000000000000000e+01 2.503348929034965352e-04
1.250000000000000000e+01 2.503350062693066556e-04
1.250000000000000000e+01 3.110174848685429605e-04
1.250000000000000000e+01 3.110178116703654345e-04
1.250000000000000000e+01 5.216606244165030576e-03
1.250000000000000000e+01 5.216610350717473289e-03
1.250000000000000000e+01 9.953960216906184710e-01
1.250000000000000000e+01 9.953960251402612647e-01
1.250000000000000000e+01 9.997379827577287381e-01
1.250000000000000000e+01 9.997379832846121639e-01
1.250000000000000000e+01 9.997782557244688784e-01
1.250000000000000000e+01 9.997782562244678095e-01
1.350000000000000000e+01 1.601411566944428971e-03
1.350000000000000000e+01 1.601412070962369202e-03
1.350000000000000000e+01 2.135689178527821509e-03
1.350000000000000000e+01 2.135689459468199242e-03
1.350000000000000000e+01 9.982090440552595645e-01
1.350000000000000000e+01 9.982090446061417932e-01
1.350000000000000000e+01 9.984650513483309675e-01
1.350000000000000000e+01 9.984650515679110994e-01
1.450000000000000000e+01 4.554376882049289248e-03
1.450000000000000000e+01 4.554377769326412549e-03
1.450000000000000000e+01 9.957791236562705262e-01
1.450000000000000000e+01 9.957791244788517515e-01
