-1.950000000000000000e+01 2.420030182184982042e-03
-1.950000000000000000e+01 2.420031751789648335e-03
-1.950000000000000000e+01 9.974564548725116664e-01
-1.950000000000000000e+01 9.974564565220213064e-01
-1.850000000000000000e+01 8.787956420503187588e-04
-1.850000000000000000e+01 8.787958174124339958e-04
-1.850000000000000000e+01 9.941171118937985711e-04
-1.850000000000000000e+01 9.941175401776553011e-04
-1.850000000000000000e+01 9.988860539847851383e-01
-1.850000000000000000e+01 9.988860542569462098e-01
-1.850000000000000000e+01 9.990966827258759286e-01
-1.850000000000000000e+01 9.990966829258068893e-01
-1.750000000000000000e+01 1.226465341256959744e-04
-1.750000000000000000e+01 1.226468342891104434e-04
-1.750000000000000000e+01 1.398162517421313905e-04
-1.750000000000000000e+01 1.398166094038941188e-04
-1.750000000000000000e+01 2.583399599366589892e-03
-1.750000000000000000e+01 2.583401545210391084e-03
-1.750000000000000000e+01 9.972090386559456787e-01
-1.750000000000000000e+01 9.972090407168415771e-01
-1.750000000000000000e+01 9.998435712331827929e-01
-1.750000000000000000e+01 9.998435718061807753e-01
-1.750000000000000000e+01 9.998674892244908685e-01
-1.750000000000000000e+01 9.998674897526864669e-01
-1.650000000000000000e+01 1.370214938567565400e-05
-1.650000000000000000e+01 1.370233632857732722e-05
-1.650000000000000000e+01 1.477856798485269638e-05
-1.650000000000000000e+01 1.477875991965956745e-05
-1.650000000000000000e+01 1.122837355168129509e-03
-1.650000000000000000e+01 1.122837706247728495e-03
-1.650000000000000000e+01 1.434895963876418618e-03
-1.650000000000000000e+01 1.434896396352606509e-03
-1.650000000000000000e+01 9.983224134333797961e-01
-1.650000000000000000e+01 9.983224146369523710e-01
-1.650000000000000000e+01 9.988450182523498366e-01
-1.650000000000000000e+01 9.988450188549650166e-01
-1.650000000000000000e+01 9.999832788930071992e-01
-1.650000000000000000e+01 9.999832789418771073e-01
-1.650000000000000000e+01 9.999846002521997068e-01
-1.650000000000000000e+01 9.999846002910827147e-01
-1.550000000000000000e+01 1.472848952152001988e-06
-1.550000000000000000e+01 1.472893275207505679e-06
-1.550000000000000000e+01 1.510020557716939142e-06
-1.550000000000000000e+01 1.510067074530539453e-06
-1.550000000000000000e+01 2.190325296745908085e-04
-1.550000000000000000e+01 2.190327928309591140e-04
-1.550000000000000000e+01 2.738375514858282776e-04
-1.550000000000000000e+01 2.738379431134377968e-04
-1.550000000000000000e+01 2.789593516109880461e-03
-1.550000000000000000e+01 2.789595549106515648e-03
-1.550000000000000000e+01 9.968848181871149405e-01
-1.550000000000000000e+01 9.968848200410735938e-01
-1.550000000000000000e+01 9.996872895243386070e-01
-1.550000000000000000e+01 9.996872899685885772e-01
-1.550000000000000000e+01 9.997612514214451185e-01
-1.550000000000000000e+01 9.997612516194362975e-01
-1.550000000000000000e+01 9.999982594556278137e-01
-1.550000000000000000e+01 9.999982594733083374e-01
-1.550000000000000000e+01 9.999982988198004019e-01
-1.550000000000000000e+01 9.999982988376425741e-01
-1.450000000000000000e+01 1.590210304156029439e-07
-1.450000000000000000e+01 1.590241956300548445e-07
-1.450000000000000000e+01 1.593539654082235229e-07
-1.450000000000000000e+01 1.593571796704782762e-07
-1.450000000000000000e+01 3.249686864859196875e-05
-1.450000000000000000e+01 3.249702786831237789e-05
-1.450000000000000000e+01 3.680759325116124452e-05
-1.450000000000000000e+01 3.680779731042928981e-05
-1.450000000000000000e+01 1.261839587621878950e-03
-1.450000000000000000e+01 1.261840361455533223e-03
-1.450000000000000000e+01 1.850942660000677760e-03
-1.450000000000000000e+01 1.850943861446581028e-03
-1.450000000000000000e+01 9.977307180647042584e-01
-1.450000000000000000e+01 9.977307192981224038e-01
-1.450000000000000000e+01 9.986987709602855867e-01
-1.450000000000000000e+01 9.986987715228247131e-01
-1.450000000000000000e+01 9.999576111438445158e-01
-1.450000000000000000e+01 9.999576113006983791e-01
-1.450000000000000000e+01 9.999627693014357943e-01
-1.450000000000000000e+01 9.999627694139028300e-01
-1.450000000000000000e+01 9.999998122738563699e-01
-1.450000000000000000e+01 9.999998122787052690e-01
-1.450000000000000000e+01 9.999998122942705958e-01
-1.450000000000000000e+01 9.999998122989873783e-01
-1.350000000000000000e+01 1.765536370998243555e-08
-1.350000000000000000e+01 1.766030942629945981e-08
-1.350000000000000000e+01 1.770351565684350628e-08
-1.350000000000000000e+01 1.770847694033296962e-08
-1.350000000000000000e+01 4.439125502384903585e-06
-1.350000000000000000e+01 4.439219090205619998e-06
-1.350000000000000000e+01 4.598843199214754638e-06
-1.350000000000000000e+01 4.598939485001434984e-06
-1.350000000000000000e+01 3.033108280690735375e-04
-1.350000000000000000e+01 3.033115150817678298e-04
-1.350000000000000000e+01 4.131506131337396755e-04
-1.350000000000000000e+01 4.131508198162044381e-04
-1.350000000000000000e+01 3.074419952938027209e-03
-1.350000000000000000e+01 3.074420689149268918e-03
-1.350000000000000000e+01 9.964035331783479554e-01
-1.350000000000000000e+01 9.964035344578104914e-01
-1.350000000000000000e+01 9.995213966235066971e-01
-1.350000000000000000e+01 9.995213978456565229e-01
-1.350000000000000000e+01 9.996651136686790506e-01
-1.350000000000000000e+01 9.996651149424991001e-01
-1.350000000000000000e+01 9.999945958804306034e-01
-1.350000000000000000e+01 9.999945959754947822e-01
-1.350000000000000000e+01 9.999947457709394971e-01
-1.350000000000000000e+01 9.999947458589554250e-01
-1.350000000000000000e+01 9.999999786612536745e-01
-1.350000000000000000e+01 9.999999786631235121e-01
-1.350000000000000000e+01 9.999999787253830430e-01
-1.350000000000000000e+01 9.999999787272424445e-01
-1.250000000000000000e+01 2.069139288323261154e-09
-1.250000000000000000e+01 2.070840947030020986e-09
-1.250000000000000000e+01 2.072453138116672846e-09
-1.250000000000000000e+01 2.074157349163755746e-09
-1.250000000000000000e+01 5.865404749008974487e-07
-1.250000000000000000e+01 5.865495611693700780e-07
-1.250000000000000000e+01 5.881615805016268953e-07
-1.250000000000000000e+01 5.881703232656464322e-07
-1.250000000000000000e+01 5.563045242656080908e-05
-1.250000000000000000e+01 5.563065294537192527e-05
-1.250000000000000000e+01 6.541490215117755434e-05
-1.250000000000000000e+01 6.541507725927612137e-05
-1.250000000000000000e+01 1.363226740251593247e-03
-1.250000000000000000e+01 1.363227471864639218e-03
-1.250000000000000000e+01 2.350195876539640152e-03
-1.250000000000000000e+01 2.350199413308927312e-03
-1.250000000000000000e+01 9.969417482703727407e-01
-1.250000000000000000e+01 9.969417500100065110e-01
-1.250000000000000000e+01 9.985883107990854990e-01
-1.250000000000000000e+01 9.985883119238464500e-01
-1.250000000000000000e+01 9.999233958795834543e-01
-1.250000000000000000e+01 9.999233961242973701e-01
-1.250000000000000000e+01 9.999346386738027226e-01
-1.250000000000000000e+01 9.999346389534461421e-01
-1.250000000000000000e+01 9.999992871546976581e-01
-1.250000000000000000e+01 9.999992871676566253e-01
-1.250000000000000000e+01 9.999992928282156468e-01
-1.250000000000000000e+01 9.999992928413780069e-01
-1.250000000000000000e+01 9.999999974467705943e-01
-1.250000000000000000e+01 9.999999974478595011e-01
-1.250000000000000000e+01 9.999999974484783394e-01
-1.250000000000000000e+01 9.999999974495681343e-01
-1.150000000000000000e+01 2.581923495511834207e-10
-1.150000000000000000e+01 2.588948317536121261e-10
-1.150000000000000000e+01 2.588951363133652153e-10
-1.150000000000000000e+01 2.595999755032074729e-10
-1.150000000000000000e+01 7.817099273422422890e-08
-1.150000000000000000e+01 7.817604732558670298e-08
-1.150000000000000000e+01 7.870530968730929260e-08
-1.150000000000000000e+01 7.871038671799144028e-08
-1.150000000000000000e+01 9.227965500387411900e-06
-1.150000000000000000e+01 9.228057563018691591e-06
-1.150000000000000000e+01 9.543516530699761672e-06
-1.150000000000000000e+01 9.543614355560786706e-06
-1.150000000000000000e+01 3.848419243138877688e-04
-1.150000000000000000e+01 3.848421218651246938e-04
-1.150000000000000000e+01 5.648486592112102059e-04
-1.150000000000000000e+01 5.648495037024120003e-04
-1.150000000000000000e+01 3.499108421997634225e-03
-1.150000000000000000e+01 3.499109627037122992e-03
-1.150000000000000000e+01 9.956149618505776289e-01
-1.150000000000000000e+01 9.956149648840336708e-01
-1.150000000000000000e+01 9.993414696738462943e-01
-1.150000000000000000e+01 9.993414709744863345e-01
-1.150000000000000000e+01 9.995670544687784709e-01
-1.150000000000000000e+01 9.995670551022768358e-01
-1.150000000000000000e+01 9.999885371013825797e-01
-1.150000000000000000e+01 9.999885372916033077e-01
-1.150000000000000000e+01 9.999887318465290331e-01
-1.150000000000000000e+01 9.999887320420521863e-01
-1.150000000000000000e+01 9.999999023918114682e-01
-1.150000000000000000e+01 9.999999024087852240e-01
-1.150000000000000000e+01 9.999999031755466561e-01
-1.150000000000000000e+01 9.999999031924788895e-01
-1.150000000000000000e+01 9.999999996731044893e-01
-1.150000000000000000e+01 9.999999996735436936e-01
-1.150000000000000000e+01 9.999999996739219466e-01
-1.150000000000000000e+01 9.999999996743599295e-01
-1.050000000000000000e+01 3.470102635138014432e-11
-1.050000000000000000e+01 3.487650561223160279e-11
-1.050000000000000000e+01 3.488221587827788454e-11
-1.050000000000000000e+01 3.505856766172190374e-11
-1.050000000000000000e+01 1.097108963366617305e-08
-1.050000000000000000e+01 1.097523170718938909e-08
-1.050000000000000000e+01 1.099576878330856933e-08
-1.050000000000000000e+01 1.099991410372816090e-08
-1.050000000000000000e+01 1.430470918264745725e-06
-1.050000000000000000e+01 1.430479130680209811e-06
-1.050000000000000000e+01 1.451813321169868386e-06
-1.050000000000000000e+01 1.451821450700211120e-06
-1.050000000000000000e+01 8.478795979129301905e-05
-1.050000000000000000e+01 8.478827435729925101e-05
-1.050000000000000000e+01 1.017186622879408156e-04
-1.050000000000000000e+01 1.017190516297458545e-04
-1.050000000000000000e+01 1.449227586744216778e-03
-1.050000000000000000e+01 1.449228088144471427e-03
-1.050000000000000000e+01 3.034946152445977888e-03
-1.050000000000000000e+01 3.034948594447082690e-03
-1.050000000000000000e+01 9.957215495562536933e-01
-1.050000000000000000e+01 9.957215504390503069e-01
-1.050000000000000000e+01 9.984888937634467387e-01
-1.050000000000000000e+01 9.984888947554250160e-01
-1.050000000000000000e+01 9.998789209733881522e-01
-1.050000000000000000e+01 9.998789217789499917e-01
-1.050000000000000000e+01 9.998968340058629334e-01
-1.050000000000000000e+01 9.998968346192343981e-01
-1.050000000000000000e+01 9.999981816006864310e-01
-1.050000000000000000e+01 9.999981816811710500e-01
-1.050000000000000000e+01 9.999982240722734561e-01
-1.050000000000000000e+01 9.999982241507351377e-01
-1.050000000000000000e+01 9.999999860121367989e-01
-1.050000000000000000e+01 9.999999860147688047e-01
-1.050000000000000000e+01 9.999999860424806375e-01
-1.050000000000000000e+01 9.999999860451148637e-01
-1.050000000000000000e+01 9.999999999546922425e-01
-1.050000000000000000e+01 9.999999999549081808e-01
-1.050000000000000000e+01 9.999999999550502894e-01
-1.050000000000000000e+01 9.999999999552673380e-01
-9.500000000000000000e+00 5.027375232516404839e-12
-9.500000000000000000e+00 5.121319520397325502e-12
-9.500000000000000000e+00 5.121480653350584005e-12
-9.500000000000000000e+00 5.217224592265132327e-12
-9.500000000000000000e+00 1.639602426362224558e-09
-9.500000000000000000e+00 1.639980561036315208e-09
-9.500000000000000000e+00 1.640243302939656310e-09
-9.500000000000000000e+00 1.640619064730290253e-09
-9.500000000000000000e+00 2.256264682934426417e-07
-9.500000000000000000e+00 2.256364102414807830e-07
-9.500000000000000000e+00 2.283715506354866645e-07
-9.500000000000000000e+00 2.283814997034337268e-07
-9.500000000000000000e+00 1.673458778719866025e-05
-9.500000000000000000e+00 1.673480628673429412e-05
-9.500000000000000000e+00 1.698424260277802444e-05
-9.500000000000000000e+00 1.698447403899867622e-05
-9.500000000000000000e+00 4.721198560627435444e-04
-9.500000000000000000e+00 4.721201287719937459e-04
-9.500000000000000000e+00 7.308820796111403523e-04
-9.500000000000000000e+00 7.308828638118808297e-04
-9.500000000000000000e+00 4.182198263981784167e-03
-9.500000000000000000e+00 4.182200635999510502e-03
-9.500000000000000000e+00 9.941875991908888377e-01
-9.500000000000000000e+00 9.941876023988506228e-01
-9.500000000000000000e+00 9.991507442474201195e-01
-9.500000000000000000e+00 9.991507458979799194e-01
-9.500000000000000000e+00 9.994530899997945417e-01
-9.500000000000000000e+00 9.994530902037932485e-01
-9.500000000000000000e+00 9.999787068068816120e-01
-9.500000000000000000e+00 9.999787068290925118e-01
-9.500000000000000000e+00 9.999790392994838406e-01
-9.500000000000000000e+00 9.999790393360815655e-01
-9.500000000000000000e+00 9.999997064730780094e-01
-9.500000000000000000e+00 9.999997064807614189e-01
-9.500000000000000000e+00 9.999997101504948249e-01
-9.500000000000000000e+00 9.999997101580322401e-01
-9.500000000000000000e+00 9.999999978532653211e-01
-9.500000000000000000e+00 9.999999978542564172e-01
-9.500000000000000000e+00 9.999999978577245319e-01
-9.500000000000000000e+00 9.999999978587126304e-01
-9.500000000000000000e+00 9.999999999931609151e-01
-9.500000000000000000e+00 9.999999999932103201e-01
-9.500000000000000000e+00 9.999999999932285277e-01
-9.500000000000000000e+00 9.999999999932772665e-01
-8.500000000000000000e+00 7.789054993520544289e-13
-8.500000000000000000e+00 8.291059885714882795e-13
-8.500000000000000000e+00 8.296147887944477645e-13
-8.500000000000000000e+00 8.845896803609411763e-13
-8.500000000000000000e+00 2.646938438767584268e-10
-8.500000000000000000e+00 2.649827714183245994e-10
-8.500000000000000000e+00 2.650838133440700422e-10
-8.500000000000000000e+00 2.653734583787558724e-10
-8.500000000000000000e+00 3.761439355068268613e-08
-8.500000000000000000e+00 3.762109411397936731e-08
-8.500000000000000000e+00 3.764306719548947997e-08
-8.500000000000000000e+00 3.764977222760971372e-08
-8.500000000000000000e+00 2.969074053212207887e-06
-8.500000000000000000e+00 2.969127326487397475e-06
-8.500000000000000000e+00 3.071451157141628891e-06
-8.500000000000000000e+00 3.071504437972058448e-06
-8.500000000000000000e+00 1.241904671288502650e-04
-8.500000000000000000e+00 1.241908567501055272e-04
-8.500000000000000000e+00 1.478538938741765906e-04
-8.500000000000000000e+00 1.478543338469542293e-04
-8.500000000000000000e+00 1.532145446588315321e-03
-8.500000000000000000e+00 1.532146651426116463e-03
-8.500000000000000000e+00 4.077374624447200474e-03
-8.500000000000000000e+00 4.077377619246931595e-03
-8.500000000000000000e+00 9.935564109819962075e-01
-8.500000000000000000e+00 9.935564127553158098e-01
-8.500000000000000000e+00 9.983827637995994486e-01
-8.500000000000000000e+00 9.983827668531062294e-01
-8.500000000000000000e+00 9.998209319711679477e-01
-8.500000000000000000e+00 9.998209324679587784e-01
-8.500000000000000000e+00 9.998408840337585923e-01
-8.500000000000000000e+00 9.998408845191301131e-01
-8.500000000000000000e+00 9.999959866732054392e-01
-8.500000000000000000e+00 9.999959867373171551e-01
-8.500000000000000000e+00 9.999961634879932504e-01
-8.500000000000000000e+00 9.999961635506404711e-01
-8.500000000000000000e+00 9.999999500513248041e-01
-8.500000000000000000e+00 9.999999500602382296e-01
-8.500000000000000000e+00 9.999999500745175851e-01
-8.500000000000000000e+00 9.999999500834099164e-01
-8.500000000000000000e+00 9.999999996418997839e-01
-8.500000000000000000e+00 9.999999996429387306e-01
-8.500000000000000000e+00 9.999999996434062455e-01
-8.500000000000000000e+00 9.999999996444379757e-01
-8.500000000000000000e+00 9.999999999988015142e-01
-8.500000000000000000e+00 9.999999999988683497e-01
-8.500000000000000000e+00 9.999999999988767874e-01
-8.500000000000000000e+00 9.999999999989411803e-01
-7.500000000000000000e+00 1.439669218967775407e-13
-7.500000000000000000e+00 1.497010390026750127e-13
-7.500000000000000000e+00 1.499021423575364282e-13
-7.500000000000000000e+00 1.575230808054901134e-13
-7.500000000000000000e+00 4.675409375542041085e-11
-7.500000000000000000e+00 4.706560385713140104e-11
-7.500000000000000000e+00 4.706835267710817824e-11
-7.500000000000000000e+00 4.738235842555489194e-11
-7.500000000000000000e+00 6.693349534441238615e-09
-7.500000000000000000e+00 6.697305504026833631e-09
-7.500000000000000000e+00 6.708277573365946857e-09
-7.500000000000000000e+00 6.712239303169218604e-09
-7.500000000000000000e+00 5.542031800345168249e-07
-7.500000000000000000e+00 5.542292543051596608e-07
-7.500000000000000000e+00 5.624565940344879009e-07
-7.500000000000000000e+00 5.624832271094746123e-07
-7.500000000000000000e+00 2.819456249154412444e-05
-7.500000000000000000e+00 2.819483435675891307e-05
-7.500000000000000000e+00 2.894933919883904379e-05
-7.500000000000000000e+00 2.894962391061631335e-05
-7.500000000000000000e+00 5.770679743897904343e-04
-7.500000000000000000e+00 5.770681593760966554e-04
-7.500000000000000000e+00 9.071500528392546867e-04
-7.500000000000000000e+00 9.071511707112862822e-04
-7.500000000000000000e+00 5.368532588280054522e-03
-7.500000000000000000e+00 5.368538845050683898e-03
-7.500000000000000000e+00 9.912823943392998771e-01
-7.500000000000000000e+00 9.912824032836288213e-01
-7.500000000000000000e+00 9.989581540047058894e-01
-7.500000000000000000e+00 9.989581546515247101e-01
-7.500000000000000000e+00 9.992969157690667625e-01
-7.500000000000000000e+00 9.992969162922704651e-01
-7.500000000000000000e+00 9.999610395041884647e-01
-7.500000000000000000e+00 9.999610398200229344e-01
-7.500000000000000000e+00 9.999638663771855951e-01
-7.500000000000000000e+00 9.999638666421788447e-01
-7.500000000000000000e+00 9.999992416262628581e-01
-7.500000000000000000e+00 9.999992416381457971e-01
-7.500000000000000000e+00 9.999992504897400325e-01
-7.500000000000000000e+00 9.999992505018439060e-01
-7.500000000000000000e+00 9.999999907787133768e-01
-7.500000000000000000e+00 9.999999907831909063e-01
-7.500000000000000000e+00 9.999999907958997403e-01
-7.500000000000000000e+00 9.999999908003847082e-01
-7.500000000000000000e+00 9.999999999342322754e-01
-7.500000000000000000e+00 9.999999999344127977e-01
-7.500000000000000000e+00 9.999999999347328750e-01
-7.500000000000000000e+00 9.999999999349128421e-01
-7.500000000000000000e+00 9.999999999997637445e-01
-7.500000000000000000e+00 9.999999999997851718e-01
-7.500000000000000000e+00 9.999999999997929434e-01
-7.500000000000000000e+00 9.999999999998111511e-01
-6.500000000000000000e+00 2.462204130218029026e-14
-6.500000000000000000e+00 3.035460505755194267e-14
-6.500000000000000000e+00 3.066196699629131688e-14
-6.500000000000000000e+00 3.856128554527187608e-14
-6.500000000000000000e+00 9.102940480502817264e-12
-6.500000000000000000e+00 9.331608623238532287e-12
-6.500000000000000000e+00 9.332742419000249658e-12
-6.500000000000000000e+00 9.567520761407640597e-12
-6.500000000000000000e+00 1.306187024363554723e-09
-6.500000000000000000e+00 1.307703672119432310e-09
-6.500000000000000000e+00 1.307880717365917928e-09
-6.500000000000000000e+00 1.309399112817525658e-09
-6.500000000000000000e+00 1.096771988687663306e-07
-6.500000000000000000e+00 1.096902987248664512e-07
-6.500000000000000000e+00 1.101017825860281542e-07
-6.500000000000000000e+00 1.101148246069839958e-07
-6.500000000000000000e+00 5.803887348307670194e-06
-6.500000000000000000e+00 5.804055307193174992e-06
-6.500000000000000000e+00 6.136728929693009594e-06
-6.500000000000000000e+00 6.136907401736158573e-06
-6.500000000000000000e+00 1.831561043099080074e-04
-6.500000000000000000e+00 1.831566785438510096e-04
-6.500000000000000000e+00 2.071494704739078297e-04
-6.500000000000000000e+00 2.071500631565021029e-04
-6.500000000000000000e+00 1.624010713870868402e-03
-6.500000000000000000e+00 1.624011489299194552e-03
-6.500000000000000000e+00 5.830640698323584503e-03
-6.500000000000000000e+00 5.830645691514611817e-03
-6.500000000000000000e+00 9.890235830692682972e-01
-6.500000000000000000e+00 9.890236004399725056e-01
-6.500000000000000000e+00 9.982417262137638359e-01
-6.500000000000000000e+00 9.982417277822123181e-01
-6.500000000000000000e+00 9.997434445887548593e-01
-6.500000000000000000e+00 9.997434463339580635e-01
-6.500000000000000000e+00 9.997455130436745385e-01
-6.500000000000000000e+00 9.997455146317034691e-01
-6.500000000000000000e+00 9.999915150768968752e-01
-6.500000000000000000e+00 9.999915152413806352e-01
-6.500000000000000000e+00 9.999920319630201115e-01
-6.500000000000000000e+00 9.999920321142149460e-01
-6.500000000000000000e+00 9.999998445698994320e-01
-6.500000000000000000e+00 9.999998445860982521e-01
-6.500000000000000000e+00 9.999998457072871716e-01
-6.500000000000000000e+00 9.999998457234504645e-01
-6.500000000000000000e+00 9.999999981299234619e-01
-6.500000000000000000e+00 9.999999981318757891e-01
-6.500000000000000000e+00 9.999999981322902354e-01
-6.500000000000000000e+00 9.999999981342373445e-01
-6.500000000000000000e+00 9.999999999864493949e-01
-6.500000000000000000e+00 9.999999999865064604e-01
-6.500000000000000000e+00 9.999999999866292510e-01
-6.500000000000000000e+00 9.999999999866791001e-01
-6.500000000000000000e+00 9.999999999999473754e-01
-6.500000000000000000e+00 9.999999999999498179e-01
-6.500000000000000000e+00 9.999999999999595879e-01
-6.500000000000000000e+00 9.999999999999611422e-01
-5.500000000000000000e+00 4.454124430822884355e-15
-5.500000000000000000e+00 7.104018794211124929e-15
-5.500000000000000000e+00 7.450948692332966544e-15
-5.500000000000000000e+00 1.128278921357036534e-14
-5.500000000000000000e+00 1.998421919636521106e-12
-5.500000000000000000e+00 2.100062855822339215e-12
-5.500000000000000000e+00 2.100646263495779453e-12
-5.500000000000000000e+00 2.213891650347178481e-12
-5.500000000000000000e+00 2.835329196851445383e-10
-5.500000000000000000e+00 2.849734133636371002e-10
-5.500000000000000000e+00 2.850150097079667961e-10
-5.500000000000000000e+00 2.864703881192945775e-10
-5.500000000000000000e+00 2.356035496773549054e-08
-5.500000000000000000e+00 2.357137269420625274e-08
-5.500000000000000000e+00 2.364186569614631715e-08
-5.500000000000000000e+00 2.365291828806985415e-08
-5.500000000000000000e+00 1.299211175089242305e-06
-5.500000000000000000e+00 1.299240817585314303e-06
-5.500000000000000000e+00 1.309853201557286598e-06
-5.500000000000000000e+00 1.309883335805401650e-06
-5.500000000000000000e+00 4.582541979247780012e-05
-5.500000000000000000e+00 4.582580221983215796e-05
-5.500000000000000000e+00 5.027147138793445797e-05
-5.500000000000000000e+00 5.027189674614128553e-05
-5.500000000000000000e+00 7.230784207336142261e-04
-5.500000000000000000e+00 7.230787832782588137e-04
-5.500000000000000000e+00 1.084626362017017918e-03
-5.500000000000000000e+00 1.084627336119239980e-03
-5.500000000000000000e+00 7.591094857039398271e-03
-5.500000000000000000e+00 7.591098394384734188e-03
-5.500000000000000000e+00 9.842925556025465816e-01
-5.500000000000000000e+00 9.842925690500660130e-01
-5.500000000000000000e+00 9.987708211618634424e-01
-5.500000000000000000e+00 9.987708225476654711e-01
-5.500000000000000000e+00 9.990266764826469803e-01
-5.500000000000000000e+00 9.990266774283910189e-01
-5.500000000000000000e+00 9.999269534468434584e-01
-5.500000000000000000e+00 9.999269537261080698e-01
-5.500000000000000000e+00 9.999375204778141457e-01
-5.500000000000000000e+00 9.999375207379224140e-01
-5.500000000000000000e+00 9.999980992623819231e-01
-5.500000000000000000e+00 9.999980994080722718e-01
-5.500000000000000000e+00 9.999981070582961706e-01
-5.500000000000000000e+00 9.999981072003583105e-01
-5.500000000000000000e+00 9.999999650444565402e-01
-5.500000000000000000e+00 9.999999650516825378e-01
-5.500000000000000000e+00 9.999999651413161716e-01
-5.500000000000000000e+00 9.999999651485202978e-01
-5.500000000000000000e+00 9.999999995742511194e-01
-5.500000000000000000e+00 9.999999995749560000e-01
-5.500000000000000000e+00 9.999999995750397108e-01
-5.500000000000000000e+00 9.999999995757199445e-01
-5.500000000000000000e+00 9.999999999967726927e-01
-5.500000000000000000e+00 9.999999999968514075e-01
-5.500000000000000000e+00 9.999999999968653963e-01
-5.500000000000000000e+00 9.999999999969392261e-01
-5.500000000000000000e+00 9.999999999999856781e-01
-5.500000000000000000e+00 9.999999999999862332e-01
-5.500000000000000000e+00 9.999999999999905631e-01
-5.500000000000000000e+00 9.999999999999912292e-01
-4.500000000000000000e+00 8.876493953612869033e-16
-4.500000000000000000e+00 2.100349129930884011e-15
-4.500000000000000000e+00 2.867394174811089778e-15
-4.500000000000000000e+00 5.202856827739726625e-15
-4.500000000000000000e+00 5.081417965288626992e-13
-4.500000000000000000e+00 5.455512680369791555e-13
-4.500000000000000000e+00 5.477177463933262514e-13
-4.500000000000000000e+00 5.883479526467851401e-13
-4.500000000000000000e+00 7.006699467788750776e-11
-4.500000000000000000e+00 7.073134085946612678e-11
-4.500000000000000000e+00 7.073605685451616987e-11
-4.500000000000000000e+00 7.141792569930166443e-11
-4.500000000000000000e+00 5.660877827056647826e-09
-4.500000000000000000e+00 5.663003194390293703e-09
-4.500000000000000000e+00 5.666538385512856839e-09
-4.500000000000000000e+00 5.668661535076096542e-09
-4.500000000000000000e+00 3.073817941180433450e-07
-4.500000000000000000e+00 3.074095474452114448e-07
-4.500000000000000000e+00 3.112522503467104314e-07
-4.500000000000000000e+00 3.112806563676034212e-07
-4.500000000000000000e+00 1.142414296778602638e-05
-4.500000000000000000e+00 1.142427065299787500e-05
-4.500000000000000000e+00 1.220906644344167692e-05
-4.500000000000000000e+00 1.220921072358864806e-05
-4.500000000000000000e+00 2.832805860498534604e-04
-4.500000000000000000e+00 2.832813152721995421e-04
-4.500000000000000000e+00 2.850874214852964291e-04
-4.500000000000000000e+00 2.850884788575107375e-04
-4.500000000000000000e+00 1.745612093628025373e-03
-4.500000000000000000e+00 1.745613636267165716e-03
-4.500000000000000000e+00 9.072714215153276224e-03
-4.500000000000000000e+00 9.072723456862040806e-03
-4.500000000000000000e+00 9.770059595310573997e-01
-4.500000000000000000e+00 9.770059762201426246e-01
-4.500000000000000000e+00 9.979750375272138374e-01
-4.500000000000000000e+00 9.979750378374072639e-01
-4.500000000000000000e+00 9.995518445941724561e-01
-4.500000000000000000e+00 9.995518453187911545e-01
-4.500000000000000000e+00 9.996322315420234084e-01
-4.500000000000000000e+00 9.996322321508682718e-01
-4.500000000000000000e+00 9.999817099146302013e-01
-4.500000000000000000e+00 9.999817103382137029e-01
-4.500000000000000000e+00 9.999825950168607092e-01
-4.500000000000000000e+00 9.999825954249206283e-01
-4.500000000000000000e+00 9.999995175496684263e-01
-4.500000000000000000e+00 9.999995175608229481e-01
-4.500000000000000000e+00 9.999995251976139254e-01
-4.500000000000000000e+00 9.999995252082286568e-01
-4.500000000000000000e+00 9.999999911362061900e-01
-4.500000000000000000e+00 9.999999911448012035e-01
-4.500000000000000000e+00 9.999999911522218232e-01
-4.500000000000000000e+00 9.999999911607964087e-01
-4.500000000000000000e+00 9.999999998882573848e-01
-4.500000000000000000e+00 9.999999998887639796e-01
-4.500000000000000000e+00 9.999999998898143616e-01
-4.500000000000000000e+00 9.999999998903161824e-01
-4.500000000000000000e+00 9.999999999991052713e-01
-4.500000000000000000e+00 9.999999999991423527e-01
-4.500000000000000000e+00 9.999999999991485700e-01
-4.500000000000000000e+00 9.999999999991874278e-01
-4.500000000000000000e+00 9.999999999999898970e-01
-4.500000000000000000e+00 9.999999999999944489e-01
-4.500000000000000000e+00 9.999999999999962252e-01
-4.500000000000000000e+00 9.999999999999985567e-01
-3.500000000000000000e+00 -3.449394674474708739e-16
-3.500000000000000000e+00 1.100124932463661335e-16
-3.500000000000000000e+00 6.351609967492537659e-16
-3.500000000000000000e+00 2.076353520328533414e-15
-3.500000000000000000e+00 1.563787697744898531e-13
-3.500000000000000000e+00 1.660744202941787323e-13
-3.500000000000000000e+00 1.665634905505100177e-13
-3.500000000000000000e+00 1.783927140388526378e-13
-3.500000000000000000e+00 2.025381028680934203e-11
-3.500000000000000000e+00 2.034862258698348514e-11
-3.500000000000000000e+00 2.038015490961309297e-11
-3.500000000000000000e+00 2.047813105771023319e-11
-3.500000000000000000e+00 1.551132730811693269e-09
-3.500000000000000000e+00 1.551704368601514023e-09
-3.500000000000000000e+00 1.551834799331849292e-09
-3.500000000000000000e+00 1.552402316976711038e-09
-3.500000000000000000e+00 8.171225934770964262e-08
-3.500000000000000000e+00 8.172265166850894931e-08
-3.500000000000000000e+00 8.179717061753697605e-08
-3.500000000000000000e+00 8.180762169309724453e-08
-3.500000000000000000e+00 3.076392686031661069e-06
-3.500000000000000000e+00 3.076496679399786445e-06
-3.500000000000000000e+00 3.128311909699010633e-06
-3.500000000000000000e+00 3.128422681794539340e-06
-3.500000000000000000e+00 7.594246862116517361e-05
-3.500000000000000000e+00 7.594324445896342209e-05
-3.500000000000000000e+00 9.004409418784147987e-05
-3.500000000000000000e+00 9.004504096399088941e-05
-3.500000000000000000e+00 9.659888150640308976e-04
-3.500000000000000000e+00 9.659905535301233342e-04
-3.500000000000000000e+00 1.253836714604440869e-03
-3.500000000000000000e+00 1.253837569704470932e-03
-3.500000000000000000e+00 1.196313026243238029e-02
-3.500000000000000000e+00 1.196314002437677028e-02
-3.500000000000000000e+00 9.621404830964996879e-01
-3.500000000000000000e+00 9.621405075003565122e-01
-3.500000000000000000e+00 9.983574630541385275e-01
-3.500000000000000000e+00 9.983574656392060209e-01
-3.500000000000000000e+00 9.985822198727715149e-01
-3.500000000000000000e+00 9.985822206254258981e-01
-3.500000000000000000e+00 9.998556240076301727e-01
-3.500000000000000000e+00 9.998556249909357208e-01
-3.500000000000000000e+00 9.998825358015163145e-01
-3.500000000000000000e+00 9.998825367101944472e-01
-3.500000000000000000e+00 9.999947850015424855e-01
-3.500000000000000000e+00 9.999947851514443542e-01
-3.500000000000000000e+00 9.999950007743664271e-01
-3.500000000000000000e+00 9.999950009266419526e-01
-3.500000000000000000e+00 9.999998635485694010e-01
-3.500000000000000000e+00 9.999998635807060277e-01
-3.500000000000000000e+00 9.999998639630165442e-01
-3.500000000000000000e+00 9.999998639950877788e-01
-3.500000000000000000e+00 9.999999974095546973e-01
-3.500000000000000000e+00 9.999999974140665326e-01
-3.500000000000000000e+00 9.999999974152629090e-01
-3.500000000000000000e+00 9.999999974197618657e-01
-3.500000000000000000e+00 9.999999999661027816e-01
-3.500000000000000000e+00 9.999999999662483319e-01
-3.500000000000000000e+00 9.999999999664433981e-01
-3.500000000000000000e+00 9.999999999665872830e-01
-3.500000000000000000e+00 9.999999999997121192e-01
-3.500000000000000000e+00 9.999999999997182254e-01
-3.500000000000000000e+00 9.999999999997348787e-01
-3.500000000000000000e+00 9.999999999997412070e-01
-3.500000000000000000e+00 9.999999999999940048e-01
-3.500000000000000000e+00 9.999999999999957812e-01
-3.500000000000000000e+00 9.999999999999977796e-01
-3.500000000000000000e+00 9.999999999999991118e-01
-2.500000000000000000e+00 -4.343164757991300191e-16
-2.500000000000000000e+00 -1.113375291579375282e-16
-2.500000000000000000e+00 4.400376709012044334e-16
-2.500000000000000000e+00 4.505261146767277943e-15
-2.500000000000000000e+00 4.918050532228046648e-14
-2.500000000000000000e+00 5.956851110352759535e-14
-2.500000000000000000e+00 6.407706112666394564e-14
-2.500000000000000000e+00 8.647929841247393681e-14
-2.500000000000000000e+00 6.800684642261573824e-12
-2.500000000000000000e+00 6.847380565656522603e-12
-2.500000000000000000e+00 6.937020036620834521e-12
-2.500000000000000000e+00 6.987054398645440771e-12
-2.500000000000000000e+00 4.914816130527951250e-10
-2.500000000000000000e+00 4.924904183769300163e-10
-2.500000000000000000e+00 4.936718800015440483e-10
-2.500000000000000000e+00 4.946799483106001036e-10
-2.500000000000000000e+00 2.451700412717951058e-08
-2.500000000000000000e+00 2.453775657796483783e-08
-2.500000000000000000e+00 2.461512151534299904e-08
-2.500000000000000000e+00 2.463597370248421158e-08
-2.500000000000000000e+00 8.906562795235723574e-07
-2.500000000000000000e+00 8.906637391450644178e-07
-2.500000000000000000e+00 9.058108475154176804e-07
-2.500000000000000000e+00 9.058185333970053678e-07
-2.500000000000000000e+00 2.376256759228744772e-05
-2.500000000000000000e+00 2.376280399696089645e-05
-2.500000000000000000e+00 2.463152769761843948e-05
-2.500000000000000000e+00 2.463174329721368422e-05
-2.500000000000000000e+00 3.900059258118770489e-04
-2.500000000000000000e+00 3.900063535252250237e-04
-2.500000000000000000e+00 4.683665343844901170e-04
-2.500000000000000000e+00 4.683671412154999836e-04
-2.500000000000000000e+00 1.945706686142723973e-03
-2.500000000000000000e+00 1.945708738790422488e-03
-2.500000000000000000e+00 1.505851067159860897e-02
-2.500000000000000000e+00 1.505853538168006392e-02
-2.500000000000000000e+00 9.307655343686258576e-01
-2.500000000000000000e+00 9.307656935181189972e-01
-2.500000000000000000e+00 9.970096763627553926e-01
-2.500000000000000000e+00 9.970096790339424420e-01
-2.500000000000000000e+00 9.991393135288157978e-01
-2.500000000000000000e+00 9.991393147789173756e-01
-2.500000000000000000e+00 9.994373413096472314e-01
-2.500000000000000000e+00 9.994373421392217516e-01
-2.500000000000000000e+00 9.999555807559274978e-01
-2.500000000000000000e+00 9.999555811140774519e-01
-2.500000000000000000e+00 9.999576946289800983e-01
-2.500000000000000000e+00 9.999576949455319941e-01
-2.500000000000000000e+00 9.999983502402255420e-01
-2.500000000000000000e+00 9.999983502859082218e-01
-2.500000000000000000e+00 9.999983630767856901e-01
-2.500000000000000000e+00 9.999983631223484659e-01
-2.500000000000000000e+00 9.999999550918625690e-01
-2.500000000000000000e+00 9.999999551050169355e-01
-2.500000000000000000e+00 9.999999552373332046e-01
-2.500000000000000000e+00 9.999999552504756917e-01
-2.500000000000000000e+00 9.999999991120871456e-01
-2.500000000000000000e+00 9.999999991139616462e-01
-2.500000000000000000e+00 9.999999991144830069e-01
-2.500000000000000000e+00 9.999999991163561752e-01
-2.500000000000000000e+00 9.999999999877406953e-01
-2.500000000000000000e+00 9.999999999878200763e-01
-2.500000000000000000e+00 9.999999999879648493e-01
-2.500000000000000000e+00 9.999999999880351265e-01
-2.500000000000000000e+00 9.999999999998715472e-01
-2.500000000000000000e+00 9.999999999998933076e-01
-2.500000000000000000e+00 9.999999999998977485e-01
-2.500000000000000000e+00 9.999999999999149569e-01
-2.500000000000000000e+00 9.999999999999941158e-01
-2.500000000000000000e+00 9.999999999999987788e-01
-2.500000000000000000e+00 9.999999999999998890e-01
-2.500000000000000000e+00 1.000000000000000222e+00
-1.500000000000000000e+00 -1.126329102608723932e-16
-1.500000000000000000e+00 3.059143021146720921e-17
-1.500000000000000000e+00 4.673945962640687907e-16
-1.500000000000000000e+00 6.580119929818169665e-16
-1.500000000000000000e+00 2.255703741059706898e-14
-1.500000000000000000e+00 2.619383575934134890e-14
-1.500000000000000000e+00 2.699143285782702697e-14
-1.500000000000000000e+00 3.030259062561061690e-14
-1.500000000000000000e+00 2.629148566633142770e-12
-1.500000000000000000e+00 2.722885750007780156e-12
-1.500000000000000000e+00 2.742687694502078409e-12
-1.500000000000000000e+00 2.840142114010469018e-12
-1.500000000000000000e+00 1.799679991820973899e-10
-1.500000000000000000e+00 1.809917503070032268e-10
-1.500000000000000000e+00 1.815212701607248185e-10
-1.500000000000000000e+00 1.825687401516636871e-10
-1.500000000000000000e+00 8.378167829178899869e-09
-1.500000000000000000e+00 8.382072722137619894e-09
-1.500000000000000000e+00 8.390176140442065423e-09
-1.500000000000000000e+00 8.394121606217608597e-09
-1.500000000000000000e+00 2.860371553324603147e-07
-1.500000000000000000e+00 2.860455586111748536e-07
-1.500000000000000000e+00 2.886567447148893353e-07
-1.500000000000000000e+00 2.886662959219009291e-07
-1.500000000000000000e+00 7.285609732387429809e-06
-1.500000000000000000e+00 7.285843220152010497e-06
-1.500000000000000000e+00 7.683628222653132386e-06
-1.500000000000000000e+00 7.683870511022333397e-06
-1.500000000000000000e+00 1.287267666111844590e-04
-1.500000000000000000e+00 1.287270349169138183e-04
-1.500000000000000000e+00 1.574315430982117792e-04
-1.500000000000000000e+00 1.574317004079533468e-04
-1.500000000000000000e+00 1.388773500133235871e-03
-1.500000000000000000e+00 1.388775772396412750e-03
-1.500000000000000000e+00 1.398570098414297349e-03
-1.500000000000000000e+00 1.398571583771740946e-03
-1.500000000000000000e+00 1.846554845937913025e-02
-1.500000000000000000e+00 1.846556410474645832e-02
-1.500000000000000000e+00 8.531195250329501878e-01
-1.500000000000000000e+00 8.531197853975888146e-01
-1.500000000000000000e+00 9.955488861525638722e-01
-1.500000000000000000e+00 9.955489007871266560e-01
-1.500000000000000000e+00 9.983384415385537780e-01
-1.500000000000000000e+00 9.983384446392971068e-01
-1.500000000000000000e+00 9.997111584286965114e-01
-1.500000000000000000e+00 9.997111592345376829e-01
-1.500000000000000000e+00 9.997235324950317636e-01
-1.500000000000000000e+00 9.997235340892963729e-01
-1.500000000000000000e+00 9.999836292256057968e-01
-1.500000000000000000e+00 9.999836294600642495e-01
-1.500000000000000000e+00 9.999846227800267551e-01
-1.500000000000000000e+00 9.999846230081290699e-01
-1.500000000000000000e+00 9.999993889486458176e-01
-1.500000000000000000e+00 9.999993889782223810e-01
-1.500000000000000000e+00 9.999993988268276457e-01
-1.500000000000000000e+00 9.999993988570726744e-01
-1.500000000000000000e+00 9.999999827774748162e-01
-1.500000000000000000e+00 9.999999827822749765e-01
-1.500000000000000000e+00 9.999999828444460226e-01
-1.500000000000000000e+00 9.999999828492256437e-01
-1.500000000000000000e+00 9.999999996417856529e-01
-1.500000000000000000e+00 9.999999996430171123e-01
-1.500000000000000000e+00 9.999999996431151450e-01
-1.500000000000000000e+00 9.999999996443338368e-01
-1.500000000000000000e+00 9.999999999947539742e-01
-1.500000000000000000e+00 9.999999999948309126e-01
-1.500000000000000000e+00 9.999999999948625540e-01
-1.500000000000000000e+00 9.999999999949352736e-01
-1.500000000000000000e+00 9.999999999999460432e-01
-1.500000000000000000e+00 9.999999999999498179e-01
-1.500000000000000000e+00 9.999999999999534817e-01
-1.500000000000000000e+00 9.999999999999585887e-01
-1.500000000000000000e+00 9.999999999999951150e-01
-1.500000000000000000e+00 9.999999999999988898e-01
-1.500000000000000000e+00 9.999999999999998890e-01
-1.500000000000000000e+00 1.000000000000000222e+00
-5.000000000000000000e-01 -1.273365694630935969e-15
-5.000000000000000000e-01 2.376328591778487757e-17
-5.000000000000000000e-01 6.033085483921358642e-17
-5.000000000000000000e-01 4.592343611180729466e-16
-5.000000000000000000e-01 8.105508691078363867e-15
-5.000000000000000000e-01 1.170542033127033658e-14
-5.000000000000000000e-01 1.358866623405414145e-14
-5.000000000000000000e-01 2.046260266749542219e-14
-5.000000000000000000e-01 1.161305095709202344e-12
-5.000000000000000000e-01 1.180210549610565540e-12
-5.000000000000000000e-01 1.223848917791905194e-12
-5.000000000000000000e-01 1.244863190287857392e-12
-5.000000000000000000e-01 7.173168306797145008e-11
-5.000000000000000000e-01 7.185642210918551484e-11
-5.000000000000000000e-01 7.244413544608012530e-11
-5.000000000000000000e-01 7.257622983101971030e-11
-5.000000000000000000e-01 2.993153612283802556e-09
-5.000000000000000000e-01 2.996684351187183860e-09
-5.000000000000000000e-01 2.997716490365667331e-09
-5.000000000000000000e-01 3.001213387402663449e-09
-5.000000000000000000e-01 9.251141323054131449e-08
-5.000000000000000000e-01 9.253956415646276147e-08
-5.000000000000000000e-01 9.269235570714121865e-08
-5.000000000000000000e-01 9.272051325333689433e-08
-5.000000000000000000e-01 2.230569044993573268e-06
-5.000000000000000000e-01 2.230613677264872958e-06
-5.000000000000000000e-01 2.236644809472129941e-06
-5.000000000000000000e-01 2.236686938628753784e-06
-5.000000000000000000e-01 4.177344818193461350e-05
-5.000000000000000000e-01 4.177387320459301174e-05
-5.000000000000000000e-01 4.300295528537076504e-05
-5.000000000000000000e-01 4.300339685633051420e-05
-5.000000000000000000e-01 4.819638874429769807e-04
-5.000000000000000000e-01 4.819657350766770425e-04
-5.000000000000000000e-01 6.564929842339847343e-04
-5.000000000000000000e-01 6.564962896064717359e-04
-5.000000000000000000e-01 2.137555124974631956e-03
-5.000000000000000000e-01 2.137559785617227769e-03
-5.000000000000000000e-01 1.728572268402963144e-02
-5.000000000000000000e-01 1.728573757266693711e-02
-5.000000000000000000e-01 6.600158204303750997e-01
-5.000000000000000000e-01 6.600159540602864583e-01
-5.000000000000000000e-01 9.905493137860744701e-01
-5.000000000000000000e-01 9.905493310387193384e-01
-5.000000000000000000e-01 9.986856798339047714e-01
-5.000000000000000000e-01 9.986856829941389568e-01
-5.000000000000000000e-01 9.989210547667279894e-01
-5.000000000000000000e-01 9.989210579627304520e-01
-5.000000000000000000e-01 9.998705033531724018e-01
-5.000000000000000000e-01 9.998705044269724507e-01
-5.000000000000000000e-01 9.998932965887744606e-01
-5.000000000000000000e-01 9.998932976442834741e-01
-5.000000000000000000e-01 9.999935860778141894e-01
-5.000000000000000000e-01 9.999935861327670095e-01
-5.000000000000000000e-01 9.999938651010938928e-01
-5.000000000000000000e-01 9.999938651616515628e-01
-5.000000000000000000e-01 9.999997520520648164e-01
-5.000000000000000000e-01 9.999997520825137931e-01
-5.000000000000000000e-01 9.999997538927015706e-01
-5.000000000000000000e-01 9.999997539230582877e-01
-5.000000000000000000e-01 9.999999926154680141e-01
-5.000000000000000000e-01 9.999999926188494204e-01
-5.000000000000000000e-01 9.999999926265460415e-01
-5.000000000000000000e-01 9.999999926298801523e-01
-5.000000000000000000e-01 9.999999998367045118e-01
-5.000000000000000000e-01 9.999999998373404475e-01
-5.000000000000000000e-01 9.999999998375466159e-01
-5.000000000000000000e-01 9.999999998382074207e-01
-5.000000000000000000e-01 9.999999999973251397e-01
-5.000000000000000000e-01 9.999999999974529263e-01
-5.000000000000000000e-01 9.999999999975567322e-01
-5.000000000000000000e-01 9.999999999976579845e-01
-5.000000000000000000e-01 9.999999999998882005e-01
-5.000000000000000000e-01 9.999999999999737987e-01
-5.000000000000000000e-01 9.999999999999765743e-01
-5.000000000000000000e-01 9.999999999999868994e-01
-5.000000000000000000e-01 9.999999999999954481e-01
-5.000000000000000000e-01 9.999999999999986677e-01
-5.000000000000000000e-01 1.000000000000000000e+00
-5.000000000000000000e-01 1.000000000000001110e+00
5.000000000000000000e-01 -6.661338148430773654e-16
5.000000000000000000e-01 1.575910802781196822e-16
5.000000000000000000e-01 5.030334046923078505e-16
5.000000000000000000e-01 1.031030200777371023e-15
5.000000000000000000e-01 2.212966220642497581e-14
5.000000000000000000e-01 2.392719310972641755e-14
5.000000000000000000e-01 2.498404402668717593e-14
5.000000000000000000e-01 2.730696016716765079e-14
5.000000000000000000e-01 2.337714717385409514e-12
5.000000000000000000e-01 2.480921734011529434e-12
5.000000000000000000e-01 2.496628421270642814e-12
5.000000000000000000e-01 2.645276405258148204e-12
5.000000000000000000e-01 1.615844030100542137e-10
5.000000000000000000e-01 1.623840681826054016e-10
5.000000000000000000e-01 1.626814587440398384e-10
5.000000000000000000e-01 1.634768921697290119e-10
5.000000000000000000e-01 7.368499871874595975e-09
5.000000000000000000e-01 7.375493331004171085e-09
5.000000000000000000e-01 7.379083434397007480e-09
5.000000000000000000e-01 7.386096938703708283e-09
5.000000000000000000e-01 2.461031267890871824e-07
5.000000000000000000e-01 2.461229702627012435e-07
5.000000000000000000e-01 2.479013209375698772e-07
5.000000000000000000e-01 2.479216023307129502e-07
5.000000000000000000e-01 6.134776906422314520e-06
5.000000000000000000e-01 6.134976045527023001e-06
5.000000000000000000e-01 6.413785562659151976e-06
5.000000000000000000e-01 6.413998123164457364e-06
5.000000000000000000e-01 1.067029263819929626e-04
5.000000000000000000e-01 1.067033733309914311e-04
5.000000000000000000e-01 1.294957466072476574e-04
5.000000000000000000e-01 1.294961182186889291e-04
5.000000000000000000e-01 1.078940900916302301e-03
5.000000000000000000e-01 1.078944914187054049e-03
5.000000000000000000e-01 1.314318272320405458e-03
5.000000000000000000e-01 1.314320839913701204e-03
5.000000000000000000e-01 9.450676837030068389e-03
5.000000000000000000e-01 9.450685732505955533e-03
5.000000000000000000e-01 3.399839564767987987e-01
5.000000000000000000e-01 3.399841343681819783e-01
5.000000000000000000e-01 9.827142698474117255e-01
5.000000000000000000e-01 9.827143129425570667e-01
5.000000000000000000e-01 9.978624364273230851e-01
5.000000000000000000e-01 9.978624418108361649e-01
5.000000000000000000e-01 9.993435011669319357e-01
5.000000000000000000e-01 9.993435033352590091e-01
5.000000000000000000e-01 9.995180362915671024e-01
5.000000000000000000e-01 9.995180378795661680e-01
5.000000000000000000e-01 9.999569966310779545e-01
5.000000000000000000e-01 9.999569974263085026e-01
5.000000000000000000e-01 9.999582258069462659e-01
5.000000000000000000e-01 9.999582264836609502e-01
5.000000000000000000e-01 9.999977632531257266e-01
5.000000000000000000e-01 9.999977633700517510e-01
5.000000000000000000e-01 9.999977693743151708e-01
5.000000000000000000e-01 9.999977694912136617e-01
5.000000000000000000e-01 9.999999073142590289e-01
5.000000000000000000e-01 9.999999073509620029e-01
5.000000000000000000e-01 9.999999074169219071e-01
5.000000000000000000e-01 9.999999074538762356e-01
5.000000000000000000e-01 9.999999969969485258e-01
5.000000000000000000e-01 9.999999969979734837e-01
5.000000000000000000e-01 9.999999970076240974e-01
5.000000000000000000e-01 9.999999970086668188e-01
5.000000000000000000e-01 9.999999999267527029e-01
5.000000000000000000e-01 9.999999999277353613e-01
5.000000000000000000e-01 9.999999999279409746e-01
5.000000000000000000e-01 9.999999999289250763e-01
5.000000000000000000e-01 9.999999999987302379e-01
5.000000000000000000e-01 9.999999999987954080e-01
5.000000000000000000e-01 9.999999999987969623e-01
5.000000000000000000e-01 9.999999999988560262e-01
5.000000000000000000e-01 9.999999999999711342e-01
5.000000000000000000e-01 9.999999999999789058e-01
5.000000000000000000e-01 9.999999999999864553e-01
5.000000000000000000e-01 9.999999999999907851e-01
5.000000000000000000e-01 9.999999999999922284e-01
5.000000000000000000e-01 9.999999999999970024e-01
5.000000000000000000e-01 9.999999999999993339e-01
5.000000000000000000e-01 9.999999999999998890e-01
1.500000000000000000e+00 -3.777019526409284699e-16
1.500000000000000000e+00 -1.403456507149319398e-16
1.500000000000000000e+00 3.589150227086020700e-16
1.500000000000000000e+00 5.898018280397609221e-16
1.500000000000000000e+00 3.451824870286265376e-14
1.500000000000000000e+00 4.281116934536650434e-14
1.500000000000000000e+00 4.920909965546742662e-14
1.500000000000000000e+00 6.784770318335867573e-14
1.500000000000000000e+00 4.978687822315612736e-12
1.500000000000000000e+00 5.144434311248013461e-12
1.500000000000000000e+00 5.148183133051486254e-12
1.500000000000000000e+00 5.319487034290093212e-12
1.500000000000000000e+00 3.548202693232493000e-10
1.500000000000000000e+00 3.561676171668730746e-10
1.500000000000000000e+00 3.577044267087816233e-10
1.500000000000000000e+00 3.590719701941327955e-10
1.500000000000000000e+00 1.715564699923382714e-08
1.500000000000000000e+00 1.717139047300554547e-08
1.500000000000000000e+00 1.720181992414109870e-08
1.500000000000000000e+00 1.721763949902679715e-08
1.500000000000000000e+00 6.010479027334299058e-07
1.500000000000000000e+00 6.011142505054447549e-07
1.500000000000000000e+00 6.110815301212675709e-07
1.500000000000000000e+00 6.111486960972872375e-07
1.500000000000000000e+00 1.537720917988653885e-05
1.500000000000000000e+00 1.537741516872078470e-05
1.500000000000000000e+00 1.637033571164934418e-05
1.500000000000000000e+00 1.637054214096766842e-05
1.500000000000000000e+00 2.764661889644402380e-04
1.500000000000000000e+00 2.764672928890327098e-04
1.500000000000000000e+00 2.888410235109786675e-04
1.500000000000000000e+00 2.888417406119719454e-04
1.500000000000000000e+00 1.661557920943840206e-03
1.500000000000000000e+00 1.661559111460250270e-03
1.500000000000000000e+00 4.451098548703428734e-03
1.500000000000000000e+00 4.451101166041119064e-03
1.500000000000000000e+00 1.468803114550459865e-01
1.500000000000000000e+00 1.468804211146221284e-01
1.500000000000000000e+00 9.815344301865276400e-01
1.500000000000000000e+00 9.815344403921073546e-01
1.500000000000000000e+00 9.986014285049061856e-01
1.500000000000000000e+00 9.986014321131814198e-01
1.500000000000000000e+00 9.986112234553520262e-01
1.500000000000000000e+00 9.986112257668107173e-01
1.500000000000000000e+00 9.998425677055906569e-01
1.500000000000000000e+00 9.998425681978768687e-01
1.500000000000000000e+00 9.998712732123486990e-01
1.500000000000000000e+00 9.998712734975919725e-01
1.500000000000000000e+00 9.999923164782444918e-01
1.500000000000000000e+00 9.999923165558541882e-01
1.500000000000000000e+00 9.999927139870586901e-01
1.500000000000000000e+00 9.999927140654162327e-01
1.500000000000000000e+00 9.999997112475860206e-01
1.500000000000000000e+00 9.999997112836024327e-01
1.500000000000000000e+00 9.999997140129441853e-01
1.500000000000000000e+00 9.999997140486353020e-01
1.500000000000000000e+00 9.999999915996828914e-01
1.500000000000000000e+00 9.999999916110958731e-01
1.500000000000000000e+00 9.999999916166655289e-01
1.500000000000000000e+00 9.999999916280659651e-01
1.500000000000000000e+00 9.999999998177911964e-01
1.500000000000000000e+00 9.999999998187201200e-01
1.500000000000000000e+00 9.999999998187640848e-01
1.500000000000000000e+00 9.999999998196944517e-01
1.500000000000000000e+00 9.999999999970975439e-01
1.500000000000000000e+00 9.999999999971858067e-01
1.500000000000000000e+00 9.999999999973427922e-01
1.500000000000000000e+00 9.999999999974241716e-01
1.500000000000000000e+00 9.999999999999623634e-01
1.500000000000000000e+00 9.999999999999669154e-01
1.500000000000000000e+00 9.999999999999753530e-01
1.500000000000000000e+00 9.999999999999794609e-01
1.500000000000000000e+00 9.999999999999954481e-01
1.500000000000000000e+00 9.999999999999974465e-01
1.500000000000000000e+00 9.999999999999996669e-01
1.500000000000000000e+00 9.999999999999997780e-01
2.500000000000000000e+00 1.154174962222828775e-17
2.500000000000000000e+00 2.858634553029577351e-16
2.500000000000000000e+00 7.265986147079880158e-16
2.500000000000000000e+00 3.475752745985531053e-15
2.500000000000000000e+00 8.235007745645038397e-14
2.500000000000000000e+00 1.026261638512519807e-13
2.500000000000000000e+00 1.038822377401229353e-13
2.500000000000000000e+00 1.363614343784566311e-13
2.500000000000000000e+00 1.199065176291473234e-11
2.500000000000000000e+00 1.208336763241982128e-11
2.500000000000000000e+00 1.212730181518033869e-11
2.500000000000000000e+00 1.222649212229734684e-11
2.500000000000000000e+00 8.844723033738628781e-10
2.500000000000000000e+00 8.856859910726076777e-10
2.500000000000000000e+00 8.858601834827411454e-10
2.500000000000000000e+00 8.870791528800606436e-10
2.500000000000000000e+00 4.474800357532069508e-08
2.500000000000000000e+00 4.475338576226708203e-08
2.500000000000000000e+00 4.490424527680131281e-08
2.500000000000000000e+00 4.490958811784200708e-08
2.500000000000000000e+00 1.636838154573295892e-06
2.500000000000000000e+00 1.636903833339111739e-06
2.500000000000000000e+00 1.649735274589479143e-06
2.500000000000000000e+00 1.649800812887325296e-06
2.500000000000000000e+00 4.230521610847973982e-05
2.500000000000000000e+00 4.230534987422621872e-05
2.500000000000000000e+00 4.441892539442517882e-05
2.500000000000000000e+00 4.441906840077136431e-05
2.500000000000000000e+00 5.626580863408972739e-04
2.500000000000000000e+00 5.626590164333118184e-04
2.500000000000000000e+00 8.606855296839584007e-04
2.500000000000000000e+00 8.606870843080687266e-04
2.500000000000000000e+00 2.990320585144127033e-03
2.500000000000000000e+00 2.990322029888671952e-03
2.500000000000000000e+00 6.923434895825214541e-02
2.500000000000000000e+00 6.923438470563264557e-02
2.500000000000000000e+00 9.849414712346178380e-01
2.500000000000000000e+00 9.849414857286447056e-01
2.500000000000000000e+00 9.980542916016117427e-01
2.500000000000000000e+00 9.980542928611114695e-01
2.500000000000000000e+00 9.995316338098139131e-01
2.500000000000000000e+00 9.995316349092316921e-01
2.500000000000000000e+00 9.996099925614827519e-01
2.500000000000000000e+00 9.996099935942792669e-01
2.500000000000000000e+00 9.999753685665725422e-01
2.500000000000000000e+00 9.999753687874237684e-01
2.500000000000000000e+00 9.999762369191377287e-01
2.500000000000000000e+00 9.999762370877549600e-01
2.500000000000000000e+00 9.999990940657278449e-01
2.500000000000000000e+00 9.999990941529444122e-01
2.500000000000000000e+00 9.999991093701358080e-01
2.500000000000000000e+00 9.999991094554319115e-01
2.500000000000000000e+00 9.999999753861305019e-01
2.500000000000000000e+00 9.999999753888562104e-01
2.500000000000000000e+00 9.999999754582913347e-01
2.500000000000000000e+00 9.999999754610263691e-01
2.500000000000000000e+00 9.999999995050362633e-01
2.500000000000000000e+00 9.999999995063468816e-01
2.500000000000000000e+00 9.999999995074754233e-01
2.500000000000000000e+00 9.999999995087843763e-01
2.500000000000000000e+00 9.999999999929136685e-01
2.500000000000000000e+00 9.999999999930659911e-01
2.500000000000000000e+00 9.999999999931411532e-01
2.500000000000000000e+00 9.999999999932717154e-01
2.500000000000000000e+00 9.999999999999169553e-01
2.500000000000000000e+00 9.999999999999326095e-01
2.500000000000000000e+00 9.999999999999341638e-01
2.500000000000000000e+00 9.999999999999537037e-01
2.500000000000000000e+00 9.999999999999936717e-01
2.500000000000000000e+00 9.999999999999980016e-01
2.500000000000000000e+00 9.999999999999987788e-01
2.500000000000000000e+00 1.000000000000000000e+00
3.500000000000000000e+00 3.336615823242909397e-16
3.500000000000000000e+00 7.188790942816330104e-16
3.500000000000000000e+00 1.001605919896528728e-15
3.500000000000000000e+00 7.043421880081838828e-15
3.500000000000000000e+00 2.678624283124199920e-13
3.500000000000000000e+00 2.701726405387604218e-13
3.500000000000000000e+00 2.720421479225642140e-13
3.500000000000000000e+00 2.814858793616154658e-13
3.500000000000000000e+00 3.347250187163081508e-11
3.500000000000000000e+00 3.365079823331917448e-11
3.500000000000000000e+00 3.365450014518805421e-11
3.500000000000000000e+00 3.383398185514638561e-11
3.500000000000000000e+00 2.584416383848693607e-09
3.500000000000000000e+00 2.585166241581261907e-09
3.500000000000000000e+00 2.585495432531696203e-09
3.500000000000000000e+00 2.586248766244707902e-09
3.500000000000000000e+00 1.359881819229864260e-07
3.500000000000000000e+00 1.360168324687688042e-07
3.500000000000000000e+00 1.364394460662661915e-07
3.500000000000000000e+00 1.364680106865684165e-07
3.500000000000000000e+00 4.999116495673552485e-06
3.500000000000000000e+00 4.999260745049996910e-06
3.500000000000000000e+00 5.214811377056991454e-06
3.500000000000000000e+00 5.214967890238923675e-06
3.500000000000000000e+00 1.174632229343339402e-04
3.500000000000000000e+00 1.174635355676844088e-04
3.500000000000000000e+00 1.443756642716707904e-04
3.500000000000000000e+00 1.443761436690584629e-04
3.500000000000000000e+00 1.417779449880778118e-03
3.500000000000000000e+00 1.417780899123393138e-03
3.500000000000000000e+00 1.642534402875720813e-03
3.500000000000000000e+00 1.642537442648133545e-03
3.500000000000000000e+00 3.785942406990400189e-02
3.500000000000000000e+00 3.785949136051207364e-02
3.500000000000000000e+00 9.880368668954254696e-01
3.500000000000000000e+00 9.880368904318079792e-01
3.500000000000000000e+00 9.987461632869952810e-01
3.500000000000000000e+00 9.987461641671837587e-01
3.500000000000000000e+00 9.990340089091621634e-01
3.500000000000000000e+00 9.990340101165543496e-01
3.500000000000000000e+00 9.999099555704388242e-01
3.500000000000000000e+00 9.999099562170551403e-01
3.500000000000000000e+00 9.999240564621632021e-01
3.500000000000000000e+00 9.999240570615138823e-01
3.500000000000000000e+00 9.999968715093777716e-01
3.500000000000000000e+00 9.999968716949977354e-01
3.500000000000000000e+00 9.999969234941905594e-01
3.500000000000000000e+00 9.999969236753321056e-01
3.500000000000000000e+00 9.999999181652033942e-01
3.500000000000000000e+00 9.999999182049212898e-01
3.500000000000000000e+00 9.999999182751954097e-01
3.500000000000000000e+00 9.999999183148341464e-01
3.500000000000000000e+00 9.999999984449861046e-01
3.500000000000000000e+00 9.999999984478840087e-01
3.500000000000000000e+00 9.999999984485775650e-01
3.500000000000000000e+00 9.999999984514662543e-01
3.500000000000000000e+00 9.999999999793086625e-01
3.500000000000000000e+00 9.999999999794899619e-01
3.500000000000000000e+00 9.999999999797583028e-01
3.500000000000000000e+00 9.999999999799464856e-01
3.500000000000000000e+00 9.999999999998068212e-01
3.500000000000000000e+00 9.999999999998233635e-01
3.500000000000000000e+00 9.999999999998340217e-01
3.500000000000000000e+00 9.999999999998508970e-01
3.500000000000000000e+00 9.999999999999932276e-01
3.500000000000000000e+00 9.999999999999972244e-01
3.500000000000000000e+00 9.999999999999988898e-01
3.500000000000000000e+00 9.999999999999997780e-01
4.500000000000000000e+00 2.050620199593205477e-15
4.500000000000000000e+00 2.726066273487769837e-15
4.500000000000000000e+00 3.542116154547456886e-15
4.500000000000000000e+00 3.753466148845310109e-15
4.500000000000000000e+00 8.295505402803407821e-13
4.500000000000000000e+00 8.497675989841132071e-13
4.500000000000000000e+00 8.502991263895335981e-13
4.500000000000000000e+00 8.761469620632846048e-13
4.500000000000000000e+00 1.104356006928440917e-10
4.500000000000000000e+00 1.107039603836103740e-10
4.500000000000000000e+00 1.107136538289464301e-10
4.500000000000000000e+00 1.109855227472619334e-10
4.500000000000000000e+00 8.842195437517302884e-09
4.500000000000000000e+00 8.843304326470776748e-09
4.500000000000000000e+00 8.859669101841027759e-09
4.500000000000000000e+00 8.860789534194393975e-09
4.500000000000000000e+00 4.747728852472141282e-07
4.500000000000000000e+00 4.747923463030786242e-07
4.500000000000000000e+00 4.824491893274017973e-07
4.500000000000000000e+00 4.824691869155057841e-07
4.500000000000000000e+00 1.740477513517691883e-05
4.500000000000000000e+00 1.740485313743360098e-05
4.500000000000000000e+00 1.828979050403222543e-05
4.500000000000000000e+00 1.828987120588607232e-05
4.500000000000000000e+00 3.677679051522753616e-04
4.500000000000000000e+00 3.677680443866426698e-04
4.500000000000000000e+00 4.481547995567171459e-04
4.500000000000000000e+00 4.481552965488751856e-04
4.500000000000000000e+00 2.024960868287184034e-03
4.500000000000000000e+00 2.024962140338679422e-03
4.500000000000000000e+00 2.299399915137866415e-02
4.500000000000000000e+00 2.299401103544923206e-02
4.500000000000000000e+00 9.909272842393788139e-01
4.500000000000000000e+00 9.909272888317609551e-01
4.500000000000000000e+00 9.982543877278784450e-01
4.500000000000000000e+00 9.982543898112147263e-01
4.500000000000000000e+00 9.997149113123477981e-01
4.500000000000000000e+00 9.997149124710329460e-01
4.500000000000000000e+00 9.997167189490869799e-01
4.500000000000000000e+00 9.997167199116336889e-01
4.500000000000000000e+00 9.999877909429911726e-01
4.500000000000000000e+00 9.999877910178460727e-01
4.500000000000000000e+00 9.999885756496140754e-01
4.500000000000000000e+00 9.999885757084869820e-01
4.500000000000000000e+00 9.999996887177852178e-01
4.500000000000000000e+00 9.999996887343054475e-01
4.500000000000000000e+00 9.999996926036565092e-01
4.500000000000000000e+00 9.999996926201729641e-01
4.500000000000000000e+00 9.999999943304084260e-01
4.500000000000000000e+00 9.999999943335786678e-01
4.500000000000000000e+00 9.999999943368740318e-01
4.500000000000000000e+00 9.999999943400564861e-01
4.500000000000000000e+00 9.999999999289777008e-01
4.500000000000000000e+00 9.999999999292025210e-01
4.500000000000000000e+00 9.999999999293281983e-01
4.500000000000000000e+00 9.999999999295472453e-01
4.500000000000000000e+00 9.999999999994281241e-01
4.500000000000000000e+00 9.999999999994505506e-01
4.500000000000000000e+00 9.999999999994541033e-01
4.500000000000000000e+00 9.999999999994767519e-01
4.500000000000000000e+00 9.999999999999933387e-01
4.500000000000000000e+00 9.999999999999980016e-01
4.500000000000000000e+00 9.999999999999981126e-01
4.500000000000000000e+00 9.999999999999987788e-01
5.500000000000000000e+00 9.288091330315442185e-15
5.500000000000000000e+00 9.964431225578552817e-15
5.500000000000000000e+00 1.082987866052320669e-14
5.500000000000000000e+00 1.132002598742795944e-14
5.500000000000000000e+00 3.100738661210870124e-12
5.500000000000000000e+00 3.139752001559588227e-12
5.500000000000000000e+00 3.140875371441282806e-12
5.500000000000000000e+00 3.180230901533345454e-12
5.500000000000000000e+00 4.233647850547003571e-10
5.500000000000000000e+00 4.249836697020893267e-10
5.500000000000000000e+00 4.250121464070635402e-10
5.500000000000000000e+00 4.266385491931772227e-10
5.500000000000000000e+00 3.484978683486494408e-08
5.500000000000000000e+00 3.485513665081476776e-08
5.500000000000000000e+00 3.495186386693902908e-08
5.500000000000000000e+00 3.495726224238789192e-08
5.500000000000000000e+00 1.892920556537120470e-06
5.500000000000000000e+00 1.892943112940565946e-06
5.500000000000000000e+00 1.900591190766102208e-06
5.500000000000000000e+00 1.900615461203105088e-06
5.500000000000000000e+00 6.247920854135407599e-05
5.500000000000000000e+00 6.247959145896076990e-05
5.500000000000000000e+00 7.304622462428072866e-05
5.500000000000000000e+00 7.304663897182295392e-05
5.500000000000000000e+00 9.733232382454919162e-04
5.500000000000000000e+00 9.733235683018858072e-04
5.500000000000000000e+00 1.229177137056141960e-03
5.500000000000000000e+00 1.229177854991577671e-03
5.500000000000000000e+00 1.570742862367443746e-02
5.500000000000000000e+00 1.570743028721074963e-02
5.500000000000000000e+00 9.924089043773749452e-01
5.500000000000000000e+00 9.924089082207979695e-01
5.500000000000000000e+00 9.989153743566407950e-01
5.500000000000000000e+00 9.989153753591154539e-01
5.500000000000000000e+00 9.992769199266503533e-01
5.500000000000000000e+00 9.992769203288524027e-01
5.500000000000000000e+00 9.999497284906440076e-01
5.500000000000000000e+00 9.999497287519141242e-01
5.500000000000000000e+00 9.999541740121925537e-01
5.500000000000000000e+00 9.999541742225318552e-01
5.500000000000000000e+00 9.999986900130127809e-01
5.500000000000000000e+00 9.999986901279602769e-01
5.500000000000000000e+00 9.999987007773962766e-01
5.500000000000000000e+00 9.999987008930594223e-01
5.500000000000000000e+00 9.999999763504051620e-01
5.500000000000000000e+00 9.999999763619952242e-01
5.500000000000000000e+00 9.999999764247510248e-01
5.500000000000000000e+00 9.999999764363427524e-01
5.500000000000000000e+00 9.999999997141790775e-01
5.500000000000000000e+00 9.999999997149513487e-01
5.500000000000000000e+00 9.999999997150551545e-01
5.500000000000000000e+00 9.999999997158294240e-01
5.500000000000000000e+00 9.999999999977932097e-01
5.500000000000000000e+00 9.999999999978634868e-01
5.500000000000000000e+00 9.999999999979334309e-01
5.500000000000000000e+00 9.999999999979990450e-01
5.500000000000000000e+00 9.999999999999833467e-01
5.500000000000000000e+00 9.999999999999882316e-01
5.500000000000000000e+00 9.999999999999941158e-01
5.500000000000000000e+00 9.999999999999954481e-01
6.500000000000000000e+00 3.794823338489429296e-14
6.500000000000000000e+00 4.413136355897175871e-14
6.500000000000000000e+00 4.418918333833207442e-14
6.500000000000000000e+00 5.153340720978501278e-14
6.500000000000000000e+00 1.329952268386527610e-11
6.500000000000000000e+00 1.343120329768363321e-11
6.500000000000000000e+00 1.343180116172202496e-11
6.500000000000000000e+00 1.356730755866271164e-11
6.500000000000000000e+00 1.866277246722818198e-09
6.500000000000000000e+00 1.867905518898336782e-09
6.500000000000000000e+00 1.867926576166053271e-09
6.500000000000000000e+00 1.869558172070171498e-09
6.500000000000000000e+00 1.542740532919213846e-07
6.500000000000000000e+00 1.542849469250916101e-07
6.500000000000000000e+00 1.554217383326006451e-07
6.500000000000000000e+00 1.554328163402077728e-07
6.500000000000000000e+00 7.967879482560498943e-06
6.500000000000000000e+00 7.967898409664671020e-06
6.500000000000000000e+00 8.484902497087112172e-06
6.500000000000000000e+00 8.484923583835287525e-06
6.500000000000000000e+00 2.544857127101123767e-04
6.500000000000000000e+00 2.544861426342357510e-04
6.500000000000000000e+00 2.565544104342029380e-04
6.500000000000000000e+00 2.565550868369501189e-04
6.500000000000000000e+00 1.758272369156362556e-03
6.500000000000000000e+00 1.758273651447747610e-03
6.500000000000000000e+00 1.097640337428382185e-02
6.500000000000000000e+00 1.097641187476377719e-02
6.500000000000000000e+00 9.941693555661688109e-01
6.500000000000000000e+00 9.941693605288095537e-01
6.500000000000000000e+00 9.983759880388061170e-01
6.500000000000000000e+00 9.983759896253319166e-01
6.500000000000000000e+00 9.997928495840281427e-01
6.500000000000000000e+00 9.997928505179588532e-01
6.500000000000000000e+00 9.998168436085339561e-01
6.500000000000000000e+00 9.998168440679019442e-01
6.500000000000000000e+00 9.999938630728049116e-01
6.500000000000000000e+00 9.999938631640612474e-01
6.500000000000000000e+00 9.999941960469037605e-01
6.500000000000000000e+00 9.999941961320649719e-01
6.500000000000000000e+00 9.999998898909325806e-01
6.500000000000000000e+00 9.999998899085906778e-01
6.500000000000000000e+00 9.999998902993654237e-01
6.500000000000000000e+00 9.999998903168930697e-01
6.500000000000000000e+00 9.999999986899618110e-01
6.500000000000000000e+00 9.999999986919795303e-01
6.500000000000000000e+00 9.999999986924311690e-01
6.500000000000000000e+00 9.999999986944398955e-01
6.500000000000000000e+00 9.999999999905433423e-01
6.500000000000000000e+00 9.999999999906157289e-01
6.500000000000000000e+00 9.999999999907163151e-01
6.500000000000000000e+00 9.999999999907868142e-01
6.500000000000000000e+00 9.999999999999594769e-01
6.500000000000000000e+00 9.999999999999655831e-01
6.500000000000000000e+00 9.999999999999690248e-01
6.500000000000000000e+00 9.999999999999765743e-01
7.500000000000000000e+00 2.008236957810302745e-13
7.500000000000000000e+00 2.097229958946704637e-13
7.500000000000000000e+00 2.109333942692690223e-13
7.500000000000000000e+00 2.198019957099688148e-13
7.500000000000000000e+00 6.505121985677731278e-11
7.500000000000000000e+00 6.542216790901724420e-11
7.500000000000000000e+00 6.542719593896390392e-11
7.500000000000000000e+00 6.580360355270338383e-11
7.500000000000000000e+00 9.194149077931450598e-09
7.500000000000000000e+00 9.201259178287594886e-09
7.500000000000000000e+00 9.219647295923294191e-09
7.500000000000000000e+00 9.226778547078615017e-09
7.500000000000000000e+00 7.494791632619027921e-07
7.500000000000000000e+00 7.495524517258190208e-07
7.500000000000000000e+00 7.583197109154174479e-07
7.500000000000000000e+00 7.583932372892341631e-07
7.500000000000000000e+00 3.613326927717418170e-05
7.500000000000000000e+00 3.613342626255556817e-05
7.500000000000000000e+00 3.896043137960751758e-05
7.500000000000000000e+00 3.896061463862284121e-05
7.500000000000000000e+00 7.030844735103112348e-04
7.500000000000000000e+00 7.030846833893011818e-04
7.500000000000000000e+00 1.041844021164068648e-03
7.500000000000000000e+00 1.041844876629770397e-03
7.500000000000000000e+00 8.717598320901841571e-03
7.500000000000000000e+00 8.717600009499636149e-03
7.500000000000000000e+00 9.946314610493339758e-01
7.500000000000000000e+00 9.946314704903186366e-01
7.500000000000000000e+00 9.990928493007001920e-01
7.500000000000000000e+00 9.990928509806896729e-01
7.500000000000000000e+00 9.994229308281613600e-01
7.500000000000000000e+00 9.994229326106698341e-01
7.500000000000000000e+00 9.999710502940403201e-01
7.500000000000000000e+00 9.999710503935124173e-01
7.500000000000000000e+00 9.999718054033815973e-01
7.500000000000000000e+00 9.999718054835049497e-01
7.500000000000000000e+00 9.999994375027327909e-01
7.500000000000000000e+00 9.999994375202523322e-01
7.500000000000000000e+00 9.999994457930295733e-01
7.500000000000000000e+00 9.999994458105769812e-01
7.500000000000000000e+00 9.999999932900729416e-01
7.500000000000000000e+00 9.999999932930452307e-01
7.500000000000000000e+00 9.999999933013719033e-01
7.500000000000000000e+00 9.999999933043259848e-01
7.500000000000000000e+00 9.999999999525385208e-01
7.500000000000000000e+00 9.999999999527761085e-01
7.500000000000000000e+00 9.999999999530833072e-01
7.500000000000000000e+00 9.999999999533187856e-01
7.500000000000000000e+00 9.999999999998300249e-01
7.500000000000000000e+00 9.999999999998400169e-01
7.500000000000000000e+00 9.999999999998563371e-01
7.500000000000000000e+00 9.999999999998656630e-01
8.500000000000000000e+00 1.100940012396413157e-12
8.500000000000000000e+00 1.126603565464175171e-12
8.500000000000000000e+00 1.127660465005675405e-12
8.500000000000000000e+00 1.154269172710256241e-12
8.500000000000000000e+00 3.565445688278557383e-10
8.500000000000000000e+00 3.568231958143226372e-10
8.500000000000000000e+00 3.568334164856187687e-10
8.500000000000000000e+00 3.571136095189618759e-10
8.500000000000000000e+00 4.991204160136383278e-08
8.500000000000000000e+00 4.991940054805466938e-08
8.500000000000000000e+00 4.994585199368916300e-08
8.500000000000000000e+00 4.995322714169614507e-08
8.500000000000000000e+00 3.836362806773562359e-06
8.500000000000000000e+00 3.836455297707036583e-06
8.500000000000000000e+00 4.013321056033403075e-06
8.500000000000000000e+00 4.013417341338047134e-06
8.500000000000000000e+00 1.591159057817240229e-04
8.500000000000000000e+00 1.591163892078707926e-04
8.500000000000000000e+00 1.790670841378561181e-04
8.500000000000000000e+00 1.790675679180260950e-04
8.500000000000000000e+00 1.617233801657624219e-03
8.500000000000000000e+00 1.617234715568740058e-03
8.500000000000000000e+00 6.443584215548009593e-03
8.500000000000000000e+00 6.443590219704912157e-03
8.500000000000000000e+00 9.959226228679043391e-01
8.500000000000000000e+00 9.959226252093839049e-01
8.500000000000000000e+00 9.984678534900576219e-01
8.500000000000000000e+00 9.984678548002036136e-01
8.500000000000000000e+00 9.998521452524298248e-01
8.500000000000000000e+00 9.998521462624675449e-01
8.500000000000000000e+00 9.998758090765326179e-01
8.500000000000000000e+00 9.998758098335349676e-01
8.500000000000000000e+00 9.999969284196011943e-01
8.500000000000000000e+00 9.999969285949201758e-01
8.500000000000000000e+00 9.999970308296223243e-01
8.500000000000000000e+00 9.999970309983093886e-01
8.500000000000000000e+00 9.999999623582397357e-01
8.500000000000000000e+00 9.999999623643361923e-01
8.500000000000000000e+00 9.999999623715032371e-01
8.500000000000000000e+00 9.999999623775849278e-01
8.500000000000000000e+00 9.999999997343141933e-01
8.500000000000000000e+00 9.999999997347882585e-01
8.500000000000000000e+00 9.999999997351445291e-01
8.500000000000000000e+00 9.999999997356174841e-01
8.500000000000000000e+00 9.999999999991309174e-01
8.500000000000000000e+00 9.999999999991662225e-01
8.500000000000000000e+00 9.999999999991735500e-01
8.500000000000000000e+00 9.999999999992079669e-01
9.500000000000000000e+00 6.724406187084205064e-12
9.500000000000000000e+00 6.770565609556700125e-12
9.500000000000000000e+00 6.788914065522407615e-12
9.500000000000000000e+00 6.835600575801768238e-12
9.500000000000000000e+00 2.142494810884756762e-09
9.500000000000000000e+00 2.143564641185956534e-09
9.500000000000000000e+00 2.144451484278470484e-09
9.500000000000000000e+00 2.145522429069526573e-09
9.500000000000000000e+00 2.898195156677027032e-07
9.500000000000000000e+00 2.898386536196810365e-07
9.500000000000000000e+00 2.935303687845987510e-07
9.500000000000000000e+00 2.935499456565615919e-07
9.500000000000000000e+00 2.096072552201362786e-05
9.500000000000000000e+00 2.096084752422035577e-05
9.500000000000000000e+00 2.129302852660320988e-05
9.500000000000000000e+00 2.129312196459836435e-05
9.500000000000000000e+00 5.469101391434565834e-04
9.500000000000000000e+00 5.469109224386958009e-04
9.500000000000000000e+00 8.492531901506787401e-04
9.500000000000000000e+00 8.492548046633783794e-04
9.500000000000000000e+00 5.812397677291736113e-03
9.500000000000000000e+00 5.812404127867407816e-03
9.500000000000000000e+00 9.958177942817078021e-01
9.500000000000000000e+00 9.958178015489382862e-01
9.500000000000000000e+00 9.992691176720963631e-01
9.500000000000000000e+00 9.992691177671294556e-01
9.500000000000000000e+00 9.995278798564789513e-01
9.500000000000000000e+00 9.995278801759206466e-01
9.500000000000000000e+00 9.999830154655935388e-01
9.500000000000000000e+00 9.999830155957805111e-01
9.500000000000000000e+00 9.999832653661439030e-01
9.500000000000000000e+00 9.999832654585871783e-01
9.500000000000000000e+00 9.999997716206606713e-01
9.500000000000000000e+00 9.999997716339008580e-01
9.500000000000000000e+00 9.999997743582176302e-01
9.500000000000000000e+00 9.999997743710731246e-01
9.500000000000000000e+00 9.999999983593488295e-01
9.500000000000000000e+00 9.999999983597712694e-01
9.500000000000000000e+00 9.999999983600066367e-01
9.500000000000000000e+00 9.999999983604291875e-01
9.500000000000000000e+00 9.999999999947445373e-01
9.500000000000000000e+00 9.999999999948767648e-01
9.500000000000000000e+00 9.999999999948789853e-01
9.500000000000000000e+00 9.999999999950084373e-01
1.050000000000000000e+01 4.489798154225707994e-11
1.050000000000000000e+01 4.501579602309679537e-11
1.050000000000000000e+01 4.502398803035543947e-11
1.050000000000000000e+01 4.514194672430380841e-11
1.050000000000000000e+01 1.395648756034655553e-08
1.050000000000000000e+01 1.396091894915113721e-08
1.050000000000000000e+01 1.398181300549921154e-08
1.050000000000000000e+01 1.398625307303357942e-08
1.050000000000000000e+01 1.775874131603520593e-06
1.050000000000000000e+01 1.775876698411233838e-06
1.050000000000000000e+01 1.818370970938027759e-06
1.050000000000000000e+01 1.818373075613974883e-06
1.050000000000000000e+01 1.031654882899996263e-04
1.050000000000000000e+01 1.031657000696776356e-04
1.050000000000000000e+01 1.210786195141018651e-04
1.050000000000000000e+01 1.210788628506755750e-04
1.050000000000000000e+01 1.511105192949880249e-03
1.050000000000000000e+01 1.511105619011894694e-03
1.050000000000000000e+01 4.278448621839955196e-03
1.050000000000000000e+01 4.278450602626851680e-03
1.050000000000000000e+01 9.969650519404226197e-01
1.050000000000000000e+01 9.969650553406153026e-01
1.050000000000000000e+01 9.985507720543222998e-01
1.050000000000000000e+01 9.985507722612577686e-01
1.050000000000000000e+01 9.998982808982156412e-01
1.050000000000000000e+01 9.998982810959603507e-01
1.050000000000000000e+01 9.999152119104879333e-01
1.050000000000000000e+01 9.999152120677864408e-01
1.050000000000000000e+01 9.999985481688266065e-01
1.050000000000000000e+01 9.999985481887005978e-01
1.050000000000000000e+01 9.999985695193471802e-01
1.050000000000000000e+01 9.999985695391410134e-01
1.050000000000000000e+01 9.999999890034385608e-01
1.050000000000000000e+01 9.999999890055305540e-01
1.050000000000000000e+01 9.999999890234806399e-01
1.050000000000000000e+01 9.999999890255666379e-01
1.050000000000000000e+01 9.999999999649114013e-01
1.050000000000000000e+01 9.999999999650610594e-01
1.050000000000000000e+01 9.999999999651826288e-01
1.050000000000000000e+01 9.999999999653278460e-01
1.150000000000000000e+01 3.259647284931284981e-10
1.150000000000000000e+01 3.262538335048548174e-10
1.150000000000000000e+01 3.262771535864336126e-10
1.150000000000000000e+01 3.265666615377699116e-10
1.150000000000000000e+01 9.681234425482845672e-08
1.150000000000000000e+01 9.681803806106884476e-08
1.150000000000000000e+01 9.759770484581521475e-08
1.150000000000000000e+01 9.760346114844488835e-08
1.150000000000000000e+01 1.126794666425472484e-05
1.150000000000000000e+01 1.126798213010057132e-05
1.150000000000000000e+01 1.146287720034452585e-05
1.150000000000000000e+01 1.146291248156216035e-05
1.150000000000000000e+01 4.329445209227456340e-04
1.150000000000000000e+01 4.329454002955096937e-04
1.150000000000000000e+01 6.585294607080037933e-04
1.150000000000000000e+01 6.585305155898366113e-04
1.150000000000000000e+01 4.385034408373998140e-03
1.150000000000000000e+01 4.385037697274618736e-03
1.150000000000000000e+01 9.965008901975659361e-01
1.150000000000000000e+01 9.965008931917986867e-01
1.150000000000000000e+01 9.994351495221264203e-01
1.150000000000000000e+01 9.994351508857859390e-01
1.150000000000000000e+01 9.996151582039609629e-01
1.150000000000000000e+01 9.996151589281122574e-01
1.150000000000000000e+01 9.999904564480001090e-01
1.150000000000000000e+01 9.999904564787239769e-01
1.150000000000000000e+01 9.999907719448163368e-01
1.150000000000000000e+01 9.999907719747536117e-01
1.150000000000000000e+01 9.999999212850319008e-01
1.150000000000000000e+01 9.999999212991375064e-01
1.150000000000000000e+01 9.999999218195048112e-01
1.150000000000000000e+01 9.999999218334668649e-01
1.150000000000000000e+01 9.999999997404136476e-01
1.150000000000000000e+01 9.999999997408889341e-01
1.150000000000000000e+01 9.999999997413211439e-01
1.150000000000000000e+01 9.999999997417924336e-01
1.250000000000000000e+01 2.549838385580893063e-09
1.250000000000000000e+01 2.550328888979314172e-09
1.250000000000000000e+01 2.553331886972579605e-09
1.250000000000000000e+01 2.553821271797620479e-09
1.250000000000000000e+01 7.071567985444001114e-07
1.250000000000000000e+01 7.071785067270683496e-07
1.250000000000000000e+01 7.128252647752782818e-07
1.250000000000000000e+01 7.128472285470194729e-07
1.250000000000000000e+01 6.536123667082879515e-05
1.250000000000000000e+01 6.536141974034247225e-05
1.250000000000000000e+01 7.660371869401463168e-05
1.250000000000000000e+01 7.660393662842501794e-05
1.250000000000000000e+01 1.411687286715718019e-03
1.250000000000000000e+01 1.411688766917666227e-03
1.250000000000000000e+01 3.058251033121411975e-03
1.250000000000000000e+01 3.058251374134340807e-03
1.250000000000000000e+01 9.976498011265760857e-01
1.250000000000000000e+01 9.976498027341812458e-01
1.250000000000000000e+01 9.986367727087961388e-01
1.250000000000000000e+01 9.986367744993918105e-01
1.250000000000000000e+01 9.999345846898612944e-01
1.250000000000000000e+01 9.999345848157317196e-01
1.250000000000000000e+01 9.999443696174011853e-01
1.250000000000000000e+01 9.999443697275747223e-01
1.250000000000000000e+01 9.999994118168886725e-01
1.250000000000000000e+01 9.999994118437730561e-01
1.250000000000000000e+01 9.999994134453348282e-01
1.250000000000000000e+01 9.999994134719851768e-01
1.250000000000000000e+01 9.999999979263219929e-01
1.250000000000000000e+01 9.999999979275613349e-01
1.250000000000000000e+01 9.999999979291469554e-01
1.250000000000000000e+01 9.999999979303821895e-01
1.350000000000000000e+01 2.126924674004500224e-08
1.350000000000000000e+01 2.127136327659502121e-08
1.350000000000000000e+01 2.134013039942697532e-08
1.350000000000000000e+01 2.134225033123050066e-08
1.350000000000000000e+01 5.254159626998892719e-06
1.350000000000000000e+01 5.254215701864746647e-06
1.350000000000000000e+01 5.404043954326844013e-06
1.350000000000000000e+01 5.404101229008376066e-06
1.350000000000000000e+01 3.348861306070718209e-04
1.350000000000000000e+01 3.348869898046424420e-04
1.350000000000000000e+01 4.786016809847924757e-04
1.350000000000000000e+01 4.786025510545534518e-04
1.350000000000000000e+01 3.596465418551471338e-03
1.350000000000000000e+01 3.596466185007827186e-03
1.350000000000000000e+01 9.969255794914581026e-01
1.350000000000000000e+01 9.969255809258280587e-01
1.350000000000000000e+01 9.995868488537474894e-01
1.350000000000000000e+01 9.995868498905648991e-01
1.350000000000000000e+01 9.996966880181008541e-01
1.350000000000000000e+01 9.996966885733606922e-01
1.350000000000000000e+01 9.999954010117513281e-01
1.350000000000000000e+01 9.999954010259449744e-01
1.350000000000000000e+01 9.999955609058883699e-01
1.350000000000000000e+01 9.999955609198245554e-01
1.350000000000000000e+01 9.999999822956754381e-01
1.350000000000000000e+01 9.999999822994124488e-01
1.350000000000000000e+01 9.999999823367864416e-01
1.350000000000000000e+01 9.999999823405048005e-01
1.450000000000000000e+01 1.876978389505292683e-07
1.450000000000000000e+01 1.877010752756992470e-07
1.450000000000000000e+01 1.877260357916719500e-07
1.450000000000000000e+01 1.877292370792116749e-07
1.450000000000000000e+01 3.723039138352060503e-05
1.450000000000000000e+01 3.723059449374051179e-05
1.450000000000000000e+01 4.238886080801636057e-05
1.450000000000000000e+01 4.238905747692145318e-05
1.450000000000000000e+01 1.301229763160484994e-03
1.450000000000000000e+01 1.301230210466881127e-03
1.450000000000000000e+01 2.269277541721853239e-03
1.450000000000000000e+01 2.269280362643352235e-03
1.450000000000000000e+01 9.981490563219695966e-01
1.450000000000000000e+01 9.981490578180830520e-01
1.450000000000000000e+01 9.987381597779207976e-01
1.450000000000000000e+01 9.987381604233517285e-01
1.450000000000000000e+01 9.999631923487996010e-01
1.450000000000000000e+01 9.999631925499232743e-01
1.450000000000000000e+01 9.999675028127343879e-01
1.450000000000000000e+01 9.999675030117156638e-01
1.450000000000000000e+01 9.999998406473452617e-01
1.450000000000000000e+01 9.999998406494473580e-01
1.450000000000000000e+01 9.999998409724368820e-01
1.450000000000000000e+01 9.999998409743988681e-01
1.550000000000000000e+01 1.701187551136304924e-06
1.550000000000000000e+01 1.701201742635752311e-06
1.550000000000000000e+01 1.740505048200511117e-06
1.550000000000000000e+01 1.740518308920133400e-06
1.550000000000000000e+01 2.387483013476303058e-04
1.550000000000000000e+01 2.387485256509399559e-04
1.550000000000000000e+01 3.127102014448189483e-04
1.550000000000000000e+01 3.127107076212795036e-04
1.550000000000000000e+01 3.115181682113521335e-03
1.550000000000000000e+01 3.115182503096715523e-03
1.550000000000000000e+01 9.972104042443165062e-01
1.550000000000000000e+01 9.972104047779530855e-01
1.550000000000000000e+01 9.997261617652081211e-01
1.550000000000000000e+01 9.997261626638295207e-01
1.550000000000000000e+01 9.997809670110204827e-01
1.550000000000000000e+01 9.997809675760078729e-01
1.550000000000000000e+01 9.999984899683918016e-01
1.550000000000000000e+01 9.999984900038919600e-01
1.550000000000000000e+01 9.999985270816756922e-01
1.550000000000000000e+01 9.999985271173684742e-01
1.650000000000000000e+01 1.539969068517910692e-05
1.650000000000000000e+01 1.539977470236174602e-05
1.650000000000000000e+01 1.672102162398682288e-05
1.650000000000000000e+01 1.672112805962234233e-05
1.650000000000000000e+01 1.154981031745387372e-03
1.650000000000000000e+01 1.154981817817417973e-03
1.650000000000000000e+01 1.677585534622527989e-03
1.650000000000000000e+01 1.677586176757918639e-03
1.650000000000000000e+01 9.985651031172225744e-01
1.650000000000000000e+01 9.985651039517208227e-01
1.650000000000000000e+01 9.988771621504654030e-01
1.650000000000000000e+01 9.988771633062988320e-01
1.650000000000000000e+01 9.999852214532941597e-01
1.650000000000000000e+01 9.999852214816827845e-01
1.650000000000000000e+01 9.999862976312368090e-01
1.650000000000000000e+01 9.999862976456718178e-01
1.750000000000000000e+01 1.325104807060397424e-04
1.750000000000000000e+01 1.325106022168372872e-04
1.750000000000000000e+01 1.564282967113867298e-04
1.750000000000000000e+01 1.564284987068043553e-04
1.750000000000000000e+01 2.790960226505919805e-03
1.750000000000000000e+01 2.790961906622771004e-03
1.750000000000000000e+01 9.974165979356666156e-01
1.750000000000000000e+01 9.974165995658280659e-01
1.750000000000000000e+01 9.998601836391765030e-01
1.750000000000000000e+01 9.998601840903847959e-01
1.750000000000000000e+01 9.998773529232366508e-01
1.750000000000000000e+01 9.998773532621615390e-01
1.850000000000000000e+01 9.033173323830970096e-04
1.850000000000000000e+01 9.033182195048927374e-04
1.850000000000000000e+01 1.113944395811528910e-03
1.850000000000000000e+01 1.113945994482008544e-03
1.850000000000000000e+01 9.990058823230193452e-01
1.850000000000000000e+01 9.990058825440485402e-01
1.850000000000000000e+01 9.991212043340099713e-01
1.850000000000000000e+01 9.991212045401847153e-01
1.950000000000000000e+01 2.543544352695520372e-03
1.950000000000000000e+01 2.543544711189969342e-03
1.950000000000000000e+01 9.975799686443409531e-01
1.950000000000000000e+01 9.975799689854700780e-01
