-9.500000000000000000e+00 9.056396176949399121e-03
-9.500000000000000000e+00 9.056399759661033430e-03
-9.500000000000000000e+00 9.896145585134468181e-01
-9.500000000000000000e+00 9.896145626164191134e-01
-8.500000000000000000e+00 3.305211639217691105e-03
-8.500000000000000000e+00 3.305212199508697404e-03
-8.500000000000000000e+00 4.049434593683694412e-03
-8.500000000000000000e+00 4.049436733766003695e-03
-8.500000000000000000e+00 9.943955256012945165e-01
-8.500000000000000000e+00 9.943955304016205421e-01
-8.500000000000000000e+00 9.964263968587830922e-01
-8.500000000000000000e+00 9.964264015792249074e-01
-7.500000000000000000e+00 5.071465583019320149e-04
-7.500000000000000000e+00 5.071467317637723925e-04
-7.500000000000000000e+00 6.364098147455903281e-04
-7.500000000000000000e+00 6.364101204533578054e-04
-7.500000000000000000e+00 1.027777986532231284e-02
-7.500000000000000000e+00 1.027778532303979045e-02
-7.500000000000000000e+00 9.867632552662914946e-01
-7.500000000000000000e+00 9.867632604535087060e-01
-7.500000000000000000e+00 9.991346527029345559e-01
-7.500000000000000000e+00 9.991346529745583904e-01
-7.500000000000000000e+00 9.993608538094347349e-01
-7.500000000000000000e+00 9.993608544973984209e-01
-6.500000000000000000e+00 6.929170290551405159e-05
-6.500000000000000000e+00 6.929176635612783325e-05
-6.500000000000000000e+00 7.729878839233191869e-05
-6.500000000000000000e+00 7.729884416369473422e-05
-6.500000000000000000e+00 4.303071476480129116e-03
-6.500000000000000000e+00 4.303073137627950843e-03
-6.500000000000000000e+00 6.712166839409284581e-03
-6.500000000000000000e+00 6.712169133889654173e-03
-6.500000000000000000e+00 9.888211247292818529e-01
-6.500000000000000000e+00 9.888211329452429865e-01
-6.500000000000000000e+00 9.952908915630447328e-01
-6.500000000000000000e+00 9.952908973122562841e-01
-6.500000000000000000e+00 9.998898175640646979e-01
-6.500000000000000000e+00 9.998898182255255840e-01
-6.500000000000000000e+00 9.999000716308682479e-01
-6.500000000000000000e+00 9.999000722549591380e-01
-5.500000000000000000e+00 9.758038130538186563e-06
-5.500000000000000000e+00 9.758072823276228453e-06
-5.500000000000000000e+00 9.829100459253724186e-06
-5.500000000000000000e+00 9.829143134473661275e-06
-5.500000000000000000e+00 9.761117938676457670e-04
-5.500000000000000000e+00 9.761129526367731853e-04
-5.500000000000000000e+00 1.419305052471088718e-03
-5.500000000000000000e+00 1.419307935326469348e-03
-5.500000000000000000e+00 1.232359283387406135e-02
-5.500000000000000000e+00 1.232360110133208855e-02
-5.500000000000000000e+00 9.802562054753514165e-01
-5.500000000000000000e+00 9.802562113902488772e-01
-5.500000000000000000e+00 9.979852498511780912e-01
-5.500000000000000000e+00 9.979852545076951520e-01
-5.500000000000000000e+00 9.986774328455427785e-01
-5.500000000000000000e+00 9.986774348938500800e-01
-5.500000000000000000e+00 9.999844971865252674e-01
-5.500000000000000000e+00 9.999844977037816163e-01
-5.500000000000000000e+00 9.999847785124825750e-01
-5.500000000000000000e+00 9.999847790307793138e-01
-4.500000000000000000e+00 1.445115861014601134e-06
-4.500000000000000000e+00 1.445167716894713851e-06
-4.500000000000000000e+00 1.469471309007715067e-06
-4.500000000000000000e+00 1.469525936066728123e-06
-4.500000000000000000e+00 1.961616242905866818e-04
-4.500000000000000000e+00 1.961625053171619983e-04
-4.500000000000000000e+00 2.252771896847590750e-04
-4.500000000000000000e+00 2.252784494820671063e-04
-4.500000000000000000e+00 4.954053769283386921e-03
-4.500000000000000000e+00 4.954055203402077043e-03
-4.500000000000000000e+00 1.050336147241783327e-02
-4.500000000000000000e+00 1.050336271438883327e-02
-4.500000000000000000e+00 9.762749430328524491e-01
-4.500000000000000000e+00 9.762749520605018549e-01
-4.500000000000000000e+00 9.943849206073946956e-01
-4.500000000000000000e+00 9.943849212465187826e-01
-4.500000000000000000e+00 9.996541560411779104e-01
-4.500000000000000000e+00 9.996541575877982977e-01
-4.500000000000000000e+00 9.996729037537659401e-01
-4.500000000000000000e+00 9.996729056705828675e-01
-4.500000000000000000e+00 9.999974581554967878e-01
-4.500000000000000000e+00 9.999974582250776844e-01
-4.500000000000000000e+00 9.999975163817514945e-01
-4.500000000000000000e+00 9.999975164468510869e-01
-3.500000000000000000e+00 2.504594863015509512e-07
-3.500000000000000000e+00 2.504815877839991276e-07
-3.500000000000000000e+00 2.512229141253249614e-07
-3.500000000000000000e+00 2.512451406167691870e-07
-3.500000000000000000e+00 3.752296049882014578e-05
-3.500000000000000000e+00 3.752379370883226009e-05
-3.500000000000000000e+00 3.885711957528386928e-05
-3.500000000000000000e+00 3.885796111791575436e-05
-3.500000000000000000e+00 1.510125856952003465e-03
-3.500000000000000000e+00 1.510128690103952403e-03
-3.500000000000000000e+00 2.382920268882972922e-03
-3.500000000000000000e+00 2.382923971384502248e-03
-3.500000000000000000e+00 1.627667117523455900e-02
-3.500000000000000000e+00 1.627667955719579174e-02
-3.500000000000000000e+00 9.589126620515247001e-01
-3.500000000000000000e+00 9.589126742678375503e-01
-3.500000000000000000e+00 9.966381267652425491e-01
-3.500000000000000000e+00 9.966381284681153918e-01
-3.500000000000000000e+00 9.975807588700619233e-01
-3.500000000000000000e+00 9.975807600032543521e-01
-3.500000000000000000e+00 9.999264119213190360e-01
-3.500000000000000000e+00 9.999264121892196266e-01
-3.500000000000000000e+00 9.999332907123255065e-01
-3.500000000000000000e+00 9.999332908743820969e-01
-3.500000000000000000e+00 9.999995180919052373e-01
-3.500000000000000000e+00 9.999995181060056249e-01
-3.500000000000000000e+00 9.999995190353169194e-01
-3.500000000000000000e+00 9.999995190493919939e-01
-2.500000000000000000e+00 5.119608995785835018e-08
-2.500000000000000000e+00 5.121552256841678524e-08
-2.500000000000000000e+00 5.138417525020519954e-08
-2.500000000000000000e+00 5.140365309060063604e-08
-2.500000000000000000e+00 7.476306113724432066e-06
-2.500000000000000000e+00 7.476479058310736962e-06
-2.500000000000000000e+00 7.743494878900991391e-06
-2.500000000000000000e+00 7.743674253634009837e-06
-2.500000000000000000e+00 4.276878061692702287e-04
-2.500000000000000000e+00 4.276889243446791561e-04
-2.500000000000000000e+00 4.632287965055429898e-04
-2.500000000000000000e+00 4.632293486444058863e-04
-2.500000000000000000e+00 5.533318062234992077e-03
-2.500000000000000000e+00 5.533323950101457292e-03
-2.500000000000000000e+00 1.683337854659905722e-02
-2.500000000000000000e+00 1.683340201398169159e-02
-2.500000000000000000e+00 9.299375653025722110e-01
-2.500000000000000000e+00 9.299376899413757114e-01
-2.500000000000000000e+00 9.929607988589401746e-01
-2.500000000000000000e+00 9.929608031169929738e-01
-2.500000000000000000e+00 9.990474477203193926e-01
-2.500000000000000000e+00 9.990474488723402047e-01
-2.500000000000000000e+00 9.992003513604084119e-01
-2.500000000000000000e+00 9.992003522011153605e-01
-2.500000000000000000e+00 9.999835260228963074e-01
-2.500000000000000000e+00 9.999835262418117487e-01
-2.500000000000000000e+00 9.999838934075251373e-01
-2.500000000000000000e+00 9.999838936173408577e-01
-2.500000000000000000e+00 9.999998880715472716e-01
-2.500000000000000000e+00 9.999998880983002048e-01
-2.500000000000000000e+00 9.999998885425862571e-01
-2.500000000000000000e+00 9.999998885692578110e-01
-1.500000000000000000e+00 1.243516493714784566e-08
-1.500000000000000000e+00 1.244716160904053066e-08
-1.500000000000000000e+00 1.245330194192126465e-08
-1.500000000000000000e+00 1.246532867047527697e-08
-1.500000000000000000e+00 1.691369020337178699e-06
-1.500000000000000000e+00 1.691446924848723394e-06
-1.500000000000000000e+00 1.707271417793025616e-06
-1.500000000000000000e+00 1.707348940734988718e-06
-1.500000000000000000e+00 9.640541741462984790e-05
-1.500000000000000000e+00 9.640611272527637712e-05
-1.500000000000000000e+00 1.075285132238354099e-04
-1.500000000000000000e+00 1.075291452092550952e-04
-1.500000000000000000e+00 2.176782952604298330e-03
-1.500000000000000000e+00 2.176791349327519571e-03
-1.500000000000000000e+00 3.309195904591840688e-03
-1.500000000000000000e+00 3.309201351599738369e-03
-1.500000000000000000e+00 2.217703170910400451e-02
-1.500000000000000000e+00 2.217704874394322775e-02
-1.500000000000000000e+00 8.509995378706789459e-01
-1.500000000000000000e+00 8.509996068922026646e-01
-1.500000000000000000e+00 9.942822266592683533e-01
-1.500000000000000000e+00 9.942822381963001277e-01
-1.500000000000000000e+00 9.953130464022098556e-01
-1.500000000000000000e+00 9.953130468520492435e-01
-1.500000000000000000e+00 9.997225816059551740e-01
-1.500000000000000000e+00 9.997225847597420723e-01
-1.500000000000000000e+00 9.997634629557946573e-01
-1.500000000000000000e+00 9.997634653828969542e-01
-1.500000000000000000e+00 9.999954858819348757e-01
-1.500000000000000000e+00 9.999954864883590089e-01
-1.500000000000000000e+00 9.999956120775558288e-01
-1.500000000000000000e+00 9.999956126712138404e-01
-1.500000000000000000e+00 9.999999682623035291e-01
-1.500000000000000000e+00 9.999999682911724364e-01
-1.500000000000000000e+00 9.999999683085269986e-01
-1.500000000000000000e+00 9.999999683373089754e-01
-5.000000000000000000e-01 3.249495029072149837e-09
-5.000000000000000000e-01 3.252064241345589906e-09
-5.000000000000000000e-01 3.252635840499484045e-09
-5.000000000000000000e-01 3.255206772955665485e-09
-5.000000000000000000e-01 3.800598417205602167e-07
-5.000000000000000000e-01 3.801024891246876421e-07
-5.000000000000000000e-01 3.821760607064018137e-07
-5.000000000000000000e-01 3.822201554335312325e-07
-5.000000000000000000e-01 2.092548843841973575e-05
-5.000000000000000000e-01 2.092598232418665461e-05
-5.000000000000000000e-01 2.153341748646689098e-05
-5.000000000000000000e-01 2.153392669564793758e-05
-5.000000000000000000e-01 6.796087143985076384e-04
-5.000000000000000000e-01 6.796129589810250265e-04
-5.000000000000000000e-01 6.864957728070501981e-04
-5.000000000000000000e-01 6.865008741506517563e-04
-5.000000000000000000e-01 5.834538690864630485e-03
-5.000000000000000000e-01 5.834543151656349132e-03
-5.000000000000000000e-01 1.901689591770160462e-02
-5.000000000000000000e-01 1.901691880865754095e-02
-5.000000000000000000e-01 6.600988265163245661e-01
-5.000000000000000000e-01 6.600989736228898286e-01
-5.000000000000000000e-01 9.869317181756617208e-01
-5.000000000000000000e-01 9.869317334908014328e-01
-5.000000000000000000e-01 9.972904721272950468e-01
-5.000000000000000000e-01 9.972904728888993819e-01
-5.000000000000000000e-01 9.982673385895506346e-01
-5.000000000000000000e-01 9.982673404766845282e-01
-5.000000000000000000e-01 9.999175111441829245e-01
-5.000000000000000000e-01 9.999175117565270998e-01
-5.000000000000000000e-01 9.999237161048954992e-01
-5.000000000000000000e-01 9.999237167105562429e-01
-5.000000000000000000e-01 9.999986213558534898e-01
-5.000000000000000000e-01 9.999986214645000260e-01
-5.000000000000000000e-01 9.999986290518932952e-01
-5.000000000000000000e-01 9.999986291568502272e-01
-5.000000000000000000e-01 9.999999895171920450e-01
-5.000000000000000000e-01 9.999999895183839804e-01
-5.000000000000000000e-01 9.999999895491017421e-01
-5.000000000000000000e-01 9.999999895502932334e-01
5.000000000000000000e-01 1.046203275639674087e-08
5.000000000000000000e-01 1.046585260891990235e-08
5.000000000000000000e-01 1.046663953679548139e-08
5.000000000000000000e-01 1.047045308422725320e-08
5.000000000000000000e-01 1.370880479486163343e-06
5.000000000000000000e-01 1.370994681739108836e-06
5.000000000000000000e-01 1.378490822646222791e-06
5.000000000000000000e-01 1.378605871978215096e-06
5.000000000000000000e-01 7.628442968284547359e-05
5.000000000000000000e-01 7.628453537339859828e-05
5.000000000000000000e-01 8.248749961540733906e-05
5.000000000000000000e-01 8.248763971369499207e-05
5.000000000000000000e-01 1.732657398098011231e-03
5.000000000000000000e-01 1.732664916905067142e-03
5.000000000000000000e-01 2.709520598431217325e-03
5.000000000000000000e-01 2.709532940756841958e-03
5.000000000000000000e-01 1.306826569308106034e-02
5.000000000000000000e-01 1.306827107770603541e-02
5.000000000000000000e-01 3.399010501120716121e-01
5.000000000000000000e-01 3.399011466302177542e-01
5.000000000000000000e-01 9.809830761161636437e-01
5.000000000000000000e-01 9.809831084645250776e-01
5.000000000000000000e-01 9.941654569001281416e-01
5.000000000000000000e-01 9.941654657230604153e-01
5.000000000000000000e-01 9.993135010030934628e-01
5.000000000000000000e-01 9.993135031103010935e-01
5.000000000000000000e-01 9.993203878034727650e-01
5.000000000000000000e-01 9.993203892228842422e-01
5.000000000000000000e-01 9.999784658914514512e-01
5.000000000000000000e-01 9.999784665328997901e-01
5.000000000000000000e-01 9.999790740760758911e-01
5.000000000000000000e-01 9.999790747341450459e-01
5.000000000000000000e-01 9.999996176393418645e-01
5.000000000000000000e-01 9.999996176890256772e-01
5.000000000000000000e-01 9.999996200305713012e-01
5.000000000000000000e-01 9.999996200793450640e-01
5.000000000000000000e-01 9.999999967408896850e-01
5.000000000000000000e-01 9.999999967462229744e-01
5.000000000000000000e-01 9.999999967490780239e-01
5.000000000000000000e-01 9.999999967543999890e-01
1.500000000000000000e+00 3.166491353338889715e-08
1.500000000000000000e+00 3.166957082092366647e-08
1.500000000000000000e+00 3.173075368044684390e-08
1.500000000000000000e+00 3.173544913962669126e-08
1.500000000000000000e+00 4.387439798392623772e-06
1.500000000000000000e+00 4.387548839530250832e-06
1.500000000000000000e+00 4.513885402271761500e-06
1.500000000000000000e+00 4.513999321145149974e-06
1.500000000000000000e+00 2.365348416173393192e-04
1.500000000000000000e+00 2.365361460540169709e-04
1.500000000000000000e+00 2.774166419929837324e-04
1.500000000000000000e+00 2.774183929761270414e-04
1.500000000000000000e+00 4.686958996563777430e-03
1.500000000000000000e+00 4.686960454951831848e-03
1.500000000000000000e+00 5.717761228846968309e-03
1.500000000000000000e+00 5.717761951424683853e-03
1.500000000000000000e+00 1.490002516429129453e-01
1.500000000000000000e+00 1.490002755092863229e-01
1.500000000000000000e+00 9.778229800164268681e-01
1.500000000000000000e+00 9.778229835794776115e-01
1.500000000000000000e+00 9.966907997386605933e-01
1.500000000000000000e+00 9.966908067550988015e-01
1.500000000000000000e+00 9.978232092205570058e-01
1.500000000000000000e+00 9.978232160879858537e-01
1.500000000000000000e+00 9.998924697007350870e-01
1.500000000000000000e+00 9.998924705176048811e-01
1.500000000000000000e+00 9.999035946604833969e-01
1.500000000000000000e+00 9.999035953742786420e-01
1.500000000000000000e+00 9.999982925174113468e-01
1.500000000000000000e+00 9.999982927083186368e-01
1.500000000000000000e+00 9.999983085774662994e-01
1.500000000000000000e+00 9.999983087645385460e-01
1.500000000000000000e+00 9.999999875374973035e-01
1.500000000000000000e+00 9.999999875453878806e-01
1.500000000000000000e+00 9.999999875541409899e-01
1.500000000000000000e+00 9.999999875620310119e-01
2.500000000000000000e+00 1.114224633162130846e-07
2.500000000000000000e+00 1.114243555601282863e-07
2.500000000000000000e+00 1.119348869418660938e-07
2.500000000000000000e+00 1.119367877398404778e-07
2.500000000000000000e+00 1.610642361555053359e-05
2.500000000000000000e+00 1.610659960822109120e-05
2.500000000000000000e+00 1.647376695829693368e-05
2.500000000000000000e+00 1.647394173684581971e-05
2.500000000000000000e+00 7.996497145654421230e-04
2.500000000000000000e+00 7.996502330880456665e-04
2.500000000000000000e+00 9.525496175537899153e-04
2.500000000000000000e+00 9.525503339745418482e-04
2.500000000000000000e+00 7.039193264249164229e-03
2.500000000000000000e+00 7.039199238185163757e-03
2.500000000000000000e+00 7.006237325058306542e-02
2.500000000000000000e+00 7.006243986333886287e-02
2.500000000000000000e+00 9.831666043186512161e-01
2.500000000000000000e+00 9.831666179243421233e-01
2.500000000000000000e+00 9.944666753208378784e-01
2.500000000000000000e+00 9.944666802579359421e-01
2.500000000000000000e+00 9.995367712442124741e-01
2.500000000000000000e+00 9.995367720943121315e-01
2.500000000000000000e+00 9.995723104095358691e-01
2.500000000000000000e+00 9.995723113587214881e-01
2.500000000000000000e+00 9.999922564058520980e-01
2.500000000000000000e+00 9.999922566763318477e-01
2.500000000000000000e+00 9.999925233508790701e-01
2.500000000000000000e+00 9.999925236082721769e-01
2.500000000000000000e+00 9.999999486070777488e-01
2.500000000000000000e+00 9.999999486332510346e-01
2.500000000000000000e+00 9.999999487671044074e-01
2.500000000000000000e+00 9.999999487932111908e-01
3.500000000000000000e+00 4.809259616366052590e-07
3.500000000000000000e+00 4.809403277915111938e-07
3.500000000000000000e+00 4.819186740642971834e-07
3.500000000000000000e+00 4.819330968049322160e-07
3.500000000000000000e+00 6.670895869622029588e-05
3.500000000000000000e+00 6.670956437285651449e-05
3.500000000000000000e+00 7.358750345120373905e-05
3.500000000000000000e+00 7.358820197540974592e-05
3.500000000000000000e+00 2.419236579913661318e-03
3.500000000000000000e+00 2.419240062189086798e-03
3.500000000000000000e+00 3.361874620844161610e-03
3.500000000000000000e+00 3.361878090828584239e-03
3.500000000000000000e+00 4.108730437753295439e-02
3.500000000000000000e+00 4.108733593767423947e-02
3.500000000000000000e+00 9.837233010971105918e-01
3.500000000000000000e+00 9.837233230726865063e-01
3.500000000000000000e+00 9.976170765841750887e-01
3.500000000000000000e+00 9.976170785301404775e-01
3.500000000000000000e+00 9.984898729169154885e-01
3.500000000000000000e+00 9.984898746506162270e-01
3.500000000000000000e+00 9.999611421738823225e-01
3.500000000000000000e+00 9.999611427595269664e-01
3.500000000000000000e+00 9.999624763724775933e-01
3.500000000000000000e+00 9.999624769177126726e-01
3.500000000000000000e+00 9.999997488116374456e-01
3.500000000000000000e+00 9.999997488181483485e-01
3.500000000000000000e+00 9.999997494772544515e-01
3.500000000000000000e+00 9.999997494837630230e-01
4.500000000000000000e+00 2.483552226181218413e-06
4.500000000000000000e+00 2.483617028130585977e-06
4.500000000000000000e+00 2.541775825140074086e-06
4.500000000000000000e+00 2.541844335144541465e-06
4.500000000000000000e+00 3.270949109852257274e-04
4.500000000000000000e+00 3.270955421799835922e-04
4.500000000000000000e+00 3.458429844832519866e-04
4.500000000000000000e+00 3.458440936435047794e-04
4.500000000000000000e+00 5.615079720599733780e-03
4.500000000000000000e+00 5.615083441765933610e-03
4.500000000000000000e+00 2.372505138340727168e-02
4.500000000000000000e+00 2.372507566079475050e-02
4.500000000000000000e+00 9.894966270545666465e-01
4.500000000000000000e+00 9.894966356381287298e-01
4.500000000000000000e+00 9.950459435493209659e-01
4.500000000000000000e+00 9.950459451373542263e-01
4.500000000000000000e+00 9.997747202408068246e-01
4.500000000000000000e+00 9.997747212325411859e-01
4.500000000000000000e+00 9.998038387296446228e-01
4.500000000000000000e+00 9.998038393201841290e-01
4.500000000000000000e+00 9.999985303377604273e-01
4.500000000000000000e+00 9.999985304074382464e-01
4.500000000000000000e+00 9.999985549501433368e-01
4.500000000000000000e+00 9.999985550202528106e-01
5.500000000000000000e+00 1.522116030183467806e-05
5.500000000000000000e+00 1.522136054378216228e-05
5.500000000000000000e+00 1.550243554550499139e-05
5.500000000000000000e+00 1.550263109460910558e-05
5.500000000000000000e+00 1.322566380791175781e-03
5.500000000000000000e+00 1.322568065392862010e-03
5.500000000000000000e+00 2.014745509296313533e-03
5.500000000000000000e+00 2.014747626769362865e-03
5.500000000000000000e+00 1.974378471377541411e-02
5.500000000000000000e+00 1.974379137412503663e-02
5.500000000000000000e+00 9.876764007531851908e-01
5.500000000000000000e+00 9.876764066035269574e-01
5.500000000000000000e+00 9.985806904890440761e-01
5.500000000000000000e+00 9.985806939995202081e-01
5.500000000000000000e+00 9.990238873052085244e-01
5.500000000000000000e+00 9.990238892369915913e-01
5.500000000000000000e+00 9.999901708113492216e-01
5.500000000000000000e+00 9.999901709475037537e-01
5.500000000000000000e+00 9.999902418696021700e-01
5.500000000000000000e+00 9.999902420060163832e-01
6.500000000000000000e+00 9.992735793509472471e-05
6.500000000000000000e+00 9.992772659438740673e-05
6.500000000000000000e+00 1.101825016928936323e-04
6.500000000000000000e+00 1.101828945324522581e-04
6.500000000000000000e+00 4.709105133121238747e-03
6.500000000000000000e+00 4.709107061451972553e-03
6.500000000000000000e+00 1.117887580868085103e-02
6.500000000000000000e+00 1.117887996132740404e-02
6.500000000000000000e+00 9.932878246236700459e-01
6.500000000000000000e+00 9.932878297668795708e-01
6.500000000000000000e+00 9.956969273094276041e-01
6.500000000000000000e+00 9.956969284808611098e-01
6.500000000000000000e+00 9.999227008624206325e-01
6.500000000000000000e+00 9.999227015634590821e-01
6.500000000000000000e+00 9.999307079110215657e-01
6.500000000000000000e+00 9.999307085290687347e-01
7.500000000000000000e+00 6.391465012952455985e-04
7.500000000000000000e+00 6.391472265488198088e-04
7.500000000000000000e+00 8.653459081785889757e-04
7.500000000000000000e+00 8.653470141610540914e-04
7.500000000000000000e+00 1.323673511456732559e-02
7.500000000000000000e+00 1.323674608475319987e-02
7.500000000000000000e+00 9.897222125422996397e-01
7.500000000000000000e+00 9.897222206040688919e-01
7.500000000000000000e+00 9.993635889355142465e-01
7.500000000000000000e+00 9.993635904971431838e-01
7.500000000000000000e+00 9.994928525682899023e-01
7.500000000000000000e+00 9.994928540541979656e-01
8.500000000000000000e+00 3.573600155342253511e-03
8.500000000000000000e+00 3.573601153810339933e-03
8.500000000000000000e+00 5.604471366388470537e-03
8.500000000000000000e+00 5.604472533410462601e-03
8.500000000000000000e+00 9.959505634653242900e-01
8.500000000000000000e+00 9.959505647683984941e-01
8.500000000000000000e+00 9.966947882377021894e-01
8.500000000000000000e+00 9.966947885734341872e-01
9.500000000000000000e+00 1.038543980997791091e-02
9.500000000000000000e+00 1.038544436965716140e-02
9.500000000000000000e+00 9.909435977228123749e-01
9.500000000000000000e+00 9.909436017043232736e-01
