-9.500000000000000000e+00 3.859409845809132211e-02
-9.500000000000000000e+00 3.859410529547919327e-02
-9.500000000000000000e+00 9.531403152133904877e-01
-9.500000000000000000e+00 9.531403234437459959e-01
-8.500000000000000000e+00 1.390881674852791072e-02
-8.500000000000000000e+00 1.390881717470595150e-02
-8.500000000000000000e+00 1.556174602573814382e-02
-8.500000000000000000e+00 1.556174875383106032e-02
-8.500000000000000000e+00 9.753391205395146590e-01
-8.500000000000000000e+00 9.753391248961903459e-01
-8.500000000000000000e+00 9.843039673300424397e-01
-8.500000000000000000e+00 9.843039677221558925e-01
-7.500000000000000000e+00 1.963814823430459159e-03
-7.500000000000000000e+00 1.963815288818733951e-03
-7.500000000000000000e+00 2.324524728571915159e-03
-7.500000000000000000e+00 2.324525416790398664e-03
-7.500000000000000000e+00 4.167311016901549536e-02
-7.500000000000000000e+00 4.167311683979011555e-02
-7.500000000000000000e+00 9.413046422005485470e-01
-7.500000000000000000e+00 9.413046522934361837e-01
-7.500000000000000000e+00 9.963328547227739973e-01
-7.500000000000000000e+00 9.963328579060221069e-01
-7.500000000000000000e+00 9.972368122082081454e-01
-7.500000000000000000e+00 9.972368148625813111e-01
-6.500000000000000000e+00 2.434780071787751412e-04
-6.500000000000000000e+00 2.434790566064817406e-04
-6.500000000000000000e+00 2.655321186963642251e-04
-6.500000000000000000e+00 2.655332545536980330e-04
-6.500000000000000000e+00 1.794847051949003888e-02
-6.500000000000000000e+00 1.794847727696275569e-02
-6.500000000000000000e+00 2.328942469037342117e-02
-6.500000000000000000e+00 2.328943214892360836e-02
-6.500000000000000000e+00 9.531243981095042228e-01
-6.500000000000000000e+00 9.531244049638865068e-01
-6.500000000000000000e+00 9.793761090369050848e-01
-6.500000000000000000e+00 9.793761231491519004e-01
-6.500000000000000000e+00 9.995484050705812917e-01
-6.500000000000000000e+00 9.995484053737013763e-01
-6.500000000000000000e+00 9.995862930272157998e-01
-6.500000000000000000e+00 9.995862934133984412e-01
-5.500000000000000000e+00 3.059069014123609408e-05
-5.500000000000000000e+00 3.059097229339642669e-05
-5.500000000000000000e+00 3.076429047321191580e-05
-5.500000000000000000e+00 3.076459518120661882e-05
-5.500000000000000000e+00 3.600553994350382241e-03
-5.500000000000000000e+00 3.600556635447683170e-03
-5.500000000000000000e+00 4.749423297283274399e-03
-5.500000000000000000e+00 4.749427531129853282e-03
-5.500000000000000000e+00 4.547176289493801843e-02
-5.500000000000000000e+00 4.547177058030952429e-02
-5.500000000000000000e+00 9.181891637088607228e-01
-5.500000000000000000e+00 9.181891888723138218e-01
-5.500000000000000000e+00 9.917756914544690883e-01
-5.500000000000000000e+00 9.917756983225701761e-01
-5.500000000000000000e+00 9.944270202294717143e-01
-5.500000000000000000e+00 9.944270245924384799e-01
-5.500000000000000000e+00 9.999402207615564198e-01
-5.500000000000000000e+00 9.999402211227591541e-01
-5.500000000000000000e+00 9.999408869134821520e-01
-5.500000000000000000e+00 9.999408872913273516e-01
-4.500000000000000000e+00 3.931644189815781529e-06
-4.500000000000000000e+00 3.931715822829590834e-06
-4.500000000000000000e+00 3.999319391312223665e-06
-4.500000000000000000e+00 3.999392224592785786e-06
-4.500000000000000000e+00 6.147412681141079839e-04
-4.500000000000000000e+00 6.147422105545663398e-04
-4.500000000000000000e+00 6.883791138083325805e-04
-4.500000000000000000e+00 6.883801621317728976e-04
-4.500000000000000000e+00 2.026221268864495870e-02
-4.500000000000000000e+00 2.026222165579443998e-02
-4.500000000000000000e+00 3.044991066760696641e-02
-4.500000000000000000e+00 3.044991551108004388e-02
-4.500000000000000000e+00 9.127557425836750893e-01
-4.500000000000000000e+00 9.127557736586243697e-01
-4.500000000000000000e+00 9.756572216771302042e-01
-4.500000000000000000e+00 9.756572297414479733e-01
-4.500000000000000000e+00 9.986655704532230171e-01
-4.500000000000000000e+00 9.986655728483569971e-01
-4.500000000000000000e+00 9.987460738163035368e-01
-4.500000000000000000e+00 9.987460761456176117e-01
-4.500000000000000000e+00 9.999911117864360710e-01
-4.500000000000000000e+00 9.999911120232506390e-01
-4.500000000000000000e+00 9.999912162241374469e-01
-4.500000000000000000e+00 9.999912164584727758e-01
-3.500000000000000000e+00 5.576178324240624493e-07
-3.500000000000000000e+00 5.576321210337410435e-07
-3.500000000000000000e+00 5.619494306444236420e-07
-3.500000000000000000e+00 5.619636609443019488e-07
-3.500000000000000000e+00 9.790773094734861080e-05
-3.500000000000000000e+00 9.790789257678254160e-05
-3.500000000000000000e+00 1.002453016632387273e-04
-3.500000000000000000e+00 1.002454610010498611e-04
-3.500000000000000000e+00 5.061080150558765894e-03
-3.500000000000000000e+00 5.061080452354314516e-03
-3.500000000000000000e+00 7.140017937230595454e-03
-3.500000000000000000e+00 7.140023474089000378e-03
-3.500000000000000000e+00 4.922279268143228692e-02
-3.500000000000000000e+00 4.922280605456042651e-02
-3.500000000000000000e+00 8.623824494741135771e-01
-3.500000000000000000e+00 8.623824889762372603e-01
-3.500000000000000000e+00 9.866747184493734890e-01
-3.500000000000000000e+00 9.866747326613816149e-01
-3.500000000000000000e+00 9.905383049023976927e-01
-3.500000000000000000e+00 9.905383091360836501e-01
-3.500000000000000000e+00 9.997535947902330689e-01
-3.500000000000000000e+00 9.997535948735422062e-01
-3.500000000000000000e+00 9.997677357974805723e-01
-3.500000000000000000e+00 9.997677359081053039e-01
-3.500000000000000000e+00 9.999985282324724833e-01
-3.500000000000000000e+00 9.999985282894459093e-01
-3.500000000000000000e+00 9.999985430664298791e-01
-3.500000000000000000e+00 9.999985431226037225e-01
-2.500000000000000000e+00 8.580919672053308362e-08
-2.500000000000000000e+00 8.580999783405854768e-08
-2.500000000000000000e+00 8.588220440611893291e-08
-2.500000000000000000e+00 8.588299092301200672e-08
-2.500000000000000000e+00 1.501492110703426971e-05
-2.500000000000000000e+00 1.501507266357959169e-05
-2.500000000000000000e+00 1.561378241338196523e-05
-2.500000000000000000e+00 1.561394354988859603e-05
-2.500000000000000000e+00 1.066545337328581424e-03
-2.500000000000000000e+00 1.066547693726231779e-03
-2.500000000000000000e+00 1.172720815125778649e-03
-2.500000000000000000e+00 1.172723206798424820e-03
-2.500000000000000000e+00 2.167231796911459410e-02
-2.500000000000000000e+00 2.167233248391375877e-02
-2.500000000000000000e+00 3.536773350460690329e-02
-2.500000000000000000e+00 3.536774077976004987e-02
-2.500000000000000000e+00 8.173417816867177832e-01
-2.500000000000000000e+00 8.173418293768839327e-01
-2.500000000000000000e+00 9.709989763219042391e-01
-2.500000000000000000e+00 9.709989870268076473e-01
-2.500000000000000000e+00 9.969793014331668202e-01
-2.500000000000000000e+00 9.969793044963568551e-01
-2.500000000000000000e+00 9.971965973328870136e-01
-2.500000000000000000e+00 9.971965994125771005e-01
-2.500000000000000000e+00 9.999538013980355800e-01
-2.500000000000000000e+00 9.999538024468965780e-01
-2.500000000000000000e+00 9.999538038423650965e-01
-2.500000000000000000e+00 9.999538048783254141e-01
-2.500000000000000000e+00 9.999997255043396871e-01
-2.500000000000000000e+00 9.999997255262411677e-01
-2.500000000000000000e+00 9.999997287673915158e-01
-2.500000000000000000e+00 9.999997287888963138e-01
-1.500000000000000000e+00 1.354613026173651862e-08
-1.500000000000000000e+00 1.355156635142297011e-08
-1.500000000000000000e+00 1.356647156376885419e-08
-1.500000000000000000e+00 1.357191252517244369e-08
-1.500000000000000000e+00 2.317327986571685312e-06
-1.500000000000000000e+00 2.317425889289136215e-06
-1.500000000000000000e+00 2.335330036478940393e-06
-1.500000000000000000e+00 2.335427554970775478e-06
-1.500000000000000000e+00 1.785964343818968758e-04
-1.500000000000000000e+00 1.785974881413181226e-04
-1.500000000000000000e+00 1.907729846201043850e-04
-1.500000000000000000e+00 1.907740565246443130e-04
-1.500000000000000000e+00 5.982736922719840422e-03
-1.500000000000000000e+00 5.982739642212793300e-03
-1.500000000000000000e+00 8.479305040831724635e-03
-1.500000000000000000e+00 8.479311427510165949e-03
-1.500000000000000000e+00 4.835892351426895192e-02
-1.500000000000000000e+00 4.835896386477130798e-02
-1.500000000000000000e+00 7.133490688420347503e-01
-1.500000000000000000e+00 7.133491116573272839e-01
-1.500000000000000000e+00 9.818816313288589726e-01
-1.500000000000000000e+00 9.818816358148829693e-01
-1.500000000000000000e+00 9.831052405217935997e-01
-1.500000000000000000e+00 9.831052462553351301e-01
-1.500000000000000000e+00 9.992937944247285431e-01
-1.500000000000000000e+00 9.992937965527970423e-01
-1.500000000000000000e+00 9.993582604618567178e-01
-1.500000000000000000e+00 9.993582622777053004e-01
-1.500000000000000000e+00 9.999903852606375487e-01
-1.500000000000000000e+00 9.999903853082617866e-01
-1.500000000000000000e+00 9.999907566728351016e-01
-1.500000000000000000e+00 9.999907567235422068e-01
-1.500000000000000000e+00 9.999999441180364990e-01
-1.500000000000000000e+00 9.999999441268435652e-01
-1.500000000000000000e+00 9.999999442696841934e-01
-1.500000000000000000e+00 9.999999442784792691e-01
-5.000000000000000000e-01 1.819378540005017355e-09
-5.000000000000000000e-01 1.819539223468172209e-09
-5.000000000000000000e-01 1.821299741701931542e-09
-5.000000000000000000e-01 1.821460511608158878e-09
-5.000000000000000000e-01 2.895833190120969528e-07
-5.000000000000000000e-01 2.896499357533549468e-07
-5.000000000000000000e-01 2.909188745089810976e-07
-5.000000000000000000e-01 2.909858628479348899e-07
-5.000000000000000000e-01 2.424057516648732893e-05
-5.000000000000000000e-01 2.424077660906493717e-05
-5.000000000000000000e-01 2.553453691354662893e-05
-5.000000000000000000e-01 2.553475897430043700e-05
-5.000000000000000000e-01 1.210279759115049985e-03
-5.000000000000000000e-01 1.210282434011991084e-03
-5.000000000000000000e-01 1.303613914058402443e-03
-5.000000000000000000e-01 1.303616141722249017e-03
-5.000000000000000000e-01 2.139033113628474245e-02
-5.000000000000000000e-01 2.139034104879099923e-02
-5.000000000000000000e-01 3.004057489075715251e-02
-5.000000000000000000e-01 3.004058233961543270e-02
-5.000000000000000000e-01 5.855503370844267197e-01
-5.000000000000000000e-01 5.855504215225679765e-01
-5.000000000000000000e-01 9.622515111702841795e-01
-5.000000000000000000e-01 9.622515298685077045e-01
-5.000000000000000000e-01 9.935995138786498648e-01
-5.000000000000000000e-01 9.935995200211004130e-01
-5.000000000000000000e-01 9.950962507601114337e-01
-5.000000000000000000e-01 9.950962553010669343e-01
-5.000000000000000000e-01 9.998514928193117379e-01
-5.000000000000000000e-01 9.998514937163974770e-01
-5.000000000000000000e-01 9.998592970958588566e-01
-5.000000000000000000e-01 9.998592980260779806e-01
-5.000000000000000000e-01 9.999981045823205239e-01
-5.000000000000000000e-01 9.999981046193412437e-01
-5.000000000000000000e-01 9.999981292730450999e-01
-5.000000000000000000e-01 9.999981293092038426e-01
-5.000000000000000000e-01 9.999999885564060387e-01
-5.000000000000000000e-01 9.999999885637280705e-01
-5.000000000000000000e-01 9.999999885745503025e-01
-5.000000000000000000e-01 9.999999885818598999e-01
5.000000000000000000e-01 1.142231495600005213e-08
5.000000000000000000e-01 1.142395009397233411e-08
5.000000000000000000e-01 1.143777285250408000e-08
5.000000000000000000e-01 1.143940995137284507e-08
5.000000000000000000e-01 1.870696931195302213e-06
5.000000000000000000e-01 1.870734681676787011e-06
5.000000000000000000e-01 1.895372920782275070e-06
5.000000000000000000e-01 1.895412108076137648e-06
5.000000000000000000e-01 1.407028590836980687e-04
5.000000000000000000e-01 1.407031267488694545e-04
5.000000000000000000e-01 1.485060414699861271e-04
5.000000000000000000e-01 1.485062064068479301e-04
5.000000000000000000e-01 4.903744588987162673e-03
5.000000000000000000e-01 4.903747377772838152e-03
5.000000000000000000e-01 6.400481146583199971e-03
5.000000000000000000e-01 6.400487380330468351e-03
5.000000000000000000e-01 3.774847258373408704e-02
5.000000000000000000e-01 3.774849052466708321e-02
5.000000000000000000e-01 4.144495929058691353e-01
5.000000000000000000e-01 4.144496352623244784e-01
5.000000000000000000e-01 9.699593979868176286e-01
5.000000000000000000e-01 9.699594264395621224e-01
5.000000000000000000e-01 9.786096697184153426e-01
5.000000000000000000e-01 9.786096727583392108e-01
5.000000000000000000e-01 9.986963814199483203e-01
5.000000000000000000e-01 9.986963816102715219e-01
5.000000000000000000e-01 9.987897217245869097e-01
5.000000000000000000e-01 9.987897222360898608e-01
5.000000000000000000e-01 9.999744650625063125e-01
5.000000000000000000e-01 9.999744654972241298e-01
5.000000000000000000e-01 9.999757591946366597e-01
5.000000000000000000e-01 9.999757596027419870e-01
5.000000000000000000e-01 9.999997090103203146e-01
5.000000000000000000e-01 9.999997090401552269e-01
5.000000000000000000e-01 9.999997103908041529e-01
5.000000000000000000e-01 9.999997104204224607e-01
5.000000000000000000e-01 9.999999981775453683e-01
5.000000000000000000e-01 9.999999981786444891e-01
5.000000000000000000e-01 9.999999981805155480e-01
5.000000000000000000e-01 9.999999981816108940e-01
1.500000000000000000e+00 5.570459420480985131e-08
1.500000000000000000e+00 5.574462168498945855e-08
1.500000000000000000e+00 5.585885072529626955e-08
1.500000000000000000e+00 5.589894056728367077e-08
1.500000000000000000e+00 9.243175095690414698e-06
1.500000000000000000e+00 9.243493309987781733e-06
1.500000000000000000e+00 9.614511211037309396e-06
1.500000000000000000e+00 9.614846782133105635e-06
1.500000000000000000e+00 6.417372141462703494e-04
1.500000000000000000e+00 6.417422636275338073e-04
1.500000000000000000e+00 7.062003517811437465e-04
1.500000000000000000e+00 7.062060863016083505e-04
1.500000000000000000e+00 1.689474486374560602e-02
1.500000000000000000e+00 1.689474939042371129e-02
1.500000000000000000e+00 1.811837288438125637e-02
1.500000000000000000e+00 1.811837439412732412e-02
1.500000000000000000e+00 2.866508913184321883e-01
1.500000000000000000e+00 2.866509753392916804e-01
1.500000000000000000e+00 9.516410317172767641e-01
1.500000000000000000e+00 9.516410653661382391e-01
1.500000000000000000e+00 9.915206882472887839e-01
1.500000000000000000e+00 9.915206917763282890e-01
1.500000000000000000e+00 9.940172610544807386e-01
1.500000000000000000e+00 9.940172664938297098e-01
1.500000000000000000e+00 9.998092263727994533e-01
1.500000000000000000e+00 9.998092271440659484e-01
1.500000000000000000e+00 9.998214024708170777e-01
1.500000000000000000e+00 9.998214031748688946e-01
1.500000000000000000e+00 9.999976647504581484e-01
1.500000000000000000e+00 9.999976648193242834e-01
1.500000000000000000e+00 9.999976824272208686e-01
1.500000000000000000e+00 9.999976824949065035e-01
1.500000000000000000e+00 9.999999864182830267e-01
1.500000000000000000e+00 9.999999864274801142e-01
1.500000000000000000e+00 9.999999864544730777e-01
1.500000000000000000e+00 9.999999864636376357e-01
2.500000000000000000e+00 2.712163878185138102e-07
2.500000000000000000e+00 2.712601281668089474e-07
2.500000000000000000e+00 2.744459839948712845e-07
2.500000000000000000e+00 2.744903537477364675e-07
2.500000000000000000e+00 4.619513968111120137e-05
2.500000000000000000e+00 4.619550943920907330e-05
2.500000000000000000e+00 4.619818608499327405e-05
2.500000000000000000e+00 4.619859224720625386e-05
2.500000000000000000e+00 2.803402115385113767e-03
2.500000000000000000e+00 2.803404655041618829e-03
2.500000000000000000e+00 3.020692716439205439e-03
2.500000000000000000e+00 3.020695155033119479e-03
2.500000000000000000e+00 2.900100553332650780e-02
2.500000000000000000e+00 2.900101502259676625e-02
2.500000000000000000e+00 1.826582046335416543e-01
2.500000000000000000e+00 1.826582604324874237e-01
2.500000000000000000e+00 9.646322492660137637e-01
2.500000000000000000e+00 9.646322662102512213e-01
2.500000000000000000e+00 9.783276724475052921e-01
2.500000000000000000e+00 9.783276760616907985e-01
2.500000000000000000e+00 9.988272740190176080e-01
2.500000000000000000e+00 9.988272755363053479e-01
2.500000000000000000e+00 9.989334564824158269e-01
2.500000000000000000e+00 9.989334577686848071e-01
2.500000000000000000e+00 9.999843862841752973e-01
2.500000000000000000e+00 9.999843865059633297e-01
2.500000000000000000e+00 9.999849846429690325e-01
2.500000000000000000e+00 9.999849848666215735e-01
2.500000000000000000e+00 9.999999141123078195e-01
2.500000000000000000e+00 9.999999141234218181e-01
2.500000000000000000e+00 9.999999141843838313e-01
2.500000000000000000e+00 9.999999141954605264e-01
3.500000000000000000e+00 1.456872781748070089e-06
3.500000000000000000e+00 1.456913214118807223e-06
3.500000000000000000e+00 1.471731480843125246e-06
3.500000000000000000e+00 1.471772178457182978e-06
3.500000000000000000e+00 2.322639241729911952e-04
3.500000000000000000e+00 2.322642580699280958e-04
3.500000000000000000e+00 2.464049745059443994e-04
3.500000000000000000e+00 2.464056032783462744e-04
3.500000000000000000e+00 9.461696012215864079e-03
3.500000000000000000e+00 9.461698130846019072e-03
3.500000000000000000e+00 1.332526792548900316e-02
3.500000000000000000e+00 1.332527087448641227e-02
3.500000000000000000e+00 1.376175538709598634e-01
3.500000000000000000e+00 1.376176092272509699e-01
3.500000000000000000e+00 9.507771726998223150e-01
3.500000000000000000e+00 9.507771874536086187e-01
3.500000000000000000e+00 9.928599757289207073e-01
3.500000000000000000e+00 9.928599807911693276e-01
3.500000000000000000e+00 9.949389190153117291e-01
3.500000000000000000e+00 9.949389217516985129e-01
3.500000000000000000e+00 9.998997537017085824e-01
3.500000000000000000e+00 9.998997547910206674e-01
3.500000000000000000e+00 9.999020919411868435e-01
3.500000000000000000e+00 9.999020931174754656e-01
3.500000000000000000e+00 9.999994380262893223e-01
3.500000000000000000e+00 9.999994380582781783e-01
3.500000000000000000e+00 9.999994423603053573e-01
3.500000000000000000e+00 9.999994423918739939e-01
4.500000000000000000e+00 8.783680857930765311e-06
4.500000000000000000e+00 8.783708140969230744e-06
4.500000000000000000e+00 8.888046933688538857e-06
4.500000000000000000e+00 8.888075052868173409e-06
4.500000000000000000e+00 1.253924742851741936e-03
4.500000000000000000e+00 1.253926859000102645e-03
4.500000000000000000e+00 1.334425387440221810e-03
4.500000000000000000e+00 1.334428285686048302e-03
4.500000000000000000e+00 2.434276802233364262e-02
4.500000000000000000e+00 2.434277708121672726e-02
4.500000000000000000e+00 8.724418643988947342e-02
4.500000000000000000e+00 8.724419922062499888e-02
4.500000000000000000e+00 9.695500953673492628e-01
4.500000000000000000e+00 9.695501033310800487e-01
4.500000000000000000e+00 9.797377865090263205e-01
4.500000000000000000e+00 9.797377878018381780e-01
4.500000000000000000e+00 9.993116198629425906e-01
4.500000000000000000e+00 9.993116210214105788e-01
4.500000000000000000e+00 9.993852578550894705e-01
4.500000000000000000e+00 9.993852592000637136e-01
4.500000000000000000e+00 9.999960006759167630e-01
4.500000000000000000e+00 9.999960006838485294e-01
4.500000000000000000e+00 9.999960682799038381e-01
4.500000000000000000e+00 9.999960682881512408e-01
5.500000000000000000e+00 5.911265538618352115e-05
5.500000000000000000e+00 5.911296429031309170e-05
5.500000000000000000e+00 5.977901752706675075e-05
5.500000000000000000e+00 5.977932938507201109e-05
5.500000000000000000e+00 5.572976703195941031e-03
5.500000000000000000e+00 5.572978148992081826e-03
5.500000000000000000e+00 8.224305199440042069e-03
5.500000000000000000e+00 8.224305628857613015e-03
5.500000000000000000e+00 8.181080527253900558e-02
5.500000000000000000e+00 8.181083021280181888e-02
5.500000000000000000e+00 9.545282313566728627e-01
5.500000000000000000e+00 9.545282446619213212e-01
5.500000000000000000e+00 9.952505730729120925e-01
5.500000000000000000e+00 9.952505741836932263e-01
5.500000000000000000e+00 9.963994450208513154e-01
5.500000000000000000e+00 9.963994455860046839e-01
5.500000000000000000e+00 9.999692353232123576e-01
5.500000000000000000e+00 9.999692355174504277e-01
5.500000000000000000e+00 9.999694091932072038e-01
5.500000000000000000e+00 9.999694093885448387e-01
6.500000000000000000e+00 4.137055679971283323e-04
6.500000000000000000e+00 4.137061819093325538e-04
6.500000000000000000e+00 4.515951883962217479e-04
6.500000000000000000e+00 4.515958729746891208e-04
6.500000000000000000e+00 2.062388080500347776e-02
6.500000000000000000e+00 2.062388121663252458e-02
6.500000000000000000e+00 4.687559646782704648e-02
6.500000000000000000e+00 4.687560215319463985e-02
6.500000000000000000e+00 9.767105712109453997e-01
6.500000000000000000e+00 9.767105739491042105e-01
6.500000000000000000e+00 9.820515253281367762e-01
6.500000000000000000e+00 9.820515279340400472e-01
6.500000000000000000e+00 9.997344677804012036e-01
6.500000000000000000e+00 9.997344680455901855e-01
6.500000000000000000e+00 9.997565209293449717e-01
6.500000000000000000e+00 9.997565211849300804e-01
7.500000000000000000e+00 2.763186738802546425e-03
7.500000000000000000e+00 2.763187584249368785e-03
7.500000000000000000e+00 3.667142179687871324e-03
7.500000000000000000e+00 3.667143395586565987e-03
7.500000000000000000e+00 5.869533138261254224e-02
7.500000000000000000e+00 5.869536108859371021e-02
7.500000000000000000e+00 9.583268797031837538e-01
7.500000000000000000e+00 9.583268998183734899e-01
7.500000000000000000e+00 9.976754708067960831e-01
7.500000000000000000e+00 9.976754778815489777e-01
7.500000000000000000e+00 9.980361823455774495e-01
7.500000000000000000e+00 9.980361886417266071e-01
8.500000000000000000e+00 1.569603260924976387e-02
8.500000000000000000e+00 1.569603458345656538e-02
8.500000000000000000e+00 2.466087524773061951e-02
8.500000000000000000e+00 2.466088048076173558e-02
8.500000000000000000e+00 9.844382466171615054e-01
8.500000000000000000e+00 9.844382529821322780e-01
8.500000000000000000e+00 9.860911834044834290e-01
8.500000000000000000e+00 9.860911850480394980e-01
9.500000000000000000e+00 4.685966043542844073e-02
9.500000000000000000e+00 4.685967381405493210e-02
9.500000000000000000e+00 9.614059038199964657e-01
9.500000000000000000e+00 9.614059149343229249e-01
