-2.000000000000000000e+00 -4.872289893075843814e+00
-2.000000000000000000e+00 -4.872289893075838485e+00
-2.000000000000000000e+00 -4.552306706086620025e+00
-2.000000000000000000e+00 -4.552306706086618249e+00
-2.000000000000000000e+00 -4.272715207688131400e+00
-2.000000000000000000e+00 -4.272715207688129624e+00
-2.000000000000000000e+00 -4.041906171765200284e+00
-2.000000000000000000e+00 -4.041906171765195843e+00
-2.000000000000000000e+00 -3.868620828191072114e+00
-2.000000000000000000e+00 -3.868620828191067229e+00
-2.000000000000000000e+00 -3.760819070214611592e+00
-2.000000000000000000e+00 -3.760819070214606707e+00
-2.000000000000000000e+00 -3.724191778236175754e+00
-2.000000000000000000e+00 9.964945305447230283e-13
-2.000000000000000000e+00 9.973672120594865668e-13
-2.000000000000000000e+00 9.977653054666674472e-13
-2.000000000000000000e+00 9.978269901177235930e-13
-2.000000000000000000e+00 9.984537362447105956e-13
-2.000000000000000000e+00 9.984861884855842255e-13
-2.000000000000000000e+00 9.987191476565471642e-13
-2.000000000000000000e+00 9.991564202214736397e-13
-2.000000000000000000e+00 9.992838053326029169e-13
-2.000000000000000000e+00 9.993565594981338190e-13
-2.000000000000000000e+00 9.995054423565072703e-13
-2.000000000000000000e+00 9.998200374609628672e-13
-2.000000000000000000e+00 9.998999491803136740e-13
-2.000000000000000000e+00 9.999934265533163687e-13
-2.000000000000000000e+00 1.000016658347959954e-12
-2.000000000000000000e+00 1.000048453004867950e-12
-2.000000000000000000e+00 1.000061224928580731e-12
-2.000000000000000000e+00 1.000202192724495337e-12
-2.000000000000000000e+00 1.000328580624828796e-12
-2.000000000000000000e+00 1.000644966579163746e-12
-2.000000000000000000e+00 1.000752971283959612e-12
-2.000000000000000000e+00 1.001028192563318731e-12
-2.000000000000000000e+00 1.001122401867811034e-12
-2.000000000000000000e+00 1.001761184726737292e-12
-2.000000000000000000e+00 1.002436590900271277e-12
-2.000000000000000000e+00 1.003303075419947373e-12
-2.000000000000000000e+00 3.724191778238175488e+00
-2.000000000000000000e+00 3.760819070216608218e+00
-2.000000000000000000e+00 3.760819070216610438e+00
-2.000000000000000000e+00 3.868620828193073180e+00
-2.000000000000000000e+00 3.868620828193074956e+00
-2.000000000000000000e+00 4.041906171767198686e+00
-2.000000000000000000e+00 4.041906171767199574e+00
-2.000000000000000000e+00 4.272715207690127137e+00
-2.000000000000000000e+00 4.272715207690130690e+00
-2.000000000000000000e+00 4.552306706088617538e+00
-2.000000000000000000e+00 4.552306706088621979e+00
-2.000000000000000000e+00 4.872289893077836886e+00
-2.000000000000000000e+00 4.872289893077840439e+00
-1.000000000000000000e+00 -4.041906171765201172e+00
-1.000000000000000000e+00 -4.041906171765199396e+00
-1.000000000000000000e+00 -3.649834660017630128e+00
-1.000000000000000000e+00 -3.649834660017627019e+00
-1.000000000000000000e+00 -3.294524540080763231e+00
-1.000000000000000000e+00 -3.294524540080760122e+00
-1.000000000000000000e+00 -2.989113949072316867e+00
-1.000000000000000000e+00 -2.989113949072315091e+00
-1.000000000000000000e+00 -2.750277042681155137e+00
-1.000000000000000000e+00 -2.750277042681152473e+00
-1.000000000000000000e+00 -2.596450804092999665e+00
-1.000000000000000000e+00 -2.596450804092999221e+00
-1.000000000000000000e+00 -2.543108550626036468e+00
-1.000000000000000000e+00 9.978093549962872168e-13
-1.000000000000000000e+00 9.982219178538882001e-13
-1.000000000000000000e+00 9.983536585382848728e-13
-1.000000000000000000e+00 9.983975894121900370e-13
-1.000000000000000000e+00 9.988130658634163481e-13
-1.000000000000000000e+00 9.989551358896078235e-13
-1.000000000000000000e+00 9.991416427531214081e-13
-1.000000000000000000e+00 9.995073193135480098e-13
-1.000000000000000000e+00 9.995200113643884285e-13
-1.000000000000000000e+00 9.997192076926599897e-13
-1.000000000000000000e+00 9.999380290290626188e-13
-1.000000000000000000e+00 9.999977313217996034e-13
-1.000000000000000000e+00 9.999998319754366738e-13
-1.000000000000000000e+00 1.000004358964330243e-12
-1.000000000000000000e+00 1.000031475597674519e-12
-1.000000000000000000e+00 1.000042858653175846e-12
-1.000000000000000000e+00 1.000080242575007969e-12
-1.000000000000000000e+00 1.000135180319192259e-12
-1.000000000000000000e+00 1.000495830459347050e-12
-1.000000000000000000e+00 1.000678361214473276e-12
-1.000000000000000000e+00 1.000752990888403470e-12
-1.000000000000000000e+00 1.001151892719313886e-12
-1.000000000000000000e+00 1.001444906430775544e-12
-1.000000000000000000e+00 1.001821342125880178e-12
-1.000000000000000000e+00 1.002073253472057147e-12
-1.000000000000000000e+00 1.003563196002903182e-12
-1.000000000000000000e+00 2.543108550628037090e+00
-1.000000000000000000e+00 2.596450804095001175e+00
-1.000000000000000000e+00 2.596450804095001619e+00
-1.000000000000000000e+00 2.750277042683154871e+00
-1.000000000000000000e+00 2.750277042683157980e+00
-1.000000000000000000e+00 2.989113949074317045e+00
-1.000000000000000000e+00 2.989113949074318377e+00
-1.000000000000000000e+00 3.294524540082760300e+00
-1.000000000000000000e+00 3.294524540082760300e+00
-1.000000000000000000e+00 3.649834660019622312e+00
-1.000000000000000000e+00 3.649834660019623200e+00
-1.000000000000000000e+00 4.041906171767200462e+00
-1.000000000000000000e+00 4.041906171767202238e+00
0.000000000000000000e+00 -3.724191778236175310e+00
0.000000000000000000e+00 -3.724191778236174866e+00
0.000000000000000000e+00 -3.294524540080763675e+00
0.000000000000000000e+00 -3.294524540080762343e+00
0.000000000000000000e+00 -2.895943860803036340e+00
0.000000000000000000e+00 -2.895943860803035008e+00
0.000000000000000000e+00 -2.543108550626037356e+00
0.000000000000000000e+00 -2.543108550626034248e+00
0.000000000000000000e+00 -2.257570089992254392e+00
0.000000000000000000e+00 -2.257570089992253060e+00
0.000000000000000000e+00 -2.067403124164203021e+00
0.000000000000000000e+00 -2.067403124164202577e+00
0.000000000000000000e+00 -1.999999999999000355e+00
0.000000000000000000e+00 9.976640544579109117e-13
0.000000000000000000e+00 9.978980453792912513e-13
0.000000000000000000e+00 9.983190093479240368e-13
0.000000000000000000e+00 9.987003772338866582e-13
0.000000000000000000e+00 9.988030281485174721e-13
0.000000000000000000e+00 9.991593868255339785e-13
0.000000000000000000e+00 9.993444120055814488e-13
0.000000000000000000e+00 9.994094111463025129e-13
0.000000000000000000e+00 9.996193312495712165e-13
0.000000000000000000e+00 9.997930409553463333e-13
0.000000000000000000e+00 9.997980128542218257e-13
0.000000000000000000e+00 9.999356411082260357e-13
0.000000000000000000e+00 9.999943812556623985e-13
0.000000000000000000e+00 9.999999899056578846e-13
0.000000000000000000e+00 1.000001427402997640e-12
0.000000000000000000e+00 1.000072131547017230e-12
0.000000000000000000e+00 1.000207454814627756e-12
0.000000000000000000e+00 1.000355969887870222e-12
0.000000000000000000e+00 1.000360780076590418e-12
0.000000000000000000e+00 1.000536632041423398e-12
0.000000000000000000e+00 1.000788619048768742e-12
0.000000000000000000e+00 1.000984074483193236e-12
0.000000000000000000e+00 1.001119717615369237e-12
0.000000000000000000e+00 1.001330148108141631e-12
0.000000000000000000e+00 1.001868635328979131e-12
0.000000000000000000e+00 1.002585225433487415e-12
0.000000000000000000e+00 2.000000000001000089e+00
0.000000000000000000e+00 2.067403124166200090e+00
0.000000000000000000e+00 2.067403124166201422e+00
0.000000000000000000e+00 2.257570089994253681e+00
0.000000000000000000e+00 2.257570089994256346e+00
0.000000000000000000e+00 2.543108550628031761e+00
0.000000000000000000e+00 2.543108550628034870e+00
0.000000000000000000e+00 2.895943860805035630e+00
0.000000000000000000e+00 2.895943860805037406e+00
0.000000000000000000e+00 3.294524540082760744e+00
0.000000000000000000e+00 3.294524540082761188e+00
0.000000000000000000e+00 3.724191778238176376e+00
0.000000000000000000e+00 3.724191778238178152e+00
1.000000000000000000e+00 -4.041906171765198508e+00
1.000000000000000000e+00 -4.041906171765198508e+00
1.000000000000000000e+00 -3.649834660017629240e+00
1.000000000000000000e+00 -3.649834660017622578e+00
1.000000000000000000e+00 -3.294524540080762343e+00
1.000000000000000000e+00 -3.294524540080760122e+00
1.000000000000000000e+00 -2.989113949072318643e+00
1.000000000000000000e+00 -2.989113949072315979e+00
1.000000000000000000e+00 -2.750277042681155582e+00
1.000000000000000000e+00 -2.750277042681153805e+00
1.000000000000000000e+00 -2.596450804093001441e+00
1.000000000000000000e+00 -2.596450804093000553e+00
1.000000000000000000e+00 -2.543108550626036912e+00
1.000000000000000000e+00 9.974469922225306610e-13
1.000000000000000000e+00 9.982979653579412599e-13
1.000000000000000000e+00 9.983129925921090300e-13
1.000000000000000000e+00 9.984868779211040530e-13
1.000000000000000000e+00 9.987617281572858582e-13
1.000000000000000000e+00 9.988160566595692355e-13
1.000000000000000000e+00 9.989747611732092204e-13
1.000000000000000000e+00 9.991508135724381528e-13
1.000000000000000000e+00 9.996021986030058034e-13
1.000000000000000000e+00 9.998133530644057636e-13
1.000000000000000000e+00 9.998450791576922947e-13
1.000000000000000000e+00 9.999448485681271872e-13
1.000000000000000000e+00 9.999994885879897783e-13
1.000000000000000000e+00 9.999998510276952660e-13
1.000000000000000000e+00 1.000018440631151573e-12
1.000000000000000000e+00 1.000025726810296975e-12
1.000000000000000000e+00 1.000037780064870285e-12
1.000000000000000000e+00 1.000220913180103694e-12
1.000000000000000000e+00 1.000467354195859886e-12
1.000000000000000000e+00 1.000697118894541855e-12
1.000000000000000000e+00 1.000857671268416105e-12
1.000000000000000000e+00 1.001018031428976746e-12
1.000000000000000000e+00 1.001412962574585766e-12
1.000000000000000000e+00 1.001415429704510542e-12
1.000000000000000000e+00 1.001998712314212362e-12
1.000000000000000000e+00 1.002442657518540071e-12
1.000000000000000000e+00 2.543108550628035758e+00
1.000000000000000000e+00 2.596450804095000287e+00
1.000000000000000000e+00 2.596450804095001175e+00
1.000000000000000000e+00 2.750277042683153539e+00
1.000000000000000000e+00 2.750277042683154871e+00
1.000000000000000000e+00 2.989113949074317045e+00
1.000000000000000000e+00 2.989113949074319709e+00
1.000000000000000000e+00 3.294524540082760744e+00
1.000000000000000000e+00 3.294524540082761632e+00
1.000000000000000000e+00 3.649834660019628085e+00
1.000000000000000000e+00 3.649834660019631194e+00
1.000000000000000000e+00 4.041906171767199574e+00
1.000000000000000000e+00 4.041906171767200462e+00
2.000000000000000000e+00 -4.872289893075841150e+00
2.000000000000000000e+00 -4.872289893075834044e+00
2.000000000000000000e+00 -4.552306706086620913e+00
2.000000000000000000e+00 -4.552306706086618249e+00
2.000000000000000000e+00 -4.272715207688127848e+00
2.000000000000000000e+00 -4.272715207688127848e+00
2.000000000000000000e+00 -4.041906171765203837e+00
2.000000000000000000e+00 -4.041906171765200284e+00
2.000000000000000000e+00 -3.868620828191075667e+00
2.000000000000000000e+00 -3.868620828191072558e+00
2.000000000000000000e+00 -3.760819070214611592e+00
2.000000000000000000e+00 -3.760819070214611148e+00
2.000000000000000000e+00 -3.724191778236172645e+00
2.000000000000000000e+00 9.959667529275904891e-13
2.000000000000000000e+00 9.968684505429775162e-13
2.000000000000000000e+00 9.973649619312791393e-13
2.000000000000000000e+00 9.980223399086208571e-13
2.000000000000000000e+00 9.981705260968561102e-13
2.000000000000000000e+00 9.985624710106793125e-13
2.000000000000000000e+00 9.987533297114188826e-13
2.000000000000000000e+00 9.989485336986653057e-13
2.000000000000000000e+00 9.991037178248348152e-13
2.000000000000000000e+00 9.993191633748143293e-13
2.000000000000000000e+00 9.993879171057992587e-13
2.000000000000000000e+00 9.995114300190809996e-13
2.000000000000000000e+00 9.998118633396559973e-13
2.000000000000000000e+00 9.998560718198565749e-13
2.000000000000000000e+00 9.998569376627633273e-13
2.000000000000000000e+00 9.998689331880862438e-13
2.000000000000000000e+00 9.999979065083741690e-13
2.000000000000000000e+00 1.000003254203981924e-12
2.000000000000000000e+00 1.000022103637956303e-12
2.000000000000000000e+00 1.000326554173944553e-12
2.000000000000000000e+00 1.000733641024844991e-12
2.000000000000000000e+00 1.001034068645640294e-12
2.000000000000000000e+00 1.001075008594866354e-12
2.000000000000000000e+00 1.001694442320227486e-12
2.000000000000000000e+00 1.002464074244927364e-12
2.000000000000000000e+00 1.003695457251026933e-12
2.000000000000000000e+00 3.724191778238176376e+00
2.000000000000000000e+00 3.760819070216609106e+00
2.000000000000000000e+00 3.760819070216616211e+00
2.000000000000000000e+00 3.868620828193072292e+00
2.000000000000000000e+00 3.868620828193074068e+00
2.000000000000000000e+00 4.041906171767201350e+00
2.000000000000000000e+00 4.041906171767203126e+00
2.000000000000000000e+00 4.272715207690128913e+00
2.000000000000000000e+00 4.272715207690128913e+00
2.000000000000000000e+00 4.552306706088617538e+00
2.000000000000000000e+00 4.552306706088621979e+00
2.000000000000000000e+00 4.872289893077838663e+00
2.000000000000000000e+00 4.872289893077843104e+00
