-2.000000000000000000e+00 -3.767959183395952614e-17
-2.000000000000000000e+00 -1.305023013200782270e-24
-2.000000000000000000e+00 -3.383778925921557267e-33
-2.000000000000000000e+00 -1.861835127565599167e-44
-2.000000000000000000e+00 7.946042946383172486e-48
-2.000000000000000000e+00 2.698035225030923852e-45
-2.000000000000000000e+00 6.651793160916637217e-45
-2.000000000000000000e+00 1.139069977207979289e-33
-2.000000000000000000e+00 6.179203930836504008e-33
-2.000000000000000000e+00 3.422299023268483916e-18
-2.000000000000000000e+00 2.363204388355415753e-17
-2.000000000000000000e+00 3.872907016050050335e-17
-2.000000000000000000e+00 1.403611820764344106e-16
-2.000000000000000000e+00 5.553850642811847633e-09
-2.000000000000000000e+00 6.070965491680855937e-07
-2.000000000000000000e+00 2.938222636757019390e-05
-2.000000000000000000e+00 8.137794115870910583e-04
-2.000000000000000000e+00 1.363241382443162661e-02
-2.000000000000000000e+00 1.250885339058870060e-01
-2.000000000000000000e+00 5.000000000000009992e-01
-2.000000000000000000e+00 8.749114660941136323e-01
-2.000000000000000000e+00 9.863675861755679675e-01
-2.000000000000000000e+00 9.991862205884138870e-01
-2.000000000000000000e+00 9.999706177736314983e-01
-2.000000000000000000e+00 9.999993929034509677e-01
-2.000000000000000000e+00 9.999999944461501755e-01
-1.000000000000000000e+00 -9.772778449879802323e-18
-1.000000000000000000e+00 -4.235858952859461066e-25
-1.000000000000000000e+00 -2.194141319297751176e-32
-1.000000000000000000e+00 -1.271996613145990618e-32
-1.000000000000000000e+00 -1.844885774912565705e-43
-1.000000000000000000e+00 -3.066277094452070406e-47
-1.000000000000000000e+00 1.471996544109365805e-44
-1.000000000000000000e+00 3.097353117391736643e-44
-1.000000000000000000e+00 2.418714725009169620e-33
-1.000000000000000000e+00 3.224803776009207724e-17
-1.000000000000000000e+00 1.429416717222261957e-16
-1.000000000000000000e+00 1.805628913419788313e-16
-1.000000000000000000e+00 2.347931264294654065e-16
-1.000000000000000000e+00 5.867034472444560673e-09
-1.000000000000000000e+00 6.313535324206442905e-07
-1.000000000000000000e+00 3.016588268100616773e-05
-1.000000000000000000e+00 8.269646766299706053e-04
-1.000000000000000000e+00 1.374485002726080589e-02
-1.000000000000000000e+00 1.254285128612465661e-01
-1.000000000000000000e+00 4.999999999999993339e-01
-1.000000000000000000e+00 8.745714871387519906e-01
-1.000000000000000000e+00 9.862551499727388871e-01
-1.000000000000000000e+00 9.991730353233688744e-01
-1.000000000000000000e+00 9.999698341173176575e-01
-1.000000000000000000e+00 9.999993686464663245e-01
-1.000000000000000000e+00 9.999999941329663633e-01
0.000000000000000000e+00 -1.922083191829346334e-16
0.000000000000000000e+00 -1.489061197309809248e-16
0.000000000000000000e+00 -1.905013223067228604e-32
0.000000000000000000e+00 -1.021726935683266002e-32
0.000000000000000000e+00 -3.905680538609994899e-43
0.000000000000000000e+00 -7.237820035932633999e-44
0.000000000000000000e+00 9.752287925406986396e-48
0.000000000000000000e+00 3.883859057547681822e-42
0.000000000000000000e+00 1.841912911972116080e-35
0.000000000000000000e+00 1.053529104909777315e-17
0.000000000000000000e+00 1.185451265168313670e-17
0.000000000000000000e+00 2.334853196229371060e-17
0.000000000000000000e+00 1.498120608777520314e-16
0.000000000000000000e+00 5.990342848451324637e-09
0.000000000000000000e+00 6.408034000528421695e-07
0.000000000000000000e+00 3.046857430983092053e-05
0.000000000000000000e+00 8.320236777947605158e-04
0.000000000000000000e+00 1.378777576393275597e-02
0.000000000000000000e+00 1.255578824639735913e-01
0.000000000000000000e+00 5.000000000000000000e-01
0.000000000000000000e+00 8.744421175360257426e-01
0.000000000000000000e+00 9.862122242360673585e-01
0.000000000000000000e+00 9.991679763222048871e-01
0.000000000000000000e+00 9.999695314256903389e-01
0.000000000000000000e+00 9.999993591966004347e-01
0.000000000000000000e+00 9.999999940096567785e-01
1.000000000000000000e+00 -1.768741269487122714e-16
1.000000000000000000e+00 -9.228921581347050353e-17
1.000000000000000000e+00 -3.008036462365744611e-17
1.000000000000000000e+00 -4.678055918218840685e-19
1.000000000000000000e+00 -5.450672968693743372e-25
1.000000000000000000e+00 -4.817000987868388078e-33
1.000000000000000000e+00 3.103577076162017369e-46
1.000000000000000000e+00 7.534463880897825780e-45
1.000000000000000000e+00 7.944558729264551375e-44
1.000000000000000000e+00 1.238663629473557449e-42
1.000000000000000000e+00 3.035342597723992509e-34
1.000000000000000000e+00 4.565680100932146360e-33
1.000000000000000000e+00 8.251354650399565802e-17
1.000000000000000000e+00 5.867034081772656461e-09
1.000000000000000000e+00 6.313535325939816422e-07
1.000000000000000000e+00 3.016588268061144360e-05
1.000000000000000000e+00 8.269646766302772177e-04
1.000000000000000000e+00 1.374485002726120834e-02
1.000000000000000000e+00 1.254285128612473155e-01
1.000000000000000000e+00 4.999999999999999445e-01
1.000000000000000000e+00 8.745714871387526568e-01
1.000000000000000000e+00 9.862551499727381099e-01
1.000000000000000000e+00 9.991730353233727602e-01
1.000000000000000000e+00 9.999698341173202110e-01
1.000000000000000000e+00 9.999993686464684339e-01
1.000000000000000000e+00 9.999999941329663633e-01
2.000000000000000000e+00 -1.591840669338336778e-16
2.000000000000000000e+00 -8.924114357572944663e-17
2.000000000000000000e+00 -5.719200547817986553e-17
2.000000000000000000e+00 -2.857324065887997682e-17
2.000000000000000000e+00 -7.561782946363621457e-33
2.000000000000000000e+00 1.988146746123612812e-37
2.000000000000000000e+00 8.226851105153548279e-36
2.000000000000000000e+00 2.076440962307244666e-34
2.000000000000000000e+00 4.578082264970068739e-33
2.000000000000000000e+00 7.946970046108752825e-21
2.000000000000000000e+00 2.522268072667403977e-18
2.000000000000000000e+00 8.502824383375094036e-17
2.000000000000000000e+00 1.381617253507583938e-16
2.000000000000000000e+00 5.553850914581316586e-09
2.000000000000000000e+00 6.070965492874870637e-07
2.000000000000000000e+00 2.938222636660621620e-05
2.000000000000000000e+00 8.137794115866334166e-04
2.000000000000000000e+00 1.363241382443231356e-02
2.000000000000000000e+00 1.250885339058878110e-01
2.000000000000000000e+00 4.999999999999998335e-01
2.000000000000000000e+00 8.749114660941130772e-01
2.000000000000000000e+00 9.863675861755683005e-01
2.000000000000000000e+00 9.991862205884139980e-01
2.000000000000000000e+00 9.999706177736341628e-01
2.000000000000000000e+00 9.999993929034525220e-01
2.000000000000000000e+00 9.999999944461487322e-01
