-9.500000000000000000e+00 7.347042140456225452e-03
-9.500000000000000000e+00 8.491614786461298622e-03
-9.500000000000000000e+00 9.889915417937920061e-01
-9.500000000000000000e+00 9.904720962299276010e-01
-8.500000000000000000e+00 2.783140566026820386e-03
-8.500000000000000000e+00 2.851347584729829396e-03
-8.500000000000000000e+00 3.175680006563923186e-03
-8.500000000000000000e+00 3.433071981351097819e-03
-8.500000000000000000e+00 9.936578615012970905e-01
-8.500000000000000000e+00 9.947106510249679179e-01
-8.500000000000000000e+00 9.963210624784819558e-01
-8.500000000000000000e+00 9.967873733283509896e-01
-7.500000000000000000e+00 3.854258681912956061e-04
-7.500000000000000000e+00 4.198834119485584000e-04
-7.500000000000000000e+00 4.425577085751889188e-04
-7.500000000000000000e+00 5.227424720628439780e-04
-7.500000000000000000e+00 7.715277172336571648e-03
-7.500000000000000000e+00 9.176247447304573812e-03
-7.500000000000000000e+00 9.853278404761091069e-01
-7.500000000000000000e+00 9.878015216703975865e-01
-7.500000000000000000e+00 9.990624938615725315e-01
-7.500000000000000000e+00 9.992237731044663063e-01
-7.500000000000000000e+00 9.993183229319272387e-01
-7.500000000000000000e+00 9.994168997023874512e-01
-6.500000000000000000e+00 4.559749123312142465e-05
-6.500000000000000000e+00 4.589735541398179874e-05
-6.500000000000000000e+00 5.329604926934706501e-05
-6.500000000000000000e+00 5.906518316470319005e-05
-6.500000000000000000e+00 3.615626585342000387e-03
-6.500000000000000000e+00 3.982235951233386965e-03
-6.500000000000000000e+00 4.105837975842804334e-03
-6.500000000000000000e+00 5.171476309103169647e-03
-6.500000000000000000e+00 9.867173483294794378e-01
-6.500000000000000000e+00 9.897457562737072001e-01
-6.500000000000000000e+00 9.951566416563498718e-01
-6.500000000000000000e+00 9.957855009489501308e-01
-6.500000000000000000e+00 9.998844693534714168e-01
-6.500000000000000000e+00 9.998949366225420299e-01
-6.500000000000000000e+00 9.999058784662231414e-01
-6.500000000000000000e+00 9.999132801592254260e-01
-5.500000000000000000e+00 4.745590547828825601e-06
-5.500000000000000000e+00 5.561142462027425316e-06
-5.500000000000000000e+00 6.436042244197979776e-06
-5.500000000000000000e+00 6.581202040043432856e-06
-5.500000000000000000e+00 7.267899020688151903e-04
-5.500000000000000000e+00 7.854440502504857896e-04
-5.500000000000000000e+00 8.117183089524073955e-04
-5.500000000000000000e+00 1.086343864895484472e-03
-5.500000000000000000e+00 8.027585305052495693e-03
-5.500000000000000000e+00 1.010866714721195270e-02
-5.500000000000000000e+00 9.767109519784640259e-01
-5.500000000000000000e+00 9.825115720841262057e-01
-5.500000000000000000e+00 9.978691867690818729e-01
-5.500000000000000000e+00 9.982836523937440587e-01
-5.500000000000000000e+00 9.986014913952020455e-01
-5.500000000000000000e+00 9.988263457762137643e-01
-5.500000000000000000e+00 9.999848397428183766e-01
-5.500000000000000000e+00 9.999850983059467291e-01
-5.500000000000000000e+00 9.999879582935299327e-01
-5.500000000000000000e+00 9.999881132156343000e-01
-4.500000000000000000e+00 4.807701125650650154e-07
-4.500000000000000000e+00 7.381234654412708838e-07
-4.500000000000000000e+00 7.842829706155851181e-07
-4.500000000000000000e+00 7.902959477898522853e-07
-4.500000000000000000e+00 9.923661633099299293e-05
-4.500000000000000000e+00 1.250551668662867942e-04
-4.500000000000000000e+00 1.327873157183512981e-04
-4.500000000000000000e+00 1.553185748386277541e-04
-4.500000000000000000e+00 4.162397658511686992e-03
-4.500000000000000000e+00 4.610733956734397107e-03
-4.500000000000000000e+00 4.649817387936000697e-03
-4.500000000000000000e+00 6.960048629572625732e-03
-4.500000000000000000e+00 9.705162670183515861e-01
-4.500000000000000000e+00 9.806527365066239899e-01
-4.500000000000000000e+00 9.942441907230072928e-01
-4.500000000000000000e+00 9.950349868881634974e-01
-4.500000000000000000e+00 9.996535018312561194e-01
-4.500000000000000000e+00 9.996727942245446918e-01
-4.500000000000000000e+00 9.997284775574537541e-01
-4.500000000000000000e+00 9.997433295530437913e-01
-4.500000000000000000e+00 9.999978229786093964e-01
-4.500000000000000000e+00 9.999978717187077981e-01
-4.500000000000000000e+00 9.999983383812727222e-01
-4.500000000000000000e+00 9.999983489234947065e-01
-3.500000000000000000e+00 3.482586571178172091e-08
-3.500000000000000000e+00 9.970859569015039799e-08
-3.500000000000000000e+00 1.001987719010319454e-07
-3.500000000000000000e+00 1.419935506682238186e-07
-3.500000000000000000e+00 9.590629929446873155e-06
-3.500000000000000000e+00 2.046213123916315428e-05
-3.500000000000000000e+00 2.078808212688947843e-05
-3.500000000000000000e+00 2.433490383965598275e-05
-3.500000000000000000e+00 9.717611693955445972e-04
-3.500000000000000000e+00 1.140756868711424992e-03
-3.500000000000000000e+00 1.146712085281432342e-03
-3.500000000000000000e+00 1.686984072971904440e-03
-3.500000000000000000e+00 7.935269748104946050e-03
-3.500000000000000000e+00 1.128410979689514065e-02
-3.500000000000000000e+00 9.489182075994914145e-01
-3.500000000000000000e+00 9.701474632617056448e-01
-3.500000000000000000e+00 9.966031529952474877e-01
-3.500000000000000000e+00 9.972941111401311121e-01
-3.500000000000000000e+00 9.975588404651372088e-01
-3.500000000000000000e+00 9.980520978914587671e-01
-3.500000000000000000e+00 9.999365791558667560e-01
-3.500000000000000000e+00 9.999418509549936607e-01
-3.500000000000000000e+00 9.999537358312116098e-01
-3.500000000000000000e+00 9.999557101821379135e-01
-3.500000000000000000e+00 9.999996694668443764e-01
-3.500000000000000000e+00 9.999996698938538042e-01
-3.500000000000000000e+00 9.999997512537220912e-01
-3.500000000000000000e+00 9.999997604107770943e-01
-2.500000000000000000e+00 4.609711899169744223e-10
-2.500000000000000000e+00 1.302510674624326424e-08
-2.500000000000000000e+00 1.305702890372671501e-08
-2.500000000000000000e+00 8.590723976463748279e-08
-2.500000000000000000e+00 5.712384461843870548e-07
-2.500000000000000000e+00 2.857702193174842834e-06
-2.500000000000000000e+00 2.920515919478444517e-06
-2.500000000000000000e+00 9.635045198819101956e-06
-2.500000000000000000e+00 1.056802271276093274e-04
-2.500000000000000000e+00 2.272575033740824573e-04
-2.500000000000000000e+00 2.719330381477838413e-04
-2.500000000000000000e+00 3.715454432753546627e-04
-2.500000000000000000e+00 4.271626920973848988e-03
-2.500000000000000000e+00 4.834132011013732994e-03
-2.500000000000000000e+00 5.012775649613094783e-03
-2.500000000000000000e+00 8.683009934138582672e-03
-2.500000000000000000e+00 9.131429571990679062e-01
-2.500000000000000000e+00 9.608078927095542454e-01
-2.500000000000000000e+00 9.930274652138512126e-01
-2.500000000000000000e+00 9.941823068046655720e-01
-2.500000000000000000e+00 9.991884397872115020e-01
-2.500000000000000000e+00 9.992796263390606448e-01
-2.500000000000000000e+00 9.994347478218319480e-01
-2.500000000000000000e+00 9.994551184215970663e-01
-2.500000000000000000e+00 9.999889361123651677e-01
-2.500000000000000000e+00 9.999893300920336126e-01
-2.500000000000000000e+00 9.999920674458743219e-01
-2.500000000000000000e+00 9.999926256125227786e-01
-2.500000000000000000e+00 9.999999459554635983e-01
-2.500000000000000000e+00 9.999999461285113966e-01
-2.500000000000000000e+00 9.999999594591936214e-01
-2.500000000000000000e+00 9.999999645216004485e-01
-1.500000000000000000e+00 4.716354601272641225e-13
-1.500000000000000000e+00 1.635996734581450714e-09
-1.500000000000000000e+00 1.636207764430864117e-09
-1.500000000000000000e+00 3.852079079308658735e-08
-1.500000000000000000e+00 4.608176895884406318e-08
-1.500000000000000000e+00 3.786178372586565720e-07
-1.500000000000000000e+00 3.811532064270475204e-07
-1.500000000000000000e+00 6.058206419801852597e-06
-1.500000000000000000e+00 9.521985580488065732e-06
-1.500000000000000000e+00 3.821187139308192916e-05
-1.500000000000000000e+00 3.829591576420982995e-05
-1.500000000000000000e+00 2.708735151467896803e-04
-1.500000000000000000e+00 8.434990452607469148e-04
-1.500000000000000000e+00 1.374810247648200305e-03
-1.500000000000000000e+00 2.132119712252341769e-03
-1.500000000000000000e+00 3.115229746470090343e-03
-1.500000000000000000e+00 7.140395152193985615e-03
-1.500000000000000000e+00 1.188525538875425183e-02
-1.500000000000000000e+00 8.253878882792361482e-01
-1.500000000000000000e+00 9.438675609283698753e-01
-1.500000000000000000e+00 9.954482379428700733e-01
-1.500000000000000000e+00 9.955358458193804827e-01
-1.500000000000000000e+00 9.964327726540785912e-01
-1.500000000000000000e+00 9.969081760691603789e-01
-1.500000000000000000e+00 9.998189966314257049e-01
-1.500000000000000000e+00 9.998471214368525040e-01
-1.500000000000000000e+00 9.998859064417374709e-01
-1.500000000000000000e+00 9.998921724967494429e-01
-1.500000000000000000e+00 9.999980512977811875e-01
-1.500000000000000000e+00 9.999980755500881280e-01
-1.500000000000000000e+00 9.999984404362806112e-01
-1.500000000000000000e+00 9.999989709679208971e-01
-1.500000000000000000e+00 9.999999909688153110e-01
-1.500000000000000000e+00 9.999999909786544405e-01
-1.500000000000000000e+00 9.999999916890096596e-01
-1.500000000000000000e+00 9.999999957982957932e-01
-5.000000000000000000e-01 -2.440169916280964156e-16
-5.000000000000000000e-01 1.653041355115402293e-10
-5.000000000000000000e-01 1.659851939706857965e-10
-5.000000000000000000e-01 5.510819746714595900e-09
-5.000000000000000000e-01 8.265083712232552144e-09
-5.000000000000000000e-01 4.035712902345514973e-08
-5.000000000000000000e-01 4.047493708208141663e-08
-5.000000000000000000e-01 1.207467873315456363e-06
-5.000000000000000000e-01 1.539525638042449137e-06
-5.000000000000000000e-01 4.672192789657554135e-06
-5.000000000000000000e-01 4.812867536700916467e-06
-5.000000000000000000e-01 1.077136300213515257e-04
-5.000000000000000000e-01 1.197439764959396050e-04
-5.000000000000000000e-01 2.698236169134995413e-04
-5.000000000000000000e-01 3.251686176062415132e-04
-5.000000000000000000e-01 3.098666448550230733e-03
-5.000000000000000000e-01 3.641681094055402700e-03
-5.000000000000000000e-01 5.086568839544089275e-03
-5.000000000000000000e-01 8.282662339782845620e-03
-5.000000000000000000e-01 1.477377145877565787e-02
-5.000000000000000000e-01 6.410123759669150711e-01
-5.000000000000000000e-01 9.395550253710202027e-01
-5.000000000000000000e-01 9.905471197533436412e-01
-5.000000000000000000e-01 9.931954445596729020e-01
-5.000000000000000000e-01 9.982734810106956846e-01
-5.000000000000000000e-01 9.987991234710192900e-01
-5.000000000000000000e-01 9.990874540017290473e-01
-5.000000000000000000e-01 9.990888553543653128e-01
-5.000000000000000000e-01 9.999681083257517811e-01
-5.000000000000000000e-01 9.999685339477987212e-01
-5.000000000000000000e-01 9.999705861701647658e-01
-5.000000000000000000e-01 9.999867541763890477e-01
-5.000000000000000000e-01 9.999993406631783044e-01
-5.000000000000000000e-01 9.999996792424978853e-01
-5.000000000000000000e-01 9.999996816781967501e-01
-5.000000000000000000e-01 9.999999268849451006e-01
-5.000000000000000000e-01 9.999999919696750394e-01
-5.000000000000000000e-01 9.999999985889399534e-01
-5.000000000000000000e-01 9.999999985936057767e-01
-5.000000000000000000e-01 9.999999999452989785e-01
5.000000000000000000e-01 5.467127283173805572e-11
5.000000000000000000e-01 1.405732415700866792e-09
5.000000000000000000e-01 1.411722564215002199e-09
5.000000000000000000e-01 8.035188688483570726e-09
5.000000000000000000e-01 7.311334574428359747e-08
5.000000000000000000e-01 3.184287439024617969e-07
5.000000000000000000e-01 3.206513741494946553e-07
5.000000000000000000e-01 6.593013852028638903e-07
5.000000000000000000e-01 1.324566231007905692e-05
5.000000000000000000e-01 2.941488503676263684e-05
5.000000000000000000e-01 3.146546017715790597e-05
5.000000000000000000e-01 3.189221505737882539e-05
5.000000000000000000e-01 9.111482849812698901e-04
5.000000000000000000e-01 9.125433553867368921e-04
5.000000000000000000e-01 1.200878155979533384e-03
5.000000000000000000e-01 1.726518327354265893e-03
5.000000000000000000e-01 6.804554195399105734e-03
5.000000000000000000e-01 9.452876045215051135e-03
5.000000000000000000e-01 6.044494282206449437e-02
5.000000000000000000e-01 3.589868748471032323e-01
5.000000000000000000e-01 9.852263454140001153e-01
5.000000000000000000e-01 9.917173739989569858e-01
5.000000000000000000e-01 9.949134306497890989e-01
5.000000000000000000e-01 9.963583190693897640e-01
5.000000000000000000e-01 9.969013429524667957e-01
5.000000000000000000e-01 9.996748359542142470e-01
5.000000000000000000e-01 9.997301720376715606e-01
5.000000000000000000e-01 9.998802564798193737e-01
5.000000000000000000e-01 9.998922861698723574e-01
5.000000000000000000e-01 9.999951867063403554e-01
5.000000000000000000e-01 9.999953282272844302e-01
5.000000000000000000e-01 9.999984604336719096e-01
5.000000000000000000e-01 9.999987925668922806e-01
5.000000000000000000e-01 9.999999595599741165e-01
5.000000000000000000e-01 9.999999596078095188e-01
5.000000000000000000e-01 9.999999917457842447e-01
5.000000000000000000e-01 9.999999944819210063e-01
5.000000000000000000e-01 9.999999998323009232e-01
5.000000000000000000e-01 9.999999998363823250e-01
5.000000000000000000e-01 9.999999999999996669e-01
1.500000000000000000e+00 4.204000368050302781e-09
1.500000000000000000e+00 8.306413821033174351e-09
1.500000000000000000e+00 9.025694281963364183e-09
1.500000000000000000e+00 9.026820585124140453e-09
1.500000000000000000e+00 1.028932612206197189e-06
1.500000000000000000e+00 1.559724740545119100e-06
1.500000000000000000e+00 1.924430546279332623e-06
1.500000000000000000e+00 1.948722371697772210e-06
1.500000000000000000e+00 1.078272164767693947e-04
1.500000000000000000e+00 1.140939833965304469e-04
1.500000000000000000e+00 1.528801545486877444e-04
1.500000000000000000e+00 1.810013346105176222e-04
1.500000000000000000e+00 3.091827647795217758e-03
1.500000000000000000e+00 3.567225165709209198e-03
1.500000000000000000e+00 4.464158157631424595e-03
1.500000000000000000e+00 4.551765617489395704e-03
1.500000000000000000e+00 5.613244754180397172e-02
1.500000000000000000e+00 1.746122058306842639e-01
1.500000000000000000e+00 9.881147445813113217e-01
1.500000000000000000e+00 9.928596079554934395e-01
1.500000000000000000e+00 9.968847797227908814e-01
1.500000000000000000e+00 9.978678695369682661e-01
1.500000000000000000e+00 9.986251956089720050e-01
1.500000000000000000e+00 9.991565012733727436e-01
1.500000000000000000e+00 9.997291247017618954e-01
1.500000000000000000e+00 9.999617030244060123e-01
1.500000000000000000e+00 9.999617891341131548e-01
1.500000000000000000e+00 9.999904778903815350e-01
1.500000000000000000e+00 9.999939418452614692e-01
1.500000000000000000e+00 9.999996187348114685e-01
1.500000000000000000e+00 9.999996214934718797e-01
1.500000000000000000e+00 9.999999539184298847e-01
1.500000000000000000e+00 9.999999614780124002e-01
1.500000000000000000e+00 9.999999983607786858e-01
1.500000000000000000e+00 9.999999983670078141e-01
1.500000000000000000e+00 9.999999999995278221e-01
2.500000000000000000e+00 3.547874889832651167e-08
2.500000000000000000e+00 4.054034110224590017e-08
2.500000000000000000e+00 5.385043093940816403e-08
2.500000000000000000e+00 5.406570781079936438e-08
2.500000000000000000e+00 7.374038443863913305e-06
2.500000000000000000e+00 7.932937179906602418e-06
2.500000000000000000e+00 1.066972989554446708e-05
2.500000000000000000e+00 1.106407046871652603e-05
2.500000000000000000e+00 5.448798023358407362e-04
2.500000000000000000e+00 5.652537558864529754e-04
2.500000000000000000e+00 7.203765131038841448e-04
2.500000000000000000e+00 8.115572954995785510e-04
2.500000000000000000e+00 5.817687211473884616e-03
2.500000000000000000e+00 6.972536763003092664e-03
2.500000000000000000e+00 3.919214026975408743e-02
2.500000000000000000e+00 8.685704028723303938e-02
2.500000000000000000e+00 9.913169861122888005e-01
2.500000000000000000e+00 9.949872294050002841e-01
2.500000000000000000e+00 9.951658587488783070e-01
2.500000000000000000e+00 9.957283803190793980e-01
2.500000000000000000e+00 9.996284548702679684e-01
2.500000000000000000e+00 9.997280677306755736e-01
2.500000000000000000e+00 9.997727415194199718e-01
2.500000000000000000e+00 9.998943193646198102e-01
2.500000000000000000e+00 9.999903658574247345e-01
2.500000000000000000e+00 9.999970793563003335e-01
2.500000000000000000e+00 9.999971424239872952e-01
2.500000000000000000e+00 9.999994287293552109e-01
2.500000000000000000e+00 9.999999140783331075e-01
2.500000000000000000e+00 9.999999869507835148e-01
2.500000000000000000e+00 9.999999869670879171e-01
2.500000000000000000e+00 9.999999995390911334e-01
3.500000000000000000e+00 2.395681461219023531e-07
3.500000000000000000e+00 2.487682440738092926e-07
3.500000000000000000e+00 3.300695694076347268e-07
3.500000000000000000e+00 3.305699703019066019e-07
3.500000000000000000e+00 4.428950458949033094e-05
3.500000000000000000e+00 4.626446962792217900e-05
3.500000000000000000e+00 5.815037085853104281e-05
3.500000000000000000e+00 6.341947825414598610e-05
3.500000000000000000e+00 1.947900651899070988e-03
3.500000000000000000e+00 2.441154112302274751e-03
3.500000000000000000e+00 2.705891727404813232e-03
3.500000000000000000e+00 3.396851153823367882e-03
3.500000000000000000e+00 2.985250287251867141e-02
3.500000000000000000e+00 5.108194050250618179e-02
3.500000000000000000e+00 9.887158926632910738e-01
3.500000000000000000e+00 9.920647313274579826e-01
3.500000000000000000e+00 9.983130180898517336e-01
3.500000000000000000e+00 9.988532875688515000e-01
3.500000000000000000e+00 9.988592403970232292e-01
3.500000000000000000e+00 9.990282395946362692e-01
3.500000000000000000e+00 9.999756649456674751e-01
3.500000000000000000e+00 9.999792122423458718e-01
3.500000000000000000e+00 9.999795374968447614e-01
3.500000000000000000e+00 9.999904093629918833e-01
3.500000000000000000e+00 9.999998580074557220e-01
3.500000000000000000e+00 9.999998997416960078e-01
3.500000000000000000e+00 9.999999003505695150e-01
3.500000000000000000e+00 9.999999651741444673e-01
4.500000000000000000e+00 1.651079509691844922e-06
4.500000000000000000e+00 1.661615618063040650e-06
4.500000000000000000e+00 2.128348849859949859e-06
4.500000000000000000e+00 2.176952285945161819e-06
4.500000000000000000e+00 2.566712851561285102e-04
4.500000000000000000e+00 2.715216992507759794e-04
4.500000000000000000e+00 3.272059912528756890e-04
4.500000000000000000e+00 3.464978473110739239e-04
4.500000000000000000e+00 4.965009298181452015e-03
4.500000000000000000e+00 5.755811894594360829e-03
4.500000000000000000e+00 1.934729539789203229e-02
4.500000000000000000e+00 2.948371944611357168e-02
4.500000000000000000e+00 9.930399602197254039e-01
4.500000000000000000e+00 9.953501768786222614e-01
4.500000000000000000e+00 9.953892619412649800e-01
4.500000000000000000e+00 9.958376009825606889e-01
4.500000000000000000e+00 9.998446824321297610e-01
4.500000000000000000e+00 9.998672118724050151e-01
4.500000000000000000e+00 9.998749454719900731e-01
4.500000000000000000e+00 9.999007629522103091e-01
4.500000000000000000e+00 9.999992098335509505e-01
4.500000000000000000e+00 9.999992155883934419e-01
4.500000000000000000e+00 9.999992619015231066e-01
4.500000000000000000e+00 9.999995192131645450e-01
5.500000000000000000e+00 1.188674994628364991e-05
5.500000000000000000e+00 1.204175051194197031e-05
5.500000000000000000e+00 1.490166518091936224e-05
5.500000000000000000e+00 1.516028746804867242e-05
5.500000000000000000e+00 1.173657212809153805e-03
5.500000000000000000e+00 1.398510239910653354e-03
5.500000000000000000e+00 1.716343886086027417e-03
5.500000000000000000e+00 2.130810774335239934e-03
5.500000000000000000e+00 1.748842108063005177e-02
5.500000000000000000e+00 2.328904100326881221e-02
5.500000000000000000e+00 9.898913374104573171e-01
5.500000000000000000e+00 9.919724191530907564e-01
5.500000000000000000e+00 9.989136540513881002e-01
5.500000000000000000e+00 9.991882831011758004e-01
5.500000000000000000e+00 9.992145559098208896e-01
5.500000000000000000e+00 9.992732096405732012e-01
5.500000000000000000e+00 9.999934187878386505e-01
5.500000000000000000e+00 9.999935639673938059e-01
5.500000000000000000e+00 9.999944388352834945e-01
5.500000000000000000e+00 9.999952544254875342e-01
6.500000000000000000e+00 8.672066725965196083e-05
6.500000000000000000e+00 9.412074223050484099e-05
6.500000000000000000e+00 1.050631276335225594e-04
6.500000000000000000e+00 1.155309074959478139e-04
6.500000000000000000e+00 4.214498425788090231e-03
6.500000000000000000e+00 4.843359454858214667e-03
6.500000000000000000e+00 1.025424768505442223e-02
6.500000000000000000e+00 1.328265431805104001e-02
6.500000000000000000e+00 9.948285245277473932e-01
6.500000000000000000e+00 9.958941594580421608e-01
6.500000000000000000e+00 9.960177616442185133e-01
6.500000000000000000e+00 9.963843740766085144e-01
6.500000000000000000e+00 9.999409347988450492e-01
6.500000000000000000e+00 9.999467039750308262e-01
6.500000000000000000e+00 9.999541026710851988e-01
6.500000000000000000e+00 9.999544024396114228e-01
7.500000000000000000e+00 5.830988489206647687e-04
7.500000000000000000e+00 6.816761814497764114e-04
7.500000000000000000e+00 7.762290498341240484e-04
7.500000000000000000e+00 9.375080201187648184e-04
7.500000000000000000e+00 1.219847447305430661e-02
7.500000000000000000e+00 1.467215370235289487e-02
7.500000000000000000e+00 9.908237559867678623e-01
7.500000000000000000e+00 9.922847255271752820e-01
7.500000000000000000e+00 9.994772561345816042e-01
7.500000000000000000e+00 9.995574431692351158e-01
7.500000000000000000e+00 9.995801171269749208e-01
7.500000000000000000e+00 9.996145735122086151e-01
8.500000000000000000e+00 3.212624509848762463e-03
8.500000000000000000e+00 3.678939662274317412e-03
8.500000000000000000e+00 5.289357007685617507e-03
8.500000000000000000e+00 6.342136134153907555e-03
8.500000000000000000e+00 9.965669253793431048e-01
8.500000000000000000e+00 9.968243217743861795e-01
8.500000000000000000e+00 9.971486499711359475e-01
8.500000000000000000e+00 9.972168594561743316e-01
9.500000000000000000e+00 9.527909315566285980e-03
9.500000000000000000e+00 1.100846345370724844e-02
9.500000000000000000e+00 9.915083811554640247e-01
9.500000000000000000e+00 9.926529535739534449e-01
